"unitid","institution name","year","C2020_A.First or Second Major","C2020_A.CIP Code -  2020 Classification","CipTitle","C2020_A.Award Level code","C2020_A.Grand total","C2020_A.Grand total men","C2020_A.Grand total women","C2020_A.American Indian or Alaska Native total","C2020_A.American Indian or Alaska Native men","C2020_A.American Indian or Alaska Native women","C2020_A.Asian total","C2020_A.Asian men","C2020_A.Asian women","C2020_A.Black or African American total","C2020_A.Black or African American men","C2020_A.Black or African American women","C2020_A.Hispanic or Latino total","C2020_A.Hispanic or Latino men","C2020_A.Hispanic or Latino women","C2020_A.Native Hawaiian or Other Pacific Islander total","C2020_A.Native Hawaiian or Other Pacific Islander men","C2020_A.Native Hawaiian or Other Pacific Islander women","C2020_A.White total","C2020_A.White men","C2020_A.White women","C2020_A.Two or more races total","C2020_A.Two or more races men","C2020_A.Two or more races women","C2020_A.Race/ethnicity unknown total","C2020_A.Race/ethnicity unknown men","C2020_A.Race/ethnicity unknown women","C2020_A.Nonresident alien total","C2020_A.Nonresident alien men","C2020_A.Nonresident alien women","IDX_C"
"100654","Alabama A & M University","2020","First major","'99'","Grand total","Bachelor's degree","585","210","375","0","0","0","3","1","2","524","186","338","6","3","3","2","1","1","12","5","7","5","2","3","25","8","17","8","4","4","-2"
"100654","Alabama A & M University","2020","First major","'99'","Grand total","Master's degree","300","78","222","0","0","0","1","0","1","226","63","163","3","0","3","0","0","0","27","4","23","2","1","1","31","6","25","10","4","6","-2"
"100654","Alabama A & M University","2020","First major","'99'","Grand total","Doctor's degree - research/scholarship","11","6","5","0","0","0","1","1","0","7","4","3","0","0","0","0","0","0","2","0","2","0","0","0","0","0","0","1","1","0","-2"
"100663","University of Alabama at Birmingham","2020","First major","'99'","Grand total","Bachelor's degree","2680","974","1706","9","3","6","198","77","121","587","151","436","129","40","89","0","0","0","1587","631","956","107","41","66","12","6","6","51","25","26","-2"
"100663","University of Alabama at Birmingham","2020","First major","'99'","Grand total","Master's degree","2332","788","1544","1","0","1","95","40","55","375","93","282","61","18","43","3","2","1","1469","470","999","44","12","32","55","19","36","229","134","95","-2"
"100663","University of Alabama at Birmingham","2020","First major","'99'","Grand total","Doctor's degree - research/scholarship","151","65","86","0","0","0","5","1","4","16","1","15","7","5","2","0","0","0","79","38","41","6","1","5","0","0","0","38","19","19","-2"
"100663","University of Alabama at Birmingham","2020","First major","'99'","Grand total","Doctor's degree - professional practice","461","185","276","1","0","1","52","15","37","27","3","24","10","6","4","0","0","0","346","151","195","14","7","7","9","2","7","2","1","1","-2"
"100663","University of Alabama at Birmingham","2020","First major","'99'","Grand total","Doctor's degree - other","6","3","3","0","0","0","1","0","1","0","0","0","0","0","0","0","0","0","5","3","2","0","0","0","0","0","0","0","0","0","-2"
"100663","University of Alabama at Birmingham","2020","Second major","'99'","Grand total","Bachelor's degree","45","20","25","0","0","0","4","2","2","5","2","3","3","2","1","0","0","0","31","13","18","2","1","1","0","0","0","0","0","0","-2"
"100690","Amridge University","2020","First major","'99'","Grand total","Associate's degree","40","9","31","0","0","0","0","0","0","32","8","24","0","0","0","0","0","0","8","1","7","0","0","0","0","0","0","0","0","0","-2"
"100690","Amridge University","2020","First major","'99'","Grand total","Bachelor's degree","27","12","15","0","0","0","1","1","0","11","2","9","1","1","0","0","0","0","12","6","6","0","0","0","2","2","0","0","0","0","-2"
"100690","Amridge University","2020","First major","'99'","Grand total","Master's degree","58","22","36","0","0","0","0","0","0","35","8","27","0","0","0","2","1","1","19","12","7","0","0","0","2","1","1","0","0","0","-2"
"100690","Amridge University","2020","First major","'99'","Grand total","Doctor's degree - research/scholarship","4","3","1","0","0","0","0","0","0","1","0","1","0","0","0","0","0","0","3","3","0","0","0","0","0","0","0","0","0","0","-2"
"100706","University of Alabama in Huntsville","2020","First major","'99'","Grand total","Bachelor's degree","1470","746","724","23","15","8","60","29","31","99","37","62","68","36","32","2","1","1","1101","566","535","33","11","22","48","25","23","36","26","10","-2"
"100706","University of Alabama in Huntsville","2020","First major","'99'","Grand total","Master's degree","647","312","335","7","2","5","20","9","11","49","12","37","21","11","10","0","0","0","436","205","231","5","3","2","33","19","14","76","51","25","-2"
"100706","University of Alabama in Huntsville","2020","First major","'99'","Grand total","Doctor's degree - research/scholarship","50","33","17","0","0","0","3","2","1","2","1","1","0","0","0","0","0","0","26","21","5","0","0","0","0","0","0","19","9","10","-2"
"100706","University of Alabama in Huntsville","2020","First major","'99'","Grand total","Doctor's degree - professional practice","41","7","34","0","0","0","1","1","0","9","2","7","1","0","1","0","0","0","21","3","18","0","0","0","8","1","7","1","0","1","-2"
"100706","University of Alabama in Huntsville","2020","Second major","'99'","Grand total","Bachelor's degree","59","34","25","0","0","0","2","2","0","5","1","4","4","2","2","0","0","0","43","26","17","1","0","1","1","0","1","3","3","0","-2"
"100724","Alabama State University","2020","First major","'99'","Grand total","Bachelor's degree","561","200","361","2","0","2","4","2","2","514","186","328","5","2","3","0","0","0","11","1","10","7","2","5","7","2","5","11","5","6","-2"
"100724","Alabama State University","2020","First major","'99'","Grand total","Master's degree","110","31","79","1","0","1","0","0","0","77","18","59","1","1","0","0","0","0","24","7","17","1","0","1","0","0","0","6","5","1","-2"
"100724","Alabama State University","2020","First major","'99'","Grand total","Doctor's degree - research/scholarship","9","2","7","0","0","0","0","0","0","7","1","6","0","0","0","0","0","0","1","1","0","0","0","0","0","0","0","1","0","1","-2"
"100724","Alabama State University","2020","First major","'99'","Grand total","Doctor's degree - professional practice","31","10","21","0","0","0","1","0","1","14","3","11","0","0","0","0","0","0","14","6","8","1","1","0","0","0","0","1","0","1","-2"
"100751","The University of Alabama","2020","First major","'99'","Grand total","Bachelor's degree","7429","3178","4251","27","12","15","88","46","42","683","222","461","372","140","232","11","3","8","5839","2539","3300","209","59","150","35","22","13","165","135","30","-2"
"100751","The University of Alabama","2020","First major","'99'","Grand total","Master's degree","1831","681","1150","7","3","4","22","7","15","207","49","158","81","29","52","4","2","2","1353","514","839","40","17","23","21","8","13","96","52","44","-2"
"100751","The University of Alabama","2020","First major","'99'","Grand total","Doctor's degree - research/scholarship","193","107","86","1","1","0","2","1","1","17","5","12","8","4","4","1","0","1","96","46","50","5","2","3","0","0","0","63","48","15","-2"
"100751","The University of Alabama","2020","First major","'99'","Grand total","Doctor's degree - professional practice","190","82","108","1","1","0","3","1","2","35","6","29","9","4","5","0","0","0","136","66","70","1","1","0","5","3","2","0","0","0","-2"
"100751","The University of Alabama","2020","Second major","'99'","Grand total","Bachelor's degree","697","348","349","5","3","2","10","6","4","34","11","23","36","13","23","0","0","0","575","299","276","24","9","15","3","2","1","10","5","5","-2"
"100760","Central Alabama Community College","2020","First major","'99'","Grand total","Associate's degree","195","85","110","0","0","0","3","0","3","30","10","20","6","4","2","0","0","0","153","70","83","2","0","2","0","0","0","1","1","0","-2"
"100812","Athens State University","2020","First major","'99'","Grand total","Bachelor's degree","684","202","482","12","5","7","2","2","0","73","19","54","19","5","14","1","0","1","536","162","374","23","3","20","18","6","12","0","0","0","-2"
"100812","Athens State University","2020","First major","'99'","Grand total","Master's degree","48","16","32","2","1","1","1","1","0","17","6","11","1","1","0","0","0","0","26","7","19","1","0","1","0","0","0","0","0","0","-2"
"100812","Athens State University","2020","Second major","'99'","Grand total","Bachelor's degree","5","2","3","1","1","0","0","0","0","0","0","0","0","0","0","0","0","0","4","1","3","0","0","0","0","0","0","0","0","0","-2"
"100830","Auburn University at Montgomery","2020","First major","'99'","Grand total","Bachelor's degree","724","220","504","1","1","0","12","3","9","245","50","195","10","1","9","1","0","1","405","147","258","25","7","18","3","1","2","22","10","12","-2"
"100830","Auburn University at Montgomery","2020","First major","'99'","Grand total","Master's degree","203","77","126","0","0","0","4","2","2","47","14","33","3","0","3","0","0","0","98","35","63","1","0","1","14","7","7","36","19","17","-2"
"100830","Auburn University at Montgomery","2020","First major","'99'","Grand total","Doctor's degree - research/scholarship","0","0","0","0","0","0","0","0","0","0","0","0","0","0","0","0","0","0","0","0","0","0","0","0","0","0","0","0","0","0","-2"
"100830","Auburn University at Montgomery","2020","First major","'99'","Grand total","Doctor's degree - professional practice","0","0","0","0","0","0","0","0","0","0","0","0","0","0","0","0","0","0","0","0","0","0","0","0","0","0","0","0","0","0","-2"
"100830","Auburn University at Montgomery","2020","Second major","'99'","Grand total","Bachelor's degree","14","9","5","0","0","0","1","1","0","3","2","1","0","0","0","0","0","0","10","6","4","0","0","0","0","0","0","0","0","0","-2"
"100858","Auburn University","2020","First major","'99'","Grand total","Bachelor's degree","5549","2794","2755","21","11","10","137","77","60","310","140","170","172","64","108","7","3","4","4500","2265","2235","100","44","56","21","11","10","281","179","102","-2"
"100858","Auburn University","2020","First major","'99'","Grand total","Master's degree","1310","634","676","2","2","0","33","17","16","83","36","47","49","21","28","0","0","0","849","404","445","21","8","13","4","3","1","269","143","126","-2"
"100858","Auburn University","2020","First major","'99'","Grand total","Doctor's degree - research/scholarship","269","156","113","1","1","0","7","2","5","23","7","16","9","4","5","0","0","0","114","61","53","0","0","0","0","0","0","115","81","34","-2"
"100858","Auburn University","2020","First major","'99'","Grand total","Doctor's degree - professional practice","269","63","206","0","0","0","16","3","13","13","3","10","7","3","4","1","0","1","227","52","175","2","1","1","2","1","1","1","0","1","-2"
"100858","Auburn University","2020","First major","'99'","Grand total","Doctor's degree - other","0","0","0","0","0","0","0","0","0","0","0","0","0","0","0","0","0","0","0","0","0","0","0","0","0","0","0","0","0","0","-2"
"100858","Auburn University","2020","Second major","'99'","Grand total","Bachelor's degree","119","52","67","1","1","0","3","2","1","3","1","2","0","0","0","0","0","0","105","45","60","1","0","1","2","0","2","4","3","1","-2"
"100937","Birmingham-Southern College","2020","First major","'99'","Grand total","Bachelor's degree","241","117","124","0","0","0","4","3","1","27","6","21","6","3","3","0","0","0","197","100","97","5","4","1","0","0","0","2","1","1","-2"
"100937","Birmingham-Southern College","2020","Second major","'99'","Grand total","Bachelor's degree","10","4","6","0","0","0","0","0","0","0","0","0","1","0","1","0","0","0","9","4","5","0","0","0","0","0","0","0","0","0","-2"
"101028","Chattahoochee Valley Community College","2020","First major","'99'","Grand total","Associate's degree","242","79","163","2","1","1","3","0","3","88","24","64","13","6","7","0","0","0","124","43","81","8","2","6","4","3","1","0","0","0","-2"
"101116","South University-Montgomery","2020","First major","'99'","Grand total","Associate's degree","32","11","21","0","0","0","0","0","0","10","4","6","0","0","0","0","0","0","22","7","15","0","0","0","0","0","0","0","0","0","-2"
"101116","South University-Montgomery","2020","First major","'99'","Grand total","Bachelor's degree","39","7","32","0","0","0","0","0","0","31","6","25","0","0","0","0","0","0","8","1","7","0","0","0","0","0","0","0","0","0","-2"
"101116","South University-Montgomery","2020","First major","'99'","Grand total","Master's degree","21","6","15","0","0","0","1","1","0","18","3","15","0","0","0","0","0","0","2","2","0","0","0","0","0","0","0","0","0","0","-2"
"101116","South University-Montgomery","2020","First major","'99'","Grand total","Doctor's degree - professional practice","2","2","0","0","0","0","0","0","0","2","2","0","0","0","0","0","0","0","0","0","0","0","0","0","0","0","0","0","0","0","-2"
"101143","Enterprise State Community College","2020","First major","'99'","Grand total","Associate's degree","181","80","101","5","2","3","2","0","2","33","12","21","15","5","10","0","0","0","119","58","61","7","3","4","0","0","0","0","0","0","-2"
"101161","Coastal Alabama Community College","2020","First major","'99'","Grand total","Associate's degree","798","254","544","21","4","17","9","3","6","156","40","116","23","8","15","1","0","1","561","192","369","21","2","19","5","4","1","1","1","0","-2"
"101189","Faulkner University","2020","First major","'99'","Grand total","Associate's degree","18","5","13","0","0","0","0","0","0","10","2","8","0","0","0","0","0","0","8","3","5","0","0","0","0","0","0","0","0","0","-2"
"101189","Faulkner University","2020","First major","'99'","Grand total","Bachelor's degree","441","175","266","3","2","1","1","1","0","203","48","155","5","4","1","3","2","1","205","101","104","6","3","3","2","1","1","13","13","0","-2"
"101189","Faulkner University","2020","First major","'99'","Grand total","Master's degree","330","93","237","1","0","1","2","1","1","140","33","107","8","4","4","0","0","0","171","51","120","2","1","1","6","3","3","0","0","0","-2"
"101189","Faulkner University","2020","First major","'99'","Grand total","Doctor's degree - research/scholarship","7","5","2","0","0","0","0","0","0","0","0","0","0","0","0","0","0","0","7","5","2","0","0","0","0","0","0","0","0","0","-2"
"101189","Faulkner University","2020","First major","'99'","Grand total","Doctor's degree - professional practice","48","23","25","1","1","0","0","0","0","6","3","3","4","0","4","0","0","0","36","19","17","0","0","0","0","0","0","1","0","1","-2"
"101240","Gadsden State Community College","2020","First major","'99'","Grand total","Associate's degree","702","264","438","2","1","1","8","5","3","129","41","88","29","10","19","1","1","0","497","186","311","10","6","4","4","1","3","22","13","9","-2"
"101286","George C Wallace Community College-Dothan","2020","First major","'99'","Grand total","Associate's degree","554","170","384","2","1","1","3","0","3","149","35","114","18","5","13","0","0","0","369","125","244","12","4","8","1","0","1","0","0","0","-2"
"101295","George C Wallace State Community College-Hanceville","2020","First major","'99'","Grand total","Associate's degree","979","302","677","4","1","3","17","7","10","44","10","34","55","16","39","1","0","1","819","255","564","15","4","11","17","7","10","7","2","5","-2"
"101301","George C Wallace State Community College-Selma","2020","First major","'99'","Grand total","Associate's degree","274","59","215","0","0","0","6","4","2","230","44","186","1","0","1","0","0","0","31","9","22","4","1","3","1","0","1","1","1","0","-2"
"101365","Herzing University-Birmingham","2020","First major","'99'","Grand total","Associate's degree","128","17","111","1","0","1","0","0","0","94","7","87","4","1","3","0","0","0","26","8","18","2","1","1","1","0","1","0","0","0","-2"
"101365","Herzing University-Birmingham","2020","First major","'99'","Grand total","Bachelor's degree","12","5","7","0","0","0","0","0","0","6","2","4","0","0","0","0","0","0","5","2","3","0","0","0","1","1","0","0","0","0","-2"
"101365","Herzing University-Birmingham","2020","First major","'99'","Grand total","Master's degree","9","1","8","0","0","0","0","0","0","7","1","6","0","0","0","0","0","0","2","0","2","0","0","0","0","0","0","0","0","0","-2"
"101435","Huntingdon College","2020","First major","'99'","Grand total","Bachelor's degree","233","119","114","3","1","2","2","1","1","50","22","28","12","5","7","0","0","0","153","82","71","8","6","2","5","2","3","0","0","0","-2"
"101435","Huntingdon College","2020","Second major","'99'","Grand total","Bachelor's degree","11","3","8","0","0","0","0","0","0","1","0","1","0","0","0","0","0","0","9","3","6","0","0","0","1","0","1","0","0","0","-2"
"101453","Heritage Christian University","2020","First major","'99'","Grand total","Associate's degree","0","0","0","0","0","0","0","0","0","0","0","0","0","0","0","0","0","0","0","0","0","0","0","0","0","0","0","0","0","0","-2"
"101453","Heritage Christian University","2020","First major","'99'","Grand total","Bachelor's degree","9","9","0","0","0","0","1","1","0","1","1","0","1","1","0","0","0","0","6","6","0","0","0","0","0","0","0","0","0","0","-2"
"101453","Heritage Christian University","2020","First major","'99'","Grand total","Master's degree","10","10","0","1","1","0","0","0","0","1","1","0","0","0","0","0","0","0","8","8","0","0","0","0","0","0","0","0","0","0","-2"
"101462","J. F. Drake State Community and Technical College","2020","First major","'99'","Grand total","Associate's degree","65","28","37","0","0","0","1","0","1","25","8","17","2","0","2","0","0","0","27","17","10","6","2","4","1","0","1","3","1","2","-2"
"101471","J F Ingram State Technical College","2020","First major","'99'","Grand total","Associate's degree","0","0","0","0","0","0","0","0","0","0","0","0","0","0","0","0","0","0","0","0","0","0","0","0","0","0","0","0","0","0","-2"
"101480","Jacksonville State University","2020","First major","'99'","Grand total","Bachelor's degree","1454","532","922","7","2","5","11","3","8","217","63","154","0","0","0","0","0","0","1101","416","685","0","0","0","82","26","56","36","22","14","-2"
"101480","Jacksonville State University","2020","First major","'99'","Grand total","Master's degree","363","130","233","1","0","1","0","0","0","63","15","48","0","0","0","0","0","0","269","104","165","0","0","0","17","6","11","13","5","8","-2"
"101480","Jacksonville State University","2020","First major","'99'","Grand total","Doctor's degree - professional practice","16","1","15","0","0","0","0","0","0","6","0","6","0","0","0","0","0","0","10","1","9","0","0","0","0","0","0","0","0","0","-2"
"101480","Jacksonville State University","2020","First major","'99'","Grand total","Doctor's degree - other","0","0","0","0","0","0","0","0","0","0","0","0","0","0","0","0","0","0","0","0","0","0","0","0","0","0","0","0","0","0","-2"
"101480","Jacksonville State University","2020","Second major","'99'","Grand total","Bachelor's degree","36","15","21","0","0","0","0","0","0","4","1","3","0","0","0","0","0","0","30","14","16","0","0","0","2","0","2","0","0","0","-2"
"101505","Jefferson State Community College","2020","First major","'99'","Grand total","Associate's degree","835","277","558","5","1","4","12","5","7","154","43","111","31","9","22","0","0","0","593","206","387","21","7","14","2","1","1","17","5","12","-2"
"101514","John C Calhoun State Community College","2020","First major","'99'","Grand total","Associate's degree","1202","516","686","24","14","10","39","22","17","156","48","108","51","23","28","0","0","0","858","381","477","51","16","35","12","8","4","11","4","7","-2"
"101541","Judson College","2020","First major","'99'","Grand total","Associate's degree","2","0","2","0","0","0","0","0","0","1","0","1","0","0","0","0","0","0","1","0","1","0","0","0","0","0","0","0","0","0","-2"
"101541","Judson College","2020","First major","'99'","Grand total","Bachelor's degree","65","0","65","1","0","1","0","0","0","6","0","6","2","0","2","1","0","1","53","0","53","2","0","2","0","0","0","0","0","0","-2"
"101541","Judson College","2020","Second major","'99'","Grand total","Bachelor's degree","33","0","33","0","0","0","0","0","0","1","0","1","2","0","2","0","0","0","29","0","29","1","0","1","0","0","0","0","0","0","-2"
"101569","Lawson State Community College","2020","First major","'99'","Grand total","Associate's degree","418","150","268","0","0","0","2","1","1","309","91","218","7","4","3","1","0","1","81","47","34","10","3","7","7","3","4","1","1","0","-2"
"101587","University of West Alabama","2020","First major","'99'","Grand total","Associate's degree","29","10","19","0","0","0","0","0","0","13","4","9","0","0","0","0","0","0","15","6","9","1","0","1","0","0","0","0","0","0","-2"
"101587","University of West Alabama","2020","First major","'99'","Grand total","Bachelor's degree","312","140","172","0","0","0","1","0","1","105","38","67","7","5","2","0","0","0","147","69","78","14","7","7","11","9","2","27","12","15","-2"
"101587","University of West Alabama","2020","First major","'99'","Grand total","Master's degree","889","187","702","4","1","3","3","1","2","174","34","140","13","3","10","1","1","0","625","129","496","12","2","10","50","11","39","7","5","2","-2"
"101587","University of West Alabama","2020","First major","'99'","Grand total","Doctor's degree - research/scholarship","0","0","0","0","0","0","0","0","0","0","0","0","0","0","0","0","0","0","0","0","0","0","0","0","0","0","0","0","0","0","-2"
"101587","University of West Alabama","2020","Second major","'99'","Grand total","Master's degree","10","4","6","0","0","0","0","0","0","4","3","1","0","0","0","0","0","0","6","1","5","0","0","0","0","0","0","0","0","0","-2"
"101602","Lurleen B Wallace Community College","2020","First major","'99'","Grand total","Associate's degree","291","92","199","2","0","2","1","0","1","77","15","62","1","0","1","0","0","0","205","75","130","3","1","2","2","1","1","0","0","0","-2"
"101648","Marion Military Institute","2020","First major","'99'","Grand total","Associate's degree","92","67","25","1","0","1","0","0","0","24","16","8","8","6","2","0","0","0","54","41","13","5","4","1","0","0","0","0","0","0","-2"
"101675","Miles College","2020","First major","'99'","Grand total","Bachelor's degree","199","95","104","0","0","0","0","0","0","189","89","100","1","0","1","0","0","0","5","5","0","1","0","1","3","1","2","0","0","0","-2"
"101693","University of Mobile","2020","First major","'99'","Grand total","Associate's degree","5","2","3","0","0","0","0","0","0","3","1","2","0","0","0","0","0","0","2","1","1","0","0","0","0","0","0","0","0","0","-2"
"101693","University of Mobile","2020","First major","'99'","Grand total","Bachelor's degree","278","86","192","3","3","0","2","0","2","38","11","27","2","1","1","1","0","1","149","44","105","5","3","2","71","20","51","7","4","3","-2"
"101693","University of Mobile","2020","First major","'99'","Grand total","Master's degree","57","16","41","0","0","0","0","0","0","16","4","12","2","1","1","0","0","0","33","6","27","0","0","0","2","1","1","4","4","0","-2"
"101693","University of Mobile","2020","First major","'99'","Grand total","Doctor's degree - research/scholarship","0","0","0","0","0","0","0","0","0","0","0","0","0","0","0","0","0","0","0","0","0","0","0","0","0","0","0","0","0","0","-2"
"101693","University of Mobile","2020","Second major","'99'","Grand total","Bachelor's degree","10","0","10","0","0","0","0","0","0","2","0","2","0","0","0","0","0","0","6","0","6","0","0","0","2","0","2","0","0","0","-2"
"101709","University of Montevallo","2020","First major","'99'","Grand total","Bachelor's degree","451","154","297","1","0","1","3","2","1","62","22","40","24","9","15","0","0","0","325","104","221","14","4","10","12","5","7","10","8","2","-2"
"101709","University of Montevallo","2020","First major","'99'","Grand total","Master's degree","116","23","93","0","0","0","3","1","2","18","4","14","3","1","2","0","0","0","86","16","70","1","0","1","4","0","4","1","1","0","-2"
"101709","University of Montevallo","2020","Second major","'99'","Grand total","Bachelor's degree","23","9","14","0","0","0","0","0","0","3","2","1","2","1","1","0","0","0","17","6","11","1","0","1","0","0","0","0","0","0","-2"
"101709","University of Montevallo","2020","Second major","'99'","Grand total","Master's degree","3","1","2","0","0","0","0","0","0","1","0","1","0","0","0","0","0","0","2","1","1","0","0","0","0","0","0","0","0","0","-2"
"101736","Northwest-Shoals Community College","2020","First major","'99'","Grand total","Associate's degree","387","143","244","5","2","3","1","1","0","40","14","26","23","6","17","2","0","2","301","115","186","0","0","0","9","1","8","6","4","2","-2"
"101879","University of North Alabama","2020","First major","'99'","Grand total","Bachelor's degree","1164","416","748","8","2","6","11","3","8","114","50","64","40","12","28","2","1","1","935","323","612","22","12","10","10","6","4","22","7","15","-2"
"101879","University of North Alabama","2020","First major","'99'","Grand total","Master's degree","429","176","253","6","3","3","6","5","1","51","12","39","14","9","5","0","0","0","309","123","186","13","5","8","7","6","1","23","13","10","-2"
"101879","University of North Alabama","2020","Second major","'99'","Grand total","Bachelor's degree","67","24","43","0","0","0","0","0","0","4","1","3","0","0","0","0","0","0","62","23","39","0","0","0","0","0","0","1","0","1","-2"
"101897","Northeast Alabama Community College","2020","First major","'99'","Grand total","Associate's degree","594","199","395","14","5","9","2","1","1","6","1","5","47","16","31","1","0","1","516","172","344","7","3","4","1","1","0","0","0","0","-2"
"101912","Oakwood University","2020","First major","'99'","Grand total","Associate's degree","0","0","0","0","0","0","0","0","0","0","0","0","0","0","0","0","0","0","0","0","0","0","0","0","0","0","0","0","0","0","-2"
"101912","Oakwood University","2020","First major","'99'","Grand total","Bachelor's degree","333","126","207","1","1","0","2","0","2","288","110","178","11","2","9","0","0","0","1","0","1","0","0","0","9","5","4","21","8","13","-2"
"101912","Oakwood University","2020","First major","'99'","Grand total","Master's degree","3","2","1","0","0","0","0","0","0","3","2","1","0","0","0","0","0","0","0","0","0","0","0","0","0","0","0","0","0","0","-2"
"101994","Reid State Technical College","2020","First major","'99'","Grand total","Associate's degree","36","20","16","0","0","0","0","0","0","11","3","8","0","0","0","0","0","0","24","17","7","1","0","1","0","0","0","0","0","0","-2"
"102030","Bishop State Community College","2020","First major","'99'","Grand total","Associate's degree","342","117","225","1","0","1","14","3","11","205","61","144","4","1","3","0","0","0","104","45","59","2","2","0","2","1","1","10","4","6","-2"
"102049","Samford University","2020","First major","'99'","Grand total","Bachelor's degree","933","318","615","2","2","0","15","8","7","68","23","45","26","10","16","0","0","0","778","262","516","18","6","12","13","4","9","13","3","10","-2"
"102049","Samford University","2020","First major","'99'","Grand total","Master's degree","314","113","201","3","0","3","5","1","4","39","11","28","4","1","3","0","0","0","230","93","137","4","1","3","22","2","20","7","4","3","-2"
"102049","Samford University","2020","First major","'99'","Grand total","Doctor's degree - research/scholarship","26","5","21","0","0","0","0","0","0","13","5","8","0","0","0","0","0","0","11","0","11","1","0","1","1","0","1","0","0","0","-2"
"102049","Samford University","2020","First major","'99'","Grand total","Doctor's degree - professional practice","358","114","244","5","1","4","10","3","7","42","9","33","8","4","4","0","0","0","282","92","190","4","0","4","7","5","2","0","0","0","-2"
"102049","Samford University","2020","Second major","'99'","Grand total","Bachelor's degree","86","39","47","0","0","0","1","1","0","1","0","1","4","0","4","0","0","0","71","33","38","3","3","0","1","1","0","5","1","4","-2"
"102049","Samford University","2020","Second major","'99'","Grand total","Master's degree","9","3","6","0","0","0","0","0","0","1","0","1","1","1","0","0","0","0","7","2","5","0","0","0","0","0","0","0","0","0","-2"
"102067","Shelton State Community College","2020","First major","'99'","Grand total","Associate's degree","494","215","279","1","0","1","5","5","0","141","46","95","2","1","1","0","0","0","305","140","165","13","9","4","24","13","11","3","1","2","-2"
"102076","Snead State Community College","2020","First major","'99'","Grand total","Associate's degree","414","141","273","14","3","11","3","1","2","25","7","18","60","18","42","1","0","1","288","105","183","1","1","0","18","6","12","4","0","4","-2"
"102094","University of South Alabama","2020","First major","'99'","Grand total","Bachelor's degree","2109","834","1275","21","7","14","76","29","47","452","151","301","63","22","41","3","0","3","1314","523","791","73","23","50","34","20","14","73","59","14","-2"
"102094","University of South Alabama","2020","First major","'99'","Grand total","Master's degree","1057","226","831","5","4","1","34","6","28","150","27","123","32","6","26","2","1","1","737","148","589","20","1","19","39","10","29","38","23","15","-2"
"102094","University of South Alabama","2020","First major","'99'","Grand total","Doctor's degree - research/scholarship","43","22","21","0","0","0","3","2","1","6","2","4","0","0","0","0","0","0","30","17","13","0","0","0","1","0","1","3","1","2","-2"
"102094","University of South Alabama","2020","First major","'99'","Grand total","Doctor's degree - professional practice","279","74","205","3","1","2","16","2","14","60","7","53","7","0","7","1","0","1","166","55","111","4","1","3","22","8","14","0","0","0","-2"
"102094","University of South Alabama","2020","Second major","'99'","Grand total","Bachelor's degree","50","21","29","0","0","0","3","1","2","5","2","3","0","0","0","0","0","0","37","15","22","1","1","0","3","1","2","1","1","0","-2"
"102234","Spring Hill College","2020","First major","'99'","Grand total","Bachelor's degree","285","101","184","2","1","1","2","0","2","38","13","25","9","5","4","2","0","2","204","74","130","11","2","9","10","3","7","7","3","4","-2"
"102234","Spring Hill College","2020","First major","'99'","Grand total","Master's degree","36","25","11","3","3","0","0","0","0","3","1","2","1","1","0","0","0","0","27","18","9","0","0","0","0","0","0","2","2","0","-2"
"102234","Spring Hill College","2020","Second major","'99'","Grand total","Bachelor's degree","11","1","10","0","0","0","0","0","0","1","0","1","0","0","0","0","0","0","7","1","6","1","0","1","1","0","1","1","0","1","-2"
"102270","Stillman College","2020","First major","'99'","Grand total","Bachelor's degree","96","40","56","0","0","0","0","0","0","90","36","54","1","1","0","0","0","0","5","3","2","0","0","0","0","0","0","0","0","0","-2"
"102298","Talladega College","2020","First major","'99'","Grand total","Associate's degree","0","0","0","0","0","0","0","0","0","0","0","0","0","0","0","0","0","0","0","0","0","0","0","0","0","0","0","0","0","0","-2"
"102298","Talladega College","2020","First major","'99'","Grand total","Bachelor's degree","161","68","93","0","0","0","0","0","0","133","54","79","7","2","5","0","0","0","6","1","5","3","1","2","1","0","1","11","10","1","-2"
"102298","Talladega College","2020","First major","'99'","Grand total","Master's degree","4","0","4","0","0","0","0","0","0","4","0","4","0","0","0","0","0","0","0","0","0","0","0","0","0","0","0","0","0","0","-2"
"102313","H Councill Trenholm State Community College","2020","First major","'99'","Grand total","Associate's degree","203","98","105","0","0","0","2","2","0","114","47","67","4","1","3","1","1","0","79","45","34","1","1","0","2","1","1","0","0","0","-2"
"102368","Troy University","2020","First major","'99'","Grand total","Associate's degree","319","94","225","1","1","0","6","2","4","119","28","91","12","5","7","1","1","0","151","47","104","13","4","9","15","6","9","1","0","1","-2"
"102368","Troy University","2020","First major","'99'","Grand total","Bachelor's degree","2260","902","1358","6","2","4","13","6","7","564","189","375","84","33","51","3","2","1","1312","526","786","61","26","35","66","34","32","151","84","67","-2"
"102368","Troy University","2020","First major","'99'","Grand total","Master's degree","1098","369","729","3","2","1","7","2","5","275","56","219","22","8","14","0","0","0","291","107","184","18","9","9","438","165","273","44","20","24","-2"
"102368","Troy University","2020","First major","'99'","Grand total","Doctor's degree - research/scholarship","1","1","0","0","0","0","0","0","0","0","0","0","0","0","0","0","0","0","1","1","0","0","0","0","0","0","0","0","0","0","-2"
"102368","Troy University","2020","First major","'99'","Grand total","Doctor's degree - professional practice","15","0","15","0","0","0","0","0","0","5","0","5","1","0","1","0","0","0","1","0","1","0","0","0","8","0","8","0","0","0","-2"
"102368","Troy University","2020","Second major","'99'","Grand total","Bachelor's degree","34","17","17","0","0","0","0","0","0","3","1","2","1","0","1","0","0","0","30","16","14","0","0","0","0","0","0","0","0","0","-2"
"102377","Tuskegee University","2020","First major","'99'","Grand total","Bachelor's degree","416","143","273","1","1","0","18","17","1","378","114","264","0","0","0","0","0","0","2","1","1","7","2","5","10","8","2","0","0","0","-2"
"102377","Tuskegee University","2020","First major","'99'","Grand total","Master's degree","89","40","49","1","1","0","16","10","6","56","21","35","1","1","0","0","0","0","4","2","2","0","0","0","11","5","6","0","0","0","-2"
"102377","Tuskegee University","2020","First major","'99'","Grand total","Doctor's degree - research/scholarship","11","3","8","0","0","0","3","1","2","7","2","5","0","0","0","0","0","0","0","0","0","0","0","0","1","0","1","0","0","0","-2"
"102377","Tuskegee University","2020","First major","'99'","Grand total","Doctor's degree - professional practice","56","17","39","0","0","0","2","0","2","27","9","18","13","5","8","0","0","0","9","2","7","4","1","3","1","0","1","0","0","0","-2"
"102395","United States Sports Academy","2020","First major","'99'","Grand total","Bachelor's degree","19","17","2","0","0","0","1","1","0","0","0","0","4","3","1","0","0","0","12","11","1","0","0","0","2","2","0","0","0","0","-2"
"102395","United States Sports Academy","2020","First major","'99'","Grand total","Master's degree","34","22","12","0","0","0","0","0","0","3","2","1","1","0","1","0","0","0","26","16","10","2","2","0","2","2","0","0","0","0","-2"
"102395","United States Sports Academy","2020","First major","'99'","Grand total","Doctor's degree - other","10","5","5","0","0","0","1","0","1","2","1","1","1","0","1","0","0","0","5","3","2","1","1","0","0","0","0","0","0","0","-2"
"102429","Bevill State Community College","2020","First major","'99'","Grand total","Associate's degree","584","215","369","0","0","0","1","0","1","73","11","62","10","4","6","1","0","1","493","196","297","3","2","1","3","2","1","0","0","0","-2"
"102553","University of Alaska Anchorage","2020","First major","'99'","Grand total","Associate's degree","857","329","528","33","10","23","54","20","34","27","9","18","75","27","48","13","3","10","515","207","308","91","31","60","39","15","24","10","7","3","-2"
"102553","University of Alaska Anchorage","2020","First major","'99'","Grand total","Bachelor's degree","1112","450","662","30","8","22","91","35","56","19","6","13","94","36","58","13","4","9","686","284","402","115","46","69","27","10","17","37","21","16","-2"
"102553","University of Alaska Anchorage","2020","First major","'99'","Grand total","Master's degree","203","74","129","7","3","4","8","2","6","3","2","1","10","3","7","5","0","5","138","48","90","15","2","13","5","3","2","12","11","1","-2"
"102553","University of Alaska Anchorage","2020","First major","'99'","Grand total","Doctor's degree - research/scholarship","8","1","7","1","0","1","0","0","0","0","0","0","1","0","1","0","0","0","6","1","5","0","0","0","0","0","0","0","0","0","-2"
"102580","Alaska Bible College","2020","First major","'99'","Grand total","Associate's degree","2","1","1","0","0","0","0","0","0","0","0","0","0","0","0","0","0","0","2","1","1","0","0","0","0","0","0","0","0","0","-2"
"102580","Alaska Bible College","2020","First major","'99'","Grand total","Bachelor's degree","6","4","2","0","0","0","0","0","0","0","0","0","0","0","0","0","0","0","6","4","2","0","0","0","0","0","0","0","0","0","-2"
"102614","University of Alaska Fairbanks","2020","First major","'99'","Grand total","Associate's degree","262","82","180","36","4","32","3","2","1","8","1","7","33","15","18","1","0","1","130","43","87","24","8","16","24","7","17","3","2","1","-2"
"102614","University of Alaska Fairbanks","2020","First major","'99'","Grand total","Bachelor's degree","622","302","320","39","12","27","8","3","5","17","7","10","37","14","23","1","0","1","321","165","156","36","19","17","150","72","78","13","10","3","-2"
"102614","University of Alaska Fairbanks","2020","First major","'99'","Grand total","Master's degree","198","93","105","5","0","5","6","3","3","1","1","0","11","5","6","2","2","0","120","62","58","13","7","6","23","7","16","17","6","11","-2"
"102614","University of Alaska Fairbanks","2020","First major","'99'","Grand total","Doctor's degree - research/scholarship","49","23","26","3","1","2","1","0","1","0","0","0","2","2","0","0","0","0","24","14","10","3","1","2","6","2","4","10","3","7","-2"
"102632","University of Alaska Southeast","2020","First major","'99'","Grand total","Associate's degree","94","28","66","8","1","7","7","2","5","1","0","1","6","2","4","7","4","3","53","16","37","7","2","5","4","0","4","1","1","0","-2"
"102632","University of Alaska Southeast","2020","First major","'99'","Grand total","Bachelor's degree","139","29","110","5","1","4","3","0","3","1","0","1","5","1","4","5","1","4","94","23","71","9","0","9","17","3","14","0","0","0","-2"
"102632","University of Alaska Southeast","2020","First major","'99'","Grand total","Master's degree","115","38","77","7","0","7","1","0","1","2","1","1","5","1","4","0","0","0","77","30","47","5","1","4","14","4","10","4","1","3","-2"
"102669","Alaska Pacific University","2020","First major","'99'","Grand total","Associate's degree","7","1","6","5","1","4","0","0","0","0","0","0","0","0","0","0","0","0","1","0","1","0","0","0","1","0","1","0","0","0","-2"
"102669","Alaska Pacific University","2020","First major","'99'","Grand total","Bachelor's degree","49","17","32","9","1","8","0","0","0","1","0","1","3","1","2","0","0","0","29","11","18","5","3","2","2","1","1","0","0","0","-2"
"102669","Alaska Pacific University","2020","First major","'99'","Grand total","Master's degree","35","14","21","9","0","9","1","1","0","0","0","0","1","1","0","0","0","0","18","8","10","1","0","1","5","4","1","0","0","0","-2"
"102669","Alaska Pacific University","2020","First major","'99'","Grand total","Doctor's degree - professional practice","2","1","1","0","0","0","0","0","0","0","0","0","0","0","0","0","0","0","1","0","1","1","1","0","0","0","0","0","0","0","-2"
"102669","Alaska Pacific University","2020","Second major","'99'","Grand total","Bachelor's degree","2","1","1","0","0","0","0","0","0","0","0","0","0","0","0","0","0","0","2","1","1","0","0","0","0","0","0","0","0","0","-2"
"102845","Charter College","2020","First major","'99'","Grand total","Associate's degree","226","67","159","23","2","21","3","0","3","12","1","11","28","10","18","20","5","15","87","39","48","26","7","19","27","3","24","0","0","0","-2"
"102845","Charter College","2020","First major","'99'","Grand total","Bachelor's degree","61","16","45","10","0","10","1","1","0","2","0","2","5","3","2","5","2","3","29","8","21","2","0","2","7","2","5","0","0","0","-2"
"103501","Alaska Career College","2020","First major","'99'","Grand total","Associate's degree","39","9","30","1","0","1","10","4","6","6","1","5","3","1","2","1","0","1","13","3","10","2","0","2","3","0","3","0","0","0","-2"
"103893","Carrington College-Phoenix North","2020","First major","'99'","Grand total","Associate's degree","116","19","97","7","1","6","5","1","4","8","1","7","46","9","37","2","0","2","40","7","33","1","0","1","7","0","7","0","0","0","-2"
"103909","Carrington College-Mesa","2020","First major","'99'","Grand total","Associate's degree","74","11","63","1","0","1","6","0","6","4","1","3","17","3","14","1","0","1","38","5","33","5","2","3","2","0","2","0","0","0","-2"
"103927","Carrington College-Tucson","2020","First major","'99'","Grand total","Associate's degree","8","1","7","0","0","0","0","0","0","3","0","3","3","0","3","0","0","0","2","1","1","0","0","0","0","0","0","0","0","0","-2"
"103945","CollegeAmerica-Flagstaff","2020","First major","'99'","Grand total","Associate's degree","17","2","15","6","1","5","0","0","0","0","0","0","0","0","0","1","0","1","0","0","0","10","1","9","0","0","0","0","0","0","-2"
"104090","Brookline College-Phoenix","2020","First major","'99'","Grand total","Associate's degree","81","17","64","7","1","6","1","0","1","16","0","16","7","2","5","0","0","0","43","10","33","7","4","3","0","0","0","0","0","0","-2"
"104090","Brookline College-Phoenix","2020","First major","'99'","Grand total","Bachelor's degree","168","38","130","4","0","4","20","1","19","24","1","23","8","0","8","2","0","2","104","33","71","4","1","3","2","2","0","0","0","0","-2"
"104090","Brookline College-Phoenix","2020","First major","'99'","Grand total","Master's degree","8","1","7","0","0","0","0","0","0","1","0","1","0","0","0","0","0","0","6","1","5","0","0","0","1","0","1","0","0","0","-2"
"104151","Arizona State University Campus Immersion","2020","First major","'99'","Grand total","Bachelor's degree","14673","7326","7347","153","42","111","1058","543","515","495","219","276","3365","1440","1925","35","17","18","7568","3806","3762","602","272","330","40","23","17","1357","964","393","-2"
"104151","Arizona State University Campus Immersion","2020","First major","'99'","Grand total","Master's degree","3991","2170","1821","33","14","19","201","99","102","114","49","65","426","171","255","5","3","2","1456","705","751","100","52","48","39","27","12","1617","1050","567","-2"
"104151","Arizona State University Campus Immersion","2020","First major","'99'","Grand total","Doctor's degree - research/scholarship","656","335","321","6","2","4","35","10","25","16","6","10","58","22","36","0","0","0","276","111","165","10","5","5","17","7","10","238","172","66","-2"
"104151","Arizona State University Campus Immersion","2020","First major","'99'","Grand total","Doctor's degree - professional practice","252","130","122","9","2","7","13","6","7","5","2","3","28","19","9","2","0","2","172","85","87","11","8","3","7","5","2","5","3","2","-2"
"104151","Arizona State University Campus Immersion","2020","Second major","'99'","Grand total","Bachelor's degree","21","7","14","0","0","0","1","1","0","0","0","0","4","0","4","0","0","0","14","5","9","1","0","1","0","0","0","1","1","0","-2"
"104160","Arizona Western College","2020","First major","'99'","Grand total","Associate's degree","1108","423","685","8","3","5","12","3","9","13","6","7","801","299","502","7","6","1","179","71","108","11","3","8","37","23","14","40","9","31","-2"
"104179","University of Arizona","2020","First major","'99'","Grand total","Bachelor's degree","7252","3388","3864","76","23","53","403","189","214","233","109","124","1823","745","1078","14","8","6","3611","1675","1936","338","137","201","163","97","66","591","405","186","-2"
"104179","University of Arizona","2020","First major","'99'","Grand total","Master's degree","2021","899","1122","27","13","14","82","34","48","65","31","34","339","137","202","1","1","0","1037","448","589","52","20","32","165","77","88","253","138","115","-2"
"104179","University of Arizona","2020","First major","'99'","Grand total","Doctor's degree - research/scholarship","435","231","204","5","1","4","16","7","9","8","3","5","42","19","23","0","0","0","188","100","88","6","3","3","37","17","20","133","81","52","-2"
"104179","University of Arizona","2020","First major","'99'","Grand total","Doctor's degree - professional practice","516","212","304","9","1","8","78","27","51","17","9","8","81","30","51","1","1","0","197","82","115","27","10","17","98","45","53","8","7","1","-2"
"104179","University of Arizona","2020","Second major","'99'","Grand total","Bachelor's degree","619","291","328","4","1","3","35","9","26","16","8","8","141","53","88","2","1","1","330","164","166","33","18","15","18","8","10","40","29","11","-2"
"104188","Southwest University of Visual Arts-Tucson","2020","First major","'99'","Grand total","Bachelor's degree","13","5","8","1","1","0","0","0","0","0","0","0","5","2","3","0","0","0","6","1","5","0","0","0","1","1","0","0","0","0","-2"
"104188","Southwest University of Visual Arts-Tucson","2020","First major","'99'","Grand total","Master's degree","0","0","0","0","0","0","0","0","0","0","0","0","0","0","0","0","0","0","0","0","0","0","0","0","0","0","0","0","0","0","-2"
"104346","Central Arizona College","2020","First major","'99'","Grand total","Associate's degree","523","159","364","20","3","17","8","2","6","28","8","20","169","50","119","3","1","2","220","75","145","25","5","20","41","15","26","9","0","9","-2"
"104425","Cochise County Community College District","2020","First major","'99'","Grand total","Associate's degree","1360","867","493","6","5","1","41","23","18","103","72","31","382","212","170","2","1","1","750","511","239","59","32","27","14","8","6","3","3","0","-2"
"104577","Eastern Arizona College","2020","First major","'99'","Grand total","Associate's degree","551","258","293","39","18","21","1","0","1","28","24","4","104","45","59","2","1","1","347","163","184","4","1","3","16","4","12","10","2","8","-2"
"104586","Embry-Riddle Aeronautical University-Prescott","2020","First major","'99'","Grand total","Bachelor's degree","592","443","149","2","1","1","33","30","3","9","6","3","76","48","28","3","0","3","372","278","94","42","32","10","15","12","3","40","36","4","-2"
"104586","Embry-Riddle Aeronautical University-Prescott","2020","First major","'99'","Grand total","Master's degree","20","11","9","0","0","0","2","1","1","0","0","0","5","3","2","0","0","0","9","4","5","1","0","1","1","1","0","2","2","0","-2"
"104586","Embry-Riddle Aeronautical University-Prescott","2020","Second major","'99'","Grand total","Bachelor's degree","6","3","3","0","0","0","0","0","0","1","1","0","1","0","1","1","0","1","1","0","1","0","0","0","0","0","0","2","2","0","-2"
"104665","The School of Architecture","2020","First major","'99'","Grand total","Master's degree","7","3","4","0","0","0","1","0","1","0","0","0","2","0","2","0","0","0","4","3","1","0","0","0","0","0","0","0","0","0","-2"
"104708","Glendale Community College","2020","First major","'99'","Grand total","Associate's degree","2080","874","1206","22","9","13","94","41","53","98","38","60","712","298","414","3","0","3","998","428","570","68","28","40","70","24","46","15","8","7","-2"
"104717","Grand Canyon University","2020","First major","'99'","Grand total","Bachelor's degree","12339","3159","9180","105","28","77","701","157","544","1808","376","1432","2379","646","1733","74","19","55","6046","1582","4464","372","102","270","706","190","516","148","59","89","-2"
"104717","Grand Canyon University","2020","First major","'99'","Grand total","Master's degree","12530","2877","9653","106","33","73","504","119","385","2513","563","1950","1818","428","1390","48","11","37","6298","1381","4917","321","80","241","811","201","610","111","61","50","-2"
"104717","Grand Canyon University","2020","First major","'99'","Grand total","Doctor's degree - research/scholarship","639","149","490","4","0","4","47","6","41","177","39","138","55","17","38","5","0","5","276","79","197","9","2","7","66","6","60","0","0","0","-2"
"104717","Grand Canyon University","2020","Second major","'99'","Grand total","Bachelor's degree","31","10","21","1","1","0","1","0","1","1","0","1","6","3","3","0","0","0","17","3","14","1","1","0","1","1","0","3","1","2","-2"
"105145","GateWay Community College","2020","First major","'99'","Grand total","Associate's degree","648","203","445","11","3","8","29","12","17","59","19","40","259","79","180","5","3","2","242","75","167","23","4","19","16","7","9","4","1","3","-2"
"105154","Mesa Community College","2020","First major","'99'","Grand total","Associate's degree","2131","877","1254","69","24","45","102","35","67","76","37","39","543","200","343","4","1","3","1140","480","660","75","32","43","76","36","40","46","32","14","-2"
"105206","Mohave Community College","2020","First major","'99'","Grand total","Associate's degree","427","123","304","11","2","9","11","1","10","4","2","2","78","19","59","3","1","2","303","95","208","10","1","9","4","1","3","3","1","2","-2"
"105297","Dine College","2020","First major","'99'","Grand total","Associate's degree","96","21","75","94","19","75","0","0","0","1","1","0","0","0","0","0","0","0","0","0","0","0","0","0","0","0","0","1","1","0","-2"
"105297","Dine College","2020","First major","'99'","Grand total","Bachelor's degree","45","8","37","45","8","37","0","0","0","0","0","0","0","0","0","0","0","0","0","0","0","0","0","0","0","0","0","0","0","0","-2"
"105330","Northern Arizona University","2020","First major","'99'","Grand total","Bachelor's degree","6259","2262","3997","135","35","100","135","47","88","179","74","105","1471","462","1009","16","5","11","3665","1300","2365","337","127","210","178","100","78","143","112","31","-2"
"105330","Northern Arizona University","2020","First major","'99'","Grand total","Master's degree","1276","388","888","69","18","51","31","7","24","47","16","31","222","63","159","4","2","2","769","214","555","49","16","33","21","5","16","64","47","17","-2"
"105330","Northern Arizona University","2020","First major","'99'","Grand total","Doctor's degree - research/scholarship","71","31","40","5","3","2","3","3","0","0","0","0","4","1","3","0","0","0","48","19","29","3","1","2","4","1","3","4","3","1","-2"
"105330","Northern Arizona University","2020","First major","'99'","Grand total","Doctor's degree - professional practice","142","46","96","0","0","0","9","5","4","0","0","0","10","2","8","0","0","0","114","37","77","7","2","5","2","0","2","0","0","0","-2"
"105330","Northern Arizona University","2020","Second major","'99'","Grand total","Bachelor's degree","144","47","97","0","0","0","4","1","3","4","2","2","36","17","19","0","0","0","95","25","70","4","2","2","1","0","1","0","0","0","-2"
"105349","Northland Pioneer College","2020","First major","'99'","Grand total","Associate's degree","174","58","116","54","9","45","0","0","0","1","0","1","26","13","13","0","0","0","85","32","53","2","0","2","6","4","2","0","0","0","-2"
"105367","Ottawa University-Phoenix","2020","First major","'99'","Grand total","Bachelor's degree","121","35","86","2","0","2","3","2","1","9","2","7","27","10","17","2","0","2","71","20","51","1","0","1","6","1","5","0","0","0","-2"
"105367","Ottawa University-Phoenix","2020","First major","'99'","Grand total","Master's degree","155","58","97","1","0","1","61","40","21","9","2","7","21","3","18","0","0","0","49","9","40","2","0","2","12","4","8","0","0","0","-2"
"105428","Phoenix College","2020","First major","'99'","Grand total","Associate's degree","1112","340","772","31","11","20","36","8","28","79","30","49","592","177","415","3","2","1","290","87","203","25","5","20","37","10","27","19","10","9","-2"
"105525","Pima Community College","2020","First major","'99'","Grand total","Associate's degree","2050","830","1220","35","11","24","60","19","41","91","43","48","864","333","531","6","3","3","842","349","493","59","22","37","62","32","30","31","18","13","-2"
"105534","Pima Medical Institute-Tucson","2020","First major","'99'","Grand total","Associate's degree","466","88","378","5","1","4","35","6","29","25","3","22","168","39","129","3","1","2","192","29","163","34","8","26","4","1","3","0","0","0","-2"
"105534","Pima Medical Institute-Tucson","2020","First major","'99'","Grand total","Bachelor's degree","285","61","224","5","0","5","19","6","13","21","5","16","63","13","50","2","0","2","156","32","124","17","5","12","2","0","2","0","0","0","-2"
"105543","Pima Medical Institute-Albuquerque","2020","First major","'99'","Grand total","Associate's degree","107","40","67","4","1","3","0","0","0","2","0","2","62","25","37","0","0","0","29","10","19","8","3","5","2","1","1","0","0","0","-2"
"105589","Prescott College","2020","First major","'99'","Grand total","Bachelor's degree","122","30","92","3","1","2","2","0","2","4","3","1","4","0","4","0","0","0","79","18","61","9","1","8","20","7","13","1","0","1","-2"
"105589","Prescott College","2020","First major","'99'","Grand total","Master's degree","123","24","99","0","0","0","2","1","1","5","0","5","5","0","5","1","0","1","82","13","69","7","3","4","21","7","14","0","0","0","-2"
"105589","Prescott College","2020","First major","'99'","Grand total","Doctor's degree - research/scholarship","6","2","4","0","0","0","0","0","0","0","0","0","0","0","0","0","0","0","5","2","3","1","0","1","0","0","0","0","0","0","-2"
"105659","Refrigeration School Inc","2020","First major","'99'","Grand total","Associate's degree","57","55","2","8","6","2","0","0","0","4","4","0","21","21","0","0","0","0","21","21","0","3","3","0","0","0","0","0","0","0","-2"
"105668","Rio Salado College","2020","First major","'99'","Grand total","Associate's degree","866","323","543","10","1","9","28","8","20","43","13","30","152","57","95","1","1","0","507","213","294","30","10","20","95","20","75","0","0","0","-2"
"105747","Scottsdale Community College","2020","First major","'99'","Grand total","Associate's degree","883","399","484","39","19","20","26","12","14","34","20","14","190","82","108","0","0","0","510","225","285","41","18","23","34","18","16","9","5","4","-2"
"105792","South Mountain Community College","2020","First major","'99'","Grand total","Associate's degree","522","190","332","20","4","16","9","5","4","89","33","56","310","104","206","0","0","0","56","27","29","16","3","13","16","8","8","6","6","0","-2"
"105899","Arizona Christian University","2020","First major","'99'","Grand total","Associate's degree","1","0","1","0","0","0","0","0","0","0","0","0","0","0","0","0","0","0","1","0","1","0","0","0","0","0","0","0","0","0","-2"
"105899","Arizona Christian University","2020","First major","'99'","Grand total","Bachelor's degree","143","82","61","2","1","1","1","1","0","20","15","5","26","15","11","0","0","0","79","41","38","2","0","2","0","0","0","13","9","4","-2"
"105899","Arizona Christian University","2020","Second major","'99'","Grand total","Bachelor's degree","4","3","1","0","0","0","0","0","0","0","0","0","1","1","0","0","0","0","3","2","1","0","0","0","0","0","0","0","0","0","-2"
"106041","Universal Technical Institute of Arizona Inc","2020","First major","'99'","Grand total","Associate's degree","698","676","22","30","27","3","29","28","1","22","20","2","203","195","8","17","15","2","323","319","4","64","62","2","10","10","0","0","0","0","-2"
"106148","Yavapai College","2020","First major","'99'","Grand total","Associate's degree","666","234","432","10","2","8","10","2","8","6","4","2","109","31","78","1","0","1","376","143","233","16","5","11","135","44","91","3","3","0","-2"
"106148","Yavapai College","2020","Second major","'99'","Grand total","Associate's degree","1","0","1","0","0","0","0","0","0","0","0","0","0","0","0","0","0","0","1","0","1","0","0","0","0","0","0","0","0","0","-2"
"106245","University of Arkansas at Little Rock","2020","First major","'99'","Grand total","Associate's degree","333","102","231","0","0","0","3","2","1","97","15","82","14","5","9","0","0","0","175","66","109","35","12","23","0","0","0","9","2","7","-2"
"106245","University of Arkansas at Little Rock","2020","First major","'99'","Grand total","Bachelor's degree","1280","485","795","7","4","3","36","16","20","272","76","196","55","24","31","0","0","0","681","279","402","146","53","93","2","1","1","81","32","49","-2"
"106245","University of Arkansas at Little Rock","2020","First major","'99'","Grand total","Master's degree","487","165","322","2","1","1","7","3","4","90","17","73","10","4","6","0","0","0","270","81","189","30","11","19","3","2","1","75","46","29","-2"
"106245","University of Arkansas at Little Rock","2020","First major","'99'","Grand total","Doctor's degree - research/scholarship","39","27","12","0","0","0","0","0","0","4","2","2","0","0","0","0","0","0","10","9","1","0","0","0","0","0","0","25","16","9","-2"
"106245","University of Arkansas at Little Rock","2020","First major","'99'","Grand total","Doctor's degree - professional practice","106","56","50","0","0","0","3","2","1","8","1","7","3","2","1","0","0","0","85","50","35","5","0","5","1","1","0","1","0","1","-2"
"106263","University of Arkansas for Medical Sciences","2020","First major","'99'","Grand total","Associate's degree","9","1","8","0","0","0","0","0","0","2","1","1","1","0","1","0","0","0","4","0","4","2","0","2","0","0","0","0","0","0","-2"
"106263","University of Arkansas for Medical Sciences","2020","First major","'99'","Grand total","Bachelor's degree","246","36","210","2","0","2","3","0","3","23","3","20","13","1","12","0","0","0","186","29","157","6","0","6","9","1","8","4","2","2","-2"
"106263","University of Arkansas for Medical Sciences","2020","First major","'99'","Grand total","Master's degree","228","48","180","0","0","0","7","1","6","20","4","16","11","4","7","0","0","0","172","31","141","8","4","4","4","3","1","6","1","5","-2"
"106263","University of Arkansas for Medical Sciences","2020","First major","'99'","Grand total","Doctor's degree - research/scholarship","40","17","23","0","0","0","0","0","0","4","1","3","0","0","0","0","0","0","29","10","19","0","0","0","1","0","1","6","6","0","-2"
"106263","University of Arkansas for Medical Sciences","2020","First major","'99'","Grand total","Doctor's degree - professional practice","320","141","179","3","1","2","23","11","12","17","3","14","20","5","15","0","0","0","247","117","130","9","3","6","1","1","0","0","0","0","-2"
"106306","Arkansas Baptist College","2020","First major","'99'","Grand total","Associate's degree","23","19","4","0","0","0","0","0","0","23","19","4","0","0","0","0","0","0","0","0","0","0","0","0","0","0","0","0","0","0","-2"
"106306","Arkansas Baptist College","2020","First major","'99'","Grand total","Bachelor's degree","18","5","13","0","0","0","0","0","0","18","5","13","0","0","0","0","0","0","0","0","0","0","0","0","0","0","0","0","0","0","-2"
"106342","Lyon College","2020","First major","'99'","Grand total","Bachelor's degree","114","60","54","2","1","1","4","3","1","4","3","1","11","5","6","0","0","0","75","38","37","0","0","0","14","7","7","4","3","1","-2"
"106342","Lyon College","2020","Second major","'99'","Grand total","Bachelor's degree","30","12","18","2","1","1","1","1","0","1","1","0","3","2","1","0","0","0","19","6","13","0","0","0","2","0","2","2","1","1","-2"
"106397","University of Arkansas","2020","First major","'99'","Grand total","Bachelor's degree","5183","2362","2821","49","24","25","153","81","72","200","86","114","454","182","272","1","0","1","3945","1820","2125","187","76","111","31","13","18","163","80","83","-2"
"106397","University of Arkansas","2020","First major","'99'","Grand total","Master's degree","1120","541","579","10","3","7","22","18","4","70","29","41","69","27","42","1","0","1","794","389","405","22","9","13","14","7","7","118","59","59","-2"
"106397","University of Arkansas","2020","First major","'99'","Grand total","Doctor's degree - research/scholarship","204","116","88","1","0","1","2","1","1","4","2","2","4","2","2","0","0","0","106","55","51","2","2","0","3","1","2","82","53","29","-2"
"106397","University of Arkansas","2020","First major","'99'","Grand total","Doctor's degree - professional practice","130","64","66","3","2","1","3","1","2","5","2","3","5","2","3","0","0","0","108","53","55","6","4","2","0","0","0","0","0","0","-2"
"106397","University of Arkansas","2020","Second major","'99'","Grand total","Bachelor's degree","287","117","170","4","4","0","8","3","5","7","2","5","22","6","16","0","0","0","228","96","132","14","5","9","1","0","1","3","1","2","-2"
"106412","University of Arkansas at Pine Bluff","2020","First major","'99'","Grand total","Associate's degree","4","2","2","0","0","0","0","0","0","4","2","2","0","0","0","0","0","0","0","0","0","0","0","0","0","0","0","0","0","0","-2"
"106412","University of Arkansas at Pine Bluff","2020","First major","'99'","Grand total","Bachelor's degree","453","166","287","1","1","0","0","0","0","404","144","260","11","7","4","0","0","0","20","7","13","7","2","5","0","0","0","10","5","5","-2"
"106412","University of Arkansas at Pine Bluff","2020","First major","'99'","Grand total","Master's degree","46","29","17","0","0","0","0","0","0","28","16","12","2","0","2","0","0","0","8","6","2","1","1","0","0","0","0","7","6","1","-2"
"106412","University of Arkansas at Pine Bluff","2020","First major","'99'","Grand total","Doctor's degree - research/scholarship","0","0","0","0","0","0","0","0","0","0","0","0","0","0","0","0","0","0","0","0","0","0","0","0","0","0","0","0","0","0","-2"
"106449","Arkansas State University-Beebe","2020","First major","'99'","Grand total","Associate's degree","797","257","540","7","6","1","7","4","3","38","11","27","61","19","42","3","1","2","647","204","443","23","7","16","9","4","5","2","1","1","-2"
"106458","Arkansas State University","2020","First major","'99'","Grand total","Associate's degree","545","133","412","4","1","3","2","1","1","97","19","78","22","8","14","0","0","0","393","96","297","18","5","13","5","2","3","4","1","3","-2"
"106458","Arkansas State University","2020","First major","'99'","Grand total","Bachelor's degree","1712","650","1062","5","0","5","24","10","14","193","64","129","38","17","21","1","1","0","1333","491","842","22","9","13","11","5","6","85","53","32","-2"
"106458","Arkansas State University","2020","First major","'99'","Grand total","Master's degree","1758","615","1143","8","0","8","10","5","5","193","53","140","47","20","27","0","0","0","1339","461","878","28","11","17","47","21","26","86","44","42","-2"
"106458","Arkansas State University","2020","First major","'99'","Grand total","Doctor's degree - research/scholarship","25","7","18","0","0","0","0","0","0","6","2","4","0","0","0","0","0","0","16","3","13","0","0","0","0","0","0","3","2","1","-2"
"106458","Arkansas State University","2020","First major","'99'","Grand total","Doctor's degree - professional practice","66","23","43","0","0","0","0","0","0","5","1","4","0","0","0","0","0","0","60","22","38","1","0","1","0","0","0","0","0","0","-2"
"106467","Arkansas Tech University","2020","First major","'99'","Grand total","Associate's degree","1238","504","734","10","4","6","22","8","14","54","24","30","81","30","51","1","0","1","1005","402","603","43","20","23","0","0","0","22","16","6","-2"
"106467","Arkansas Tech University","2020","First major","'99'","Grand total","Bachelor's degree","1366","576","790","8","2","6","20","9","11","94","51","43","84","28","56","0","0","0","1045","417","628","35","13","22","0","0","0","80","56","24","-2"
"106467","Arkansas Tech University","2020","First major","'99'","Grand total","Master's degree","321","89","232","3","0","3","3","2","1","15","4","11","16","2","14","0","0","0","256","67","189","8","3","5","0","0","0","20","11","9","-2"
"106467","Arkansas Tech University","2020","First major","'99'","Grand total","Doctor's degree - research/scholarship","14","5","9","0","0","0","0","0","0","2","0","2","0","0","0","0","0","0","12","5","7","0","0","0","0","0","0","0","0","0","-2"
"106485","University of Arkansas at Monticello","2020","First major","'99'","Grand total","Associate's degree","445","189","256","1","0","1","0","0","0","83","24","59","33","14","19","0","0","0","312","143","169","12","5","7","0","0","0","4","3","1","-2"
"106485","University of Arkansas at Monticello","2020","First major","'99'","Grand total","Bachelor's degree","416","151","265","0","0","0","1","1","0","74","34","40","25","7","18","1","1","0","304","105","199","5","2","3","1","0","1","5","1","4","-2"
"106485","University of Arkansas at Monticello","2020","First major","'99'","Grand total","Master's degree","145","50","95","2","0","2","0","0","0","17","8","9","4","1","3","0","0","0","117","40","77","5","1","4","0","0","0","0","0","0","-2"
"106485","University of Arkansas at Monticello","2020","Second major","'99'","Grand total","Bachelor's degree","11","1","10","0","0","0","0","0","0","0","0","0","1","0","1","0","0","0","8","1","7","2","0","2","0","0","0","0","0","0","-2"
"106546","Baptist Health College Little Rock","2020","First major","'99'","Grand total","Associate's degree","269","31","238","1","1","0","3","1","2","63","5","58","12","0","12","0","0","0","185","23","162","2","1","1","3","0","3","0","0","0","-2"
"106625","Black River Technical College","2020","First major","'99'","Grand total","Associate's degree","403","86","317","2","0","2","0","0","0","7","0","7","6","0","6","0","0","0","387","85","302","1","1","0","0","0","0","0","0","0","-2"
"106704","University of Central Arkansas","2020","First major","'99'","Grand total","Associate's degree","28","12","16","0","0","0","0","0","0","8","3","5","0","0","0","0","0","0","19","8","11","1","1","0","0","0","0","0","0","0","-2"
"106704","University of Central Arkansas","2020","First major","'99'","Grand total","Bachelor's degree","1742","643","1099","8","2","6","47","25","22","245","80","165","107","38","69","1","0","1","1200","442","758","59","21","38","5","3","2","70","32","38","-2"
"106704","University of Central Arkansas","2020","First major","'99'","Grand total","Master's degree","499","131","368","2","1","1","9","5","4","54","20","34","18","5","13","0","0","0","392","90","302","8","1","7","2","1","1","14","8","6","-2"
"106704","University of Central Arkansas","2020","First major","'99'","Grand total","Doctor's degree - research/scholarship","11","5","6","0","0","0","0","0","0","0","0","0","0","0","0","0","0","0","10","4","6","1","1","0","0","0","0","0","0","0","-2"
"106704","University of Central Arkansas","2020","First major","'99'","Grand total","Doctor's degree - professional practice","64","24","40","0","0","0","0","0","0","3","0","3","2","1","1","0","0","0","56","23","33","3","0","3","0","0","0","0","0","0","-2"
"106704","University of Central Arkansas","2020","Second major","'99'","Grand total","Bachelor's degree","61","25","36","1","0","1","4","1","3","3","1","2","4","2","2","0","0","0","44","21","23","2","0","2","0","0","0","3","0","3","-2"
"106713","Central Baptist College","2020","First major","'99'","Grand total","Associate's degree","12","4","8","0","0","0","0","0","0","6","2","4","0","0","0","0","0","0","5","2","3","0","0","0","1","0","1","0","0","0","-2"
"106713","Central Baptist College","2020","First major","'99'","Grand total","Bachelor's degree","189","95","94","2","2","0","0","0","0","35","14","21","3","3","0","1","0","1","138","69","69","2","1","1","0","0","0","8","6","2","-2"
"106795","Cossatot Community College of the University of Arkansas","2020","First major","'99'","Grand total","Associate's degree","206","56","150","2","0","2","0","0","0","21","2","19","38","15","23","1","0","1","135","37","98","6","0","6","2","2","0","1","0","1","-2"
"106810","Crowley's Ridge College","2020","First major","'99'","Grand total","Associate's degree","9","1","8","0","0","0","0","0","0","0","0","0","0","0","0","0","0","0","9","1","8","0","0","0","0","0","0","0","0","0","-2"
"106810","Crowley's Ridge College","2020","First major","'99'","Grand total","Bachelor's degree","24","14","10","0","0","0","0","0","0","0","0","0","0","0","0","0","0","0","24","14","10","0","0","0","0","0","0","0","0","0","-2"
"106883","East Arkansas Community College","2020","First major","'99'","Grand total","Associate's degree","147","34","113","0","0","0","1","0","1","57","9","48","4","1","3","0","0","0","80","22","58","3","1","2","0","0","0","2","1","1","-2"
"106980","National Park College","2020","First major","'99'","Grand total","Associate's degree","290","85","205","3","1","2","2","0","2","20","6","14","28","9","19","0","0","0","237","69","168","0","0","0","0","0","0","0","0","0","-2"
"106999","University of Arkansas Community College-Batesville","2020","First major","'99'","Grand total","Associate's degree","244","56","188","1","0","1","2","1","1","10","2","8","12","1","11","0","0","0","203","50","153","12","1","11","0","0","0","4","1","3","-2"
"107044","Harding University","2020","First major","'99'","Grand total","Bachelor's degree","887","387","500","5","1","4","9","2","7","32","19","13","28","6","22","0","0","0","724","309","415","25","13","12","1","0","1","63","37","26","-2"
"107044","Harding University","2020","First major","'99'","Grand total","Master's degree","288","91","197","2","0","2","8","1","7","15","6","9","5","3","2","0","0","0","246","77","169","2","1","1","2","1","1","8","2","6","-2"
"107044","Harding University","2020","First major","'99'","Grand total","Doctor's degree - research/scholarship","5","3","2","0","0","0","0","0","0","1","0","1","0","0","0","0","0","0","3","2","1","1","1","0","0","0","0","0","0","0","-2"
"107044","Harding University","2020","First major","'99'","Grand total","Doctor's degree - professional practice","82","31","51","0","0","0","9","4","5","5","3","2","0","0","0","0","0","0","67","23","44","0","0","0","0","0","0","1","1","0","-2"
"107044","Harding University","2020","Second major","'99'","Grand total","Bachelor's degree","58","31","27","0","0","0","1","1","0","0","0","0","0","0","0","0","0","0","41","23","18","1","0","1","0","0","0","15","7","8","-2"
"107071","Henderson State University","2020","First major","'99'","Grand total","Associate's degree","15","1","14","0","0","0","0","0","0","3","0","3","0","0","0","0","0","0","11","1","10","1","0","1","0","0","0","0","0","0","-2"
"107071","Henderson State University","2020","First major","'99'","Grand total","Bachelor's degree","486","198","288","1","1","0","2","0","2","85","34","51","26","9","17","0","0","0","344","145","199","17","4","13","6","1","5","5","4","1","-2"
"107071","Henderson State University","2020","First major","'99'","Grand total","Master's degree","166","42","124","3","1","2","0","0","0","39","6","33","6","0","6","0","0","0","114","33","81","4","2","2","0","0","0","0","0","0","-2"
"107080","Hendrix College","2020","First major","'99'","Grand total","Bachelor's degree","269","125","144","2","2","0","10","8","2","21","7","14","14","5","9","0","0","0","186","87","99","10","4","6","23","9","14","3","3","0","-2"
"107080","Hendrix College","2020","First major","'99'","Grand total","Master's degree","9","4","5","0","0","0","2","0","2","1","1","0","1","1","0","0","0","0","4","1","3","0","0","0","1","1","0","0","0","0","-2"
"107080","Hendrix College","2020","Second major","'99'","Grand total","Bachelor's degree","30","7","23","0","0","0","3","2","1","2","1","1","1","1","0","0","0","0","22","3","19","1","0","1","1","0","1","0","0","0","-2"
"107123","Jefferson Regional Medical Center School of Nursing","2020","First major","'99'","Grand total","Associate's degree","21","0","21","0","0","0","1","0","1","8","0","8","1","0","1","0","0","0","11","0","11","0","0","0","0","0","0","0","0","0","-2"
"107141","John Brown University","2020","First major","'99'","Grand total","Associate's degree","0","0","0","0","0","0","0","0","0","0","0","0","0","0","0","0","0","0","0","0","0","0","0","0","0","0","0","0","0","0","-2"
"107141","John Brown University","2020","First major","'99'","Grand total","Bachelor's degree","384","144","240","3","3","0","4","1","3","6","2","4","20","6","14","1","0","1","304","108","196","10","5","5","11","2","9","25","17","8","-2"
"107141","John Brown University","2020","First major","'99'","Grand total","Master's degree","185","60","125","2","0","2","2","1","1","16","5","11","18","1","17","1","1","0","136","48","88","6","1","5","2","1","1","2","2","0","-2"
"107318","Arkansas State University Mid-South","2020","First major","'99'","Grand total","Associate's degree","95","32","63","0","0","0","1","1","0","51","12","39","3","1","2","0","0","0","37","17","20","0","0","0","0","0","0","3","1","2","-2"
"107327","Arkansas Northeastern College","2020","First major","'99'","Grand total","Associate's degree","154","53","101","0","0","0","1","0","1","35","6","29","10","6","4","0","0","0","108","41","67","0","0","0","0","0","0","0","0","0","-2"
"107460","North Arkansas College","2020","First major","'99'","Grand total","Associate's degree","269","65","204","0","0","0","1","1","0","2","0","2","15","4","11","0","0","0","244","58","186","6","2","4","0","0","0","1","0","1","-2"
"107512","Ouachita Baptist University","2020","First major","'99'","Grand total","Associate's degree","0","0","0","0","0","0","0","0","0","0","0","0","0","0","0","0","0","0","0","0","0","0","0","0","0","0","0","0","0","0","-2"
"107512","Ouachita Baptist University","2020","First major","'99'","Grand total","Bachelor's degree","305","135","170","2","1","1","0","0","0","18","11","7","17","9","8","0","0","0","252","105","147","6","3","3","0","0","0","10","6","4","-2"
"107512","Ouachita Baptist University","2020","First major","'99'","Grand total","Master's degree","0","0","0","0","0","0","0","0","0","0","0","0","0","0","0","0","0","0","0","0","0","0","0","0","0","0","0","0","0","0","-2"
"107512","Ouachita Baptist University","2020","Second major","'99'","Grand total","Bachelor's degree","62","22","40","0","0","0","0","0","0","2","1","1","4","2","2","0","0","0","51","16","35","1","1","0","0","0","0","4","2","2","-2"
"107521","Arkansas State University Three Rivers","2020","First major","'99'","Grand total","Associate's degree","124","36","88","0","0","0","0","0","0","31","5","26","3","1","2","0","0","0","85","29","56","5","1","4","0","0","0","0","0","0","-2"
"107549","Ozarka College","2020","First major","'99'","Grand total","Associate's degree","223","37","186","2","1","1","2","1","1","1","0","1","5","2","3","0","0","0","213","33","180","0","0","0","0","0","0","0","0","0","-2"
"107558","University of the Ozarks","2020","First major","'99'","Grand total","Bachelor's degree","120","59","61","4","2","2","0","0","0","6","3","3","11","7","4","0","0","0","61","32","29","8","5","3","5","0","5","25","10","15","-2"
"107558","University of the Ozarks","2020","Second major","'99'","Grand total","Bachelor's degree","19","9","10","0","0","0","0","0","0","1","0","1","1","1","0","0","0","0","8","4","4","0","0","0","0","0","0","9","4","5","-2"
"107585","University of Arkansas Community College-Morrilton","2020","First major","'99'","Grand total","Associate's degree","410","151","259","0","0","0","8","4","4","21","6","15","29","10","19","0","0","0","322","114","208","18","11","7","4","1","3","8","5","3","-2"
"107600","Philander Smith College","2020","First major","'99'","Grand total","Bachelor's degree","120","40","80","0","0","0","0","0","0","112","38","74","3","1","2","0","0","0","0","0","0","3","0","3","0","0","0","2","1","1","-2"
"107619","Phillips Community College of the University of Arkansas","2020","First major","'99'","Grand total","Associate's degree","122","34","88","0","0","0","1","0","1","54","13","41","3","1","2","0","0","0","63","19","44","1","1","0","0","0","0","0","0","0","-2"
"107637","Southeast Arkansas College","2020","First major","'99'","Grand total","Associate's degree","180","44","136","0","0","0","4","0","4","100","18","82","10","1","9","0","0","0","65","25","40","1","0","1","0","0","0","0","0","0","-2"
"107664","University of Arkansas-Pulaski Technical College","2020","First major","'99'","Grand total","Associate's degree","676","203","473","3","1","2","9","2","7","260","49","211","39","18","21","0","0","0","315","118","197","29","8","21","17","7","10","4","0","4","-2"
"107725","University of Arkansas Hope-Texarkana","2020","First major","'99'","Grand total","Associate's degree","177","45","132","3","1","2","4","2","2","44","4","40","13","6","7","0","0","0","113","32","81","0","0","0","0","0","0","0","0","0","-2"
"107743","University of Arkansas Community College Rich Mountain","2020","First major","'99'","Grand total","Associate's degree","121","35","86","1","0","1","3","0","3","1","1","0","1","1","0","2","0","2","107","32","75","4","0","4","0","0","0","2","1","1","-2"
"107840","Shorter College","2020","First major","'99'","Grand total","Associate's degree","34","11","23","0","0","0","0","0","0","33","10","23","0","0","0","0","0","0","1","1","0","0","0","0","0","0","0","0","0","0","-2"
"107877","Williams Baptist University","2020","First major","'99'","Grand total","Associate's degree","1","0","1","0","0","0","0","0","0","0","0","0","0","0","0","0","0","0","1","0","1","0","0","0","0","0","0","0","0","0","-2"
"107877","Williams Baptist University","2020","First major","'99'","Grand total","Bachelor's degree","74","43","31","0","0","0","0","0","0","6","4","2","4","2","2","0","0","0","59","33","26","1","1","0","0","0","0","4","3","1","-2"
"107877","Williams Baptist University","2020","First major","'99'","Grand total","Master's degree","8","3","5","0","0","0","0","0","0","0","0","0","0","0","0","0","0","0","8","3","5","0","0","0","0","0","0","0","0","0","-2"
"107974","South Arkansas Community College","2020","First major","'99'","Grand total","Associate's degree","161","37","124","0","0","0","2","1","1","52","7","45","7","3","4","0","0","0","98","26","72","1","0","1","0","0","0","1","0","1","-2"
"107983","Southern Arkansas University Main Campus","2020","First major","'99'","Grand total","Associate's degree","379","146","233","3","2","1","3","2","1","67","27","40","17","6","11","0","0","0","276","103","173","6","2","4","0","0","0","7","4","3","-2"
"107983","Southern Arkansas University Main Campus","2020","First major","'99'","Grand total","Bachelor's degree","536","224","312","1","1","0","2","1","1","95","32","63","30","10","20","2","1","1","382","170","212","9","3","6","1","0","1","14","6","8","-2"
"107983","Southern Arkansas University Main Campus","2020","First major","'99'","Grand total","Master's degree","387","155","232","1","0","1","7","5","2","42","17","25","4","3","1","0","0","0","202","54","148","7","2","5","7","4","3","117","70","47","-2"
"107983","Southern Arkansas University Main Campus","2020","Second major","'99'","Grand total","Bachelor's degree","19","6","13","0","0","0","0","0","0","1","0","1","0","0","0","0","0","0","15","6","9","2","0","2","0","0","0","1","0","1","-2"
"107992","Southern Arkansas University Tech","2020","First major","'99'","Grand total","Associate's degree","132","51","81","1","1","0","1","0","1","52","13","39","2","1","1","0","0","0","75","35","40","0","0","0","1","1","0","0","0","0","-2"
"108092","University of Arkansas-Fort Smith","2020","First major","'99'","Grand total","Associate's degree","229","99","130","2","0","2","12","6","6","7","2","5","33","17","16","0","0","0","161","73","88","14","1","13","0","0","0","0","0","0","-2"
"108092","University of Arkansas-Fort Smith","2020","First major","'99'","Grand total","Bachelor's degree","828","304","524","22","10","12","47","19","28","26","7","19","100","38","62","2","0","2","560","197","363","63","29","34","0","0","0","8","4","4","-2"
"108092","University of Arkansas-Fort Smith","2020","First major","'99'","Grand total","Master's degree","9","2","7","1","0","1","1","0","1","0","0","0","0","0","0","0","0","0","7","2","5","0","0","0","0","0","0","0","0","0","-2"
"108232","Academy of Art University","2020","First major","'99'","Grand total","Associate's degree","157","52","105","0","0","0","10","5","5","13","4","9","17","8","9","1","0","1","29","7","22","8","3","5","56","20","36","23","5","18","-2"
"108232","Academy of Art University","2020","First major","'99'","Grand total","Bachelor's degree","960","412","548","1","0","1","76","38","38","34","11","23","88","51","37","8","2","6","156","74","82","17","5","12","170","80","90","410","151","259","-2"
"108232","Academy of Art University","2020","First major","'99'","Grand total","Master's degree","1030","355","675","4","2","2","49","17","32","42","19","23","56","23","33","4","0","4","113","43","70","12","5","7","137","51","86","613","195","418","-2"
"108269","Academy of Chinese Culture and Health Sciences","2020","First major","'99'","Grand total","Master's degree","12","2","10","0","0","0","3","0","3","2","1","1","1","0","1","0","0","0","6","1","5","0","0","0","0","0","0","0","0","0","-2"
"108269","Academy of Chinese Culture and Health Sciences","2020","First major","'99'","Grand total","Doctor's degree - research/scholarship","0","0","0","0","0","0","0","0","0","0","0","0","0","0","0","0","0","0","0","0","0","0","0","0","0","0","0","0","0","0","-2"
"108667","College of Alameda","2020","First major","'99'","Grand total","Associate's degree","383","157","226","0","0","0","160","67","93","45","16","29","74","21","53","1","1","0","57","31","26","13","4","9","22","11","11","11","6","5","-2"
"108807","Allan Hancock College","2020","First major","'99'","Grand total","Associate's degree","2225","827","1398","2","0","2","104","39","65","39","25","14","1491","503","988","6","6","0","473","194","279","75","40","35","30","18","12","5","2","3","-2"
"108852","American Academy of Dramatic Arts-Los Angeles","2020","First major","'99'","Grand total","Associate's degree","0","0","0","0","0","0","0","0","0","0","0","0","0","0","0","0","0","0","0","0","0","0","0","0","0","0","0","0","0","0","-2"
"108861","Berkeley School of Theology","2020","First major","'99'","Grand total","Master's degree","3","0","3","0","0","0","0","0","0","3","0","3","0","0","0","0","0","0","0","0","0","0","0","0","0","0","0","0","0","0","-2"
"108861","Berkeley School of Theology","2020","First major","'99'","Grand total","Doctor's degree - other","3","3","0","0","0","0","1","1","0","1","1","0","0","0","0","0","0","0","1","1","0","0","0","0","0","0","0","0","0","0","-2"
"108870","American Film Institute Conservatory","2020","First major","'99'","Grand total","Master's degree","102","51","51","0","0","0","4","1","3","5","3","2","9","5","4","0","0","0","35","21","14","6","1","5","1","0","1","42","20","22","-2"
"109040","American Career College-Los Angeles","2020","First major","'99'","Grand total","Associate's degree","110","26","84","0","0","0","33","6","27","9","2","7","45","12","33","5","2","3","12","4","8","4","0","4","2","0","2","0","0","0","-2"
"109086","American Conservatory Theater","2020","First major","'99'","Grand total","Master's degree","12","5","7","0","0","0","1","0","1","5","3","2","0","0","0","0","0","0","6","2","4","0","0","0","0","0","0","0","0","0","-2"
"109208","American River College","2020","First major","'99'","Grand total","Associate's degree","2842","1180","1662","10","3","7","320","138","182","227","94","133","664","262","402","30","15","15","1295","541","754","197","87","110","85","37","48","14","3","11","-2"
"109350","Antelope Valley College","2020","First major","'99'","Grand total","Associate's degree","1997","735","1262","6","2","4","106","52","54","259","60","199","1142","444","698","2","1","1","347","135","212","106","31","75","26","8","18","3","2","1","-2"
"109350","Antelope Valley College","2020","First major","'99'","Grand total","Bachelor's degree","6","5","1","0","0","0","0","0","0","0","0","0","4","3","1","0","0","0","1","1","0","1","1","0","0","0","0","0","0","0","-2"
"109651","Art Center College of Design","2020","First major","'99'","Grand total","Bachelor's degree","457","183","274","2","0","2","155","48","107","3","1","2","62","29","33","0","0","0","75","38","37","25","10","15","2","1","1","133","56","77","-2"
"109651","Art Center College of Design","2020","First major","'99'","Grand total","Master's degree","87","41","46","0","0","0","11","7","4","1","1","0","2","0","2","0","0","0","15","10","5","3","2","1","0","0","0","55","21","34","-2"
"109785","Azusa Pacific University","2020","First major","'99'","Grand total","Bachelor's degree","1683","470","1213","4","1","3","210","63","147","93","32","61","529","118","411","19","8","11","611","169","442","97","43","54","76","17","59","44","19","25","-2"
"109785","Azusa Pacific University","2020","First major","'99'","Grand total","Master's degree","1198","325","873","5","2","3","133","42","91","80","27","53","360","96","264","17","2","15","393","97","296","24","7","17","148","39","109","38","13","25","-2"
"109785","Azusa Pacific University","2020","First major","'99'","Grand total","Doctor's degree - research/scholarship","77","24","53","0","0","0","8","4","4","10","2","8","11","2","9","1","0","1","37","15","22","0","0","0","9","0","9","1","1","0","-2"
"109785","Azusa Pacific University","2020","First major","'99'","Grand total","Doctor's degree - professional practice","55","24","31","0","0","0","21","12","9","2","1","1","4","3","1","1","0","1","20","5","15","0","0","0","7","3","4","0","0","0","-2"
"109785","Azusa Pacific University","2020","Second major","'99'","Grand total","Bachelor's degree","3","0","3","0","0","0","0","0","0","0","0","0","2","0","2","0","0","0","1","0","1","0","0","0","0","0","0","0","0","0","-2"
"109819","Bakersfield College","2020","First major","'99'","Grand total","Associate's degree","4184","1548","2636","9","3","6","195","96","99","143","61","82","2821","1030","1791","4","2","2","787","293","494","199","52","147","1","0","1","25","11","14","-2"
"109819","Bakersfield College","2020","First major","'99'","Grand total","Bachelor's degree","9","7","2","0","0","0","0","0","0","0","0","0","5","5","0","0","0","0","3","2","1","1","0","1","0","0","0","0","0","0","-2"
"109907","Barstow Community College","2020","First major","'99'","Grand total","Associate's degree","501","165","336","2","0","2","19","7","12","56","21","35","204","69","135","4","2","2","153","42","111","42","13","29","18","9","9","3","2","1","-2"
"110060","Bethesda University","2020","First major","'99'","Grand total","Bachelor's degree","48","32","16","0","0","0","12","6","6","3","1","2","3","3","0","0","0","0","2","2","0","0","0","0","0","0","0","28","20","8","-2"
"110060","Bethesda University","2020","First major","'99'","Grand total","Master's degree","37","15","22","0","0","0","9","2","7","1","1","0","2","2","0","0","0","0","1","1","0","1","1","0","0","0","0","23","8","15","-2"
"110060","Bethesda University","2020","First major","'99'","Grand total","Doctor's degree - professional practice","0","0","0","0","0","0","0","0","0","0","0","0","0","0","0","0","0","0","0","0","0","0","0","0","0","0","0","0","0","0","-2"
"110097","Biola University","2020","First major","'99'","Grand total","Bachelor's degree","935","348","587","1","1","0","136","58","78","21","5","16","183","59","124","5","0","5","456","170","286","82","36","46","25","9","16","26","10","16","-2"
"110097","Biola University","2020","First major","'99'","Grand total","Master's degree","344","165","179","0","0","0","69","31","38","14","7","7","37","17","20","2","2","0","159","76","83","24","11","13","13","7","6","26","14","12","-2"
"110097","Biola University","2020","First major","'99'","Grand total","Doctor's degree - research/scholarship","39","13","26","0","0","0","5","1","4","1","1","0","5","2","3","0","0","0","16","5","11","3","0","3","3","2","1","6","2","4","-2"
"110097","Biola University","2020","First major","'99'","Grand total","Doctor's degree - other","21","20","1","0","0","0","3","2","1","0","0","0","0","0","0","0","0","0","16","16","0","0","0","0","1","1","0","1","1","0","-2"
"110097","Biola University","2020","Second major","'99'","Grand total","Bachelor's degree","6","0","6","0","0","0","0","0","0","0","0","0","1","0","1","0","0","0","3","0","3","2","0","2","0","0","0","0","0","0","-2"
"110219","Bryan University","2020","First major","'99'","Grand total","Associate's degree","214","55","159","1","0","1","1","1","0","38","11","27","13","4","9","0","0","0","96","23","73","14","3","11","51","13","38","0","0","0","-2"
"110219","Bryan University","2020","First major","'99'","Grand total","Bachelor's degree","113","57","56","2","2","0","2","2","0","24","12","12","8","5","3","1","1","0","48","21","27","6","3","3","22","11","11","0","0","0","-2"
"110219","Bryan University","2020","First major","'99'","Grand total","Master's degree","0","0","0","0","0","0","0","0","0","0","0","0","0","0","0","0","0","0","0","0","0","0","0","0","0","0","0","0","0","0","-2"
"110246","Butte College","2020","First major","'99'","Grand total","Associate's degree","1519","586","933","18","5","13","110","43","67","43","23","20","344","131","213","5","3","2","862","317","545","96","42","54","16","7","9","25","15","10","-2"
"110316","California Institute of Integral Studies","2020","First major","'99'","Grand total","Bachelor's degree","39","6","33","0","0","0","1","1","0","5","0","5","4","0","4","1","0","1","23","3","20","4","2","2","1","0","1","0","0","0","-2"
"110316","California Institute of Integral Studies","2020","First major","'99'","Grand total","Master's degree","233","43","190","0","0","0","16","3","13","9","0","9","26","5","21","2","0","2","131","29","102","18","2","16","9","0","9","22","4","18","-2"
"110316","California Institute of Integral Studies","2020","First major","'99'","Grand total","Doctor's degree - research/scholarship","40","14","26","1","0","1","0","0","0","2","0","2","4","2","2","0","0","0","25","10","15","2","1","1","2","0","2","4","1","3","-2"
"110316","California Institute of Integral Studies","2020","First major","'99'","Grand total","Doctor's degree - professional practice","12","6","6","0","0","0","1","1","0","2","2","0","0","0","0","0","0","0","7","3","4","0","0","0","0","0","0","2","0","2","-2"
"110316","California Institute of Integral Studies","2020","First major","'99'","Grand total","Doctor's degree - other","69","22","47","0","0","0","14","4","10","0","0","0","7","3","4","1","0","1","37","11","26","4","1","3","5","3","2","1","0","1","-2"
"110334","Cabrillo College","2020","First major","'99'","Grand total","Associate's degree","1458","578","880","0","0","0","40","11","29","9","2","7","693","258","435","1","0","1","613","261","352","77","36","41","9","2","7","16","8","8","-2"
"110361","California Baptist University","2020","First major","'99'","Grand total","Associate's degree","9","0","9","0","0","0","1","0","1","0","0","0","4","0","4","0","0","0","4","0","4","0","0","0","0","0","0","0","0","0","-2"
"110361","California Baptist University","2020","First major","'99'","Grand total","Bachelor's degree","1755","618","1137","12","3","9","84","33","51","106","39","67","617","182","435","12","5","7","735","271","464","86","40","46","73","27","46","30","18","12","-2"
"110361","California Baptist University","2020","First major","'99'","Grand total","Master's degree","1143","350","793","4","0","4","72","26","46","115","30","85","384","111","273","5","1","4","415","125","290","48","17","31","50","15","35","50","25","25","-2"
"110361","California Baptist University","2020","First major","'99'","Grand total","Doctor's degree - research/scholarship","15","9","6","0","0","0","2","1","1","1","1","0","5","1","4","0","0","0","5","4","1","0","0","0","1","1","0","1","1","0","-2"
"110361","California Baptist University","2020","Second major","'99'","Grand total","Bachelor's degree","32","8","24","0","0","0","1","0","1","2","1","1","10","2","8","0","0","0","16","3","13","2","2","0","1","0","1","0","0","0","-2"
"110370","California College of the Arts","2020","First major","'99'","Grand total","Bachelor's degree","353","126","227","0","0","0","47","16","31","14","5","9","50","23","27","1","1","0","59","24","35","15","6","9","11","5","6","156","46","110","-2"
"110370","California College of the Arts","2020","First major","'99'","Grand total","Master's degree","172","61","111","0","0","0","13","5","8","3","2","1","21","9","12","1","1","0","39","14","25","6","4","2","9","2","7","80","24","56","-2"
"110398","University of California-Hastings College of Law","2020","First major","'99'","Grand total","Master's degree","36","10","26","0","0","0","4","0","4","4","2","2","2","1","1","0","0","0","9","1","8","0","0","0","3","1","2","14","5","9","-2"
"110398","University of California-Hastings College of Law","2020","First major","'99'","Grand total","Doctor's degree - professional practice","293","128","165","6","2","4","59","19","40","5","3","2","45","18","27","0","0","0","146","73","73","0","0","0","24","11","13","8","2","6","-2"
"110404","California Institute of Technology","2020","First major","'99'","Grand total","Bachelor's degree","207","113","94","0","0","0","73","35","38","3","3","0","22","17","5","0","0","0","63","34","29","22","12","10","0","0","0","24","12","12","-2"
"110404","California Institute of Technology","2020","First major","'99'","Grand total","Master's degree","101","66","35","0","0","0","14","9","5","0","0","0","2","2","0","0","0","0","30","21","9","4","3","1","0","0","0","51","31","20","-2"
"110404","California Institute of Technology","2020","First major","'99'","Grand total","Doctor's degree - research/scholarship","146","108","38","0","0","0","10","6","4","0","0","0","5","2","3","0","0","0","56","40","16","2","2","0","1","1","0","72","57","15","-2"
"110413","California Lutheran University","2020","First major","'99'","Grand total","Bachelor's degree","863","354","509","2","1","1","44","12","32","23","15","8","279","105","174","2","1","1","393","157","236","58","31","27","27","12","15","35","20","15","-2"
"110413","California Lutheran University","2020","First major","'99'","Grand total","Master's degree","486","203","283","1","0","1","14","5","9","7","4","3","134","39","95","0","0","0","160","59","101","13","2","11","19","9","10","138","85","53","-2"
"110413","California Lutheran University","2020","First major","'99'","Grand total","Doctor's degree - professional practice","19","1","18","0","0","0","0","0","0","3","0","3","4","1","3","0","0","0","11","0","11","1","0","1","0","0","0","0","0","0","-2"
"110413","California Lutheran University","2020","Second major","'99'","Grand total","Bachelor's degree","49","4","45","1","0","1","1","0","1","0","0","0","18","1","17","0","0","0","20","2","18","5","0","5","1","0","1","3","1","2","-2"
"110422","California Polytechnic State University-San Luis Obispo","2020","First major","'99'","Grand total","Bachelor's degree","4846","2472","2374","7","5","2","630","323","307","43","22","21","809","405","404","3","1","2","2668","1358","1310","339","149","190","229","140","89","118","69","49","-2"
"110422","California Polytechnic State University-San Luis Obispo","2020","First major","'99'","Grand total","Master's degree","493","272","221","0","0","0","54","32","22","1","0","1","62","29","33","1","0","1","303","169","134","25","15","10","27","17","10","20","10","10","-2"
"110422","California Polytechnic State University-San Luis Obispo","2020","Second major","'99'","Grand total","Bachelor's degree","44","19","25","0","0","0","3","2","1","0","0","0","18","6","12","0","0","0","14","8","6","5","2","3","3","0","3","1","1","0","-2"
"110422","California Polytechnic State University-San Luis Obispo","2020","Second major","'99'","Grand total","Master's degree","5","4","1","0","0","0","0","0","0","0","0","0","0","0","0","0","0","0","1","1","0","2","1","1","1","1","0","1","1","0","-2"
"110468","Alliant International University-San Diego","2020","First major","'99'","Grand total","Bachelor's degree","46","30","16","0","0","0","7","6","1","3","1","2","1","0","1","0","0","0","17","8","9","2","2","0","1","1","0","15","12","3","-2"
"110468","Alliant International University-San Diego","2020","First major","'99'","Grand total","Master's degree","519","141","378","3","0","3","50","20","30","27","6","21","130","31","99","1","0","1","240","63","177","21","4","17","24","8","16","23","9","14","-2"
"110468","Alliant International University-San Diego","2020","First major","'99'","Grand total","Doctor's degree - research/scholarship","292","72","220","1","0","1","35","6","29","20","2","18","62","10","52","1","0","1","150","47","103","14","4","10","6","2","4","3","1","2","-2"
"110468","Alliant International University-San Diego","2020","First major","'99'","Grand total","Doctor's degree - professional practice","5","3","2","0","0","0","1","0","1","0","0","0","0","0","0","0","0","0","0","0","0","1","1","0","3","2","1","0","0","0","-2"
"110486","California State University-Bakersfield","2020","First major","'99'","Grand total","Bachelor's degree","2178","775","1403","12","7","5","124","50","74","106","27","79","1195","383","812","4","0","4","397","158","239","56","23","33","170","66","104","114","61","53","-2"
"110486","California State University-Bakersfield","2020","First major","'99'","Grand total","Master's degree","422","106","316","2","1","1","22","6","16","16","2","14","218","61","157","0","0","0","74","19","55","11","2","9","76","12","64","3","3","0","-2"
"110486","California State University-Bakersfield","2020","First major","'99'","Grand total","Doctor's degree - other","7","1","6","0","0","0","2","0","2","0","0","0","2","1","1","0","0","0","2","0","2","0","0","0","1","0","1","0","0","0","-2"
"110486","California State University-Bakersfield","2020","Second major","'99'","Grand total","Bachelor's degree","46","14","32","0","0","0","3","2","1","3","1","2","21","4","17","0","0","0","10","3","7","0","0","0","7","2","5","2","2","0","-2"
"110495","California State University-Stanislaus","2020","First major","'99'","Grand total","Bachelor's degree","2370","808","1562","11","4","7","265","89","176","60","17","43","1157","374","783","6","3","3","584","204","380","89","41","48","127","49","78","71","27","44","-2"
"110495","California State University-Stanislaus","2020","First major","'99'","Grand total","Master's degree","369","87","282","1","0","1","39","11","28","15","3","12","153","34","119","2","1","1","109","27","82","12","1","11","32","7","25","6","3","3","-2"
"110495","California State University-Stanislaus","2020","First major","'99'","Grand total","Doctor's degree - other","10","6","4","0","0","0","2","2","0","1","1","0","3","2","1","0","0","0","2","1","1","0","0","0","2","0","2","0","0","0","-2"
"110495","California State University-Stanislaus","2020","Second major","'99'","Grand total","Bachelor's degree","43","9","34","0","0","0","4","1","3","1","0","1","19","2","17","0","0","0","9","2","7","2","1","1","0","0","0","8","3","5","-2"
"110510","California State University-San Bernardino","2020","First major","'99'","Grand total","Bachelor's degree","4793","1862","2931","6","4","2","250","127","123","228","71","157","2988","1039","1949","7","5","2","645","279","366","111","45","66","184","79","105","374","213","161","-2"
"110510","California State University-San Bernardino","2020","First major","'99'","Grand total","Master's degree","812","275","537","0","0","0","49","21","28","55","13","42","371","119","252","4","2","2","191","70","121","21","6","15","75","28","47","46","16","30","-2"
"110510","California State University-San Bernardino","2020","First major","'99'","Grand total","Doctor's degree - other","21","7","14","0","0","0","5","1","4","2","2","0","8","2","6","0","0","0","2","1","1","1","0","1","3","1","2","0","0","0","-2"
"110510","California State University-San Bernardino","2020","Second major","'99'","Grand total","Bachelor's degree","207","60","147","0","0","0","3","2","1","11","7","4","128","31","97","0","0","0","31","10","21","5","0","5","12","5","7","17","5","12","-2"
"110510","California State University-San Bernardino","2020","Second major","'99'","Grand total","Master's degree","25","14","11","0","0","0","4","2","2","1","0","1","8","5","3","0","0","0","6","4","2","0","0","0","4","2","2","2","1","1","-2"
"110529","California State Polytechnic University-Pomona","2020","First major","'99'","Grand total","Bachelor's degree","5718","2907","2811","7","6","1","1235","702","533","163","66","97","2445","1111","1334","7","6","1","1019","566","453","226","125","101","192","100","92","424","225","199","-2"
"110529","California State Polytechnic University-Pomona","2020","First major","'99'","Grand total","Master's degree","388","213","175","1","1","0","66","41","25","12","6","6","108","61","47","0","0","0","102","56","46","14","9","5","28","11","17","57","28","29","-2"
"110529","California State Polytechnic University-Pomona","2020","First major","'99'","Grand total","Doctor's degree - other","15","2","13","0","0","0","2","0","2","3","1","2","5","0","5","0","0","0","4","1","3","0","0","0","0","0","0","1","0","1","-2"
"110529","California State Polytechnic University-Pomona","2020","Second major","'99'","Grand total","Bachelor's degree","26","19","7","0","0","0","5","4","1","1","1","0","9","6","3","0","0","0","8","6","2","2","1","1","0","0","0","1","1","0","-2"
"110538","California State University-Chico","2020","First major","'99'","Grand total","Bachelor's degree","4017","1806","2211","22","12","10","226","105","121","74","34","40","1273","543","730","12","7","5","1821","824","997","189","82","107","286","133","153","114","66","48","-2"
"110538","California State University-Chico","2020","First major","'99'","Grand total","Master's degree","272","83","189","2","0","2","23","9","14","3","0","3","56","15","41","0","0","0","145","43","102","13","2","11","20","9","11","10","5","5","-2"
"110538","California State University-Chico","2020","Second major","'99'","Grand total","Bachelor's degree","214","89","125","1","1","0","8","5","3","5","3","2","86","34","52","0","0","0","85","35","50","11","6","5","17","5","12","1","0","1","-2"
"110547","California State University-Dominguez Hills","2020","First major","'99'","Grand total","Bachelor's degree","3262","1109","2153","0","0","0","294","132","162","336","91","245","1996","606","1390","7","3","4","275","135","140","97","35","62","106","40","66","151","67","84","-2"
"110547","California State University-Dominguez Hills","2020","First major","'99'","Grand total","Master's degree","797","231","566","0","0","0","97","32","65","113","17","96","315","87","228","1","0","1","172","57","115","29","4","25","36","13","23","34","21","13","-2"
"110547","California State University-Dominguez Hills","2020","Second major","'99'","Grand total","Bachelor's degree","23","11","12","0","0","0","1","1","0","4","0","4","14","7","7","0","0","0","1","1","0","1","1","0","1","0","1","1","1","0","-2"
"110556","California State University-Fresno","2020","First major","'99'","Grand total","Bachelor's degree","5313","2098","3215","19","9","10","633","273","360","114","58","56","2726","984","1742","13","6","7","1120","454","666","137","53","84","251","101","150","300","160","140","-2"
"110556","California State University-Fresno","2020","First major","'99'","Grand total","Master's degree","791","291","500","0","0","0","83","25","58","24","11","13","329","104","225","0","0","0","201","78","123","20","4","16","49","24","25","85","45","40","-2"
"110556","California State University-Fresno","2020","First major","'99'","Grand total","Doctor's degree - professional practice","45","14","31","0","0","0","10","4","6","3","1","2","12","4","8","0","0","0","11","2","9","5","1","4","4","2","2","0","0","0","-2"
"110556","California State University-Fresno","2020","First major","'99'","Grand total","Doctor's degree - other","35","10","25","0","0","0","7","2","5","2","2","0","9","3","6","0","0","0","14","3","11","1","0","1","2","0","2","0","0","0","-2"
"110556","California State University-Fresno","2020","Second major","'99'","Grand total","Bachelor's degree","77","22","55","0","0","0","6","1","5","3","2","1","34","9","25","0","0","0","21","6","15","2","1","1","6","1","5","5","2","3","-2"
"110565","California State University-Fullerton","2020","First major","'99'","Grand total","Bachelor's degree","9420","3965","5455","15","4","11","1970","920","1050","161","57","104","3915","1454","2461","12","3","9","2013","908","1105","424","162","262","369","171","198","541","286","255","-2"
"110565","California State University-Fullerton","2020","First major","'99'","Grand total","Master's degree","1725","664","1061","3","1","2","286","119","167","36","16","20","427","126","301","3","1","2","483","164","319","59","20","39","98","41","57","330","176","154","-2"
"110565","California State University-Fullerton","2020","First major","'99'","Grand total","Doctor's degree - professional practice","20","2","18","0","0","0","4","0","4","1","0","1","6","1","5","0","0","0","5","1","4","1","0","1","3","0","3","0","0","0","-2"
"110565","California State University-Fullerton","2020","First major","'99'","Grand total","Doctor's degree - other","40","8","32","0","0","0","6","1","5","6","1","5","9","2","7","0","0","0","10","3","7","3","0","3","5","0","5","1","1","0","-2"
"110565","California State University-Fullerton","2020","Second major","'99'","Grand total","Bachelor's degree","268","90","178","1","0","1","76","31","45","4","2","2","109","32","77","0","0","0","43","12","31","14","3","11","6","3","3","15","7","8","-2"
"110574","California State University-East Bay","2020","First major","'99'","Grand total","Bachelor's degree","3439","1218","2221","6","0","6","823","346","477","320","92","228","1064","301","763","29","9","20","647","247","400","171","68","103","188","77","111","191","78","113","-2"
"110574","California State University-East Bay","2020","First major","'99'","Grand total","Master's degree","1004","352","652","0","0","0","204","71","133","71","19","52","146","48","98","6","1","5","231","75","156","29","7","22","79","31","48","238","100","138","-2"
"110574","California State University-East Bay","2020","First major","'99'","Grand total","Doctor's degree - other","20","1","19","0","0","0","1","0","1","8","0","8","4","0","4","1","0","1","3","1","2","2","0","2","1","0","1","0","0","0","-2"
"110574","California State University-East Bay","2020","Second major","'99'","Grand total","Bachelor's degree","37","12","25","1","0","1","4","2","2","2","1","1","17","5","12","1","0","1","8","3","5","0","0","0","3","1","2","1","0","1","-2"
"110574","California State University-East Bay","2020","Second major","'99'","Grand total","Master's degree","2","1","1","0","0","0","0","0","0","0","0","0","0","0","0","0","0","0","0","0","0","0","0","0","1","1","0","1","0","1","-2"
"110583","California State University-Long Beach","2020","First major","'99'","Grand total","Bachelor's degree","8607","3565","5042","13","3","10","1871","838","1033","281","114","167","3606","1370","2236","24","13","11","1611","726","885","384","159","225","286","127","159","531","215","316","-2"
"110583","California State University-Long Beach","2020","First major","'99'","Grand total","Master's degree","1713","652","1061","1","1","0","242","93","149","77","28","49","618","203","415","7","2","5","416","154","262","60","24","36","89","38","51","203","109","94","-2"
"110583","California State University-Long Beach","2020","First major","'99'","Grand total","Doctor's degree - research/scholarship","0","0","0","0","0","0","0","0","0","0","0","0","0","0","0","0","0","0","0","0","0","0","0","0","0","0","0","0","0","0","-2"
"110583","California State University-Long Beach","2020","First major","'99'","Grand total","Doctor's degree - professional practice","36","15","21","0","0","0","13","8","5","0","0","0","4","3","1","0","0","0","12","1","11","4","2","2","3","1","2","0","0","0","-2"
"110583","California State University-Long Beach","2020","First major","'99'","Grand total","Doctor's degree - other","34","8","26","0","0","0","4","0","4","8","3","5","10","4","6","0","0","0","11","1","10","0","0","0","0","0","0","1","0","1","-2"
"110583","California State University-Long Beach","2020","Second major","'99'","Grand total","Bachelor's degree","307","119","188","0","0","0","70","28","42","11","3","8","123","34","89","0","0","0","61","34","27","13","5","8","9","6","3","20","9","11","-2"
"110583","California State University-Long Beach","2020","Second major","'99'","Grand total","Master's degree","1","1","0","0","0","0","1","1","0","0","0","0","0","0","0","0","0","0","0","0","0","0","0","0","0","0","0","0","0","0","-2"
"110592","California State University-Los Angeles","2020","First major","'99'","Grand total","Bachelor's degree","5982","2348","3634","6","4","2","829","423","406","229","79","150","3823","1371","2452","6","4","2","432","197","235","116","54","62","141","57","84","400","159","241","-2"
"110592","California State University-Los Angeles","2020","First major","'99'","Grand total","Master's degree","1284","454","830","3","2","1","158","64","94","79","19","60","594","180","414","1","1","0","194","59","135","28","12","16","59","24","35","168","93","75","-2"
"110592","California State University-Los Angeles","2020","First major","'99'","Grand total","Doctor's degree - research/scholarship","0","0","0","0","0","0","0","0","0","0","0","0","0","0","0","0","0","0","0","0","0","0","0","0","0","0","0","0","0","0","-2"
"110592","California State University-Los Angeles","2020","First major","'99'","Grand total","Doctor's degree - other","18","9","9","0","0","0","1","0","1","3","3","0","7","3","4","0","0","0","5","2","3","1","1","0","1","0","1","0","0","0","-2"
"110592","California State University-Los Angeles","2020","Second major","'99'","Grand total","Bachelor's degree","63","30","33","0","0","0","12","7","5","4","1","3","37","16","21","0","0","0","5","3","2","0","0","0","2","0","2","3","3","0","-2"
"110592","California State University-Los Angeles","2020","Second major","'99'","Grand total","Master's degree","8","4","4","0","0","0","2","1","1","0","0","0","3","2","1","0","0","0","0","0","0","0","0","0","0","0","0","3","1","2","-2"
"110608","California State University-Northridge","2020","First major","'99'","Grand total","Bachelor's degree","9024","3824","5200","10","4","6","957","484","473","360","134","226","4128","1557","2571","3","1","2","2103","932","1171","304","147","157","395","183","212","764","382","382","-2"
"110608","California State University-Northridge","2020","First major","'99'","Grand total","Master's degree","1575","489","1086","2","1","1","128","36","92","70","17","53","477","131","346","1","1","0","428","146","282","35","14","21","329","90","239","105","53","52","-2"
"110608","California State University-Northridge","2020","First major","'99'","Grand total","Doctor's degree - professional practice","30","12","18","0","0","0","4","4","0","0","0","0","5","3","2","0","0","0","14","3","11","1","1","0","5","0","5","1","1","0","-2"
"110608","California State University-Northridge","2020","First major","'99'","Grand total","Doctor's degree - other","10","5","5","0","0","0","1","1","0","0","0","0","2","1","1","0","0","0","5","3","2","0","0","0","2","0","2","0","0","0","-2"
"110608","California State University-Northridge","2020","Second major","'99'","Grand total","Bachelor's degree","238","97","141","0","0","0","31","8","23","7","5","2","105","40","65","0","0","0","56","27","29","12","5","7","9","4","5","18","8","10","-2"
"110617","California State University-Sacramento","2020","First major","'99'","Grand total","Bachelor's degree","7381","3131","4250","14","6","8","1381","632","749","362","151","211","2281","852","1429","50","27","23","2259","1004","1255","461","200","261","444","200","244","129","59","70","-2"
"110617","California State University-Sacramento","2020","First major","'99'","Grand total","Master's degree","681","249","432","1","0","1","92","35","57","26","9","17","135","45","90","3","1","2","249","74","175","20","8","12","74","36","38","81","41","40","-2"
"110617","California State University-Sacramento","2020","First major","'99'","Grand total","Doctor's degree - research/scholarship","0","0","0","0","0","0","0","0","0","0","0","0","0","0","0","0","0","0","0","0","0","0","0","0","0","0","0","0","0","0","-2"
"110617","California State University-Sacramento","2020","First major","'99'","Grand total","Doctor's degree - professional practice","32","14","18","0","0","0","7","4","3","0","0","0","4","2","2","0","0","0","20","8","12","0","0","0","1","0","1","0","0","0","-2"
"110617","California State University-Sacramento","2020","First major","'99'","Grand total","Doctor's degree - other","11","4","7","0","0","0","2","1","1","0","0","0","4","1","3","0","0","0","4","2","2","1","0","1","0","0","0","0","0","0","-2"
"110617","California State University-Sacramento","2020","Second major","'99'","Grand total","Bachelor's degree","145","65","80","0","0","0","27","9","18","4","2","2","43","19","24","0","0","0","48","22","26","12","8","4","8","4","4","3","1","2","-2"
"110635","University of California-Berkeley","2020","First major","'99'","Grand total","Bachelor's degree","9096","4314","4782","8","2","6","3159","1523","1636","158","55","103","1318","549","769","12","7","5","2403","1155","1248","508","223","285","400","198","202","1130","602","528","-2"
"110635","University of California-Berkeley","2020","First major","'99'","Grand total","Master's degree","3316","1755","1561","6","3","3","532","279","253","71","32","39","226","96","130","6","4","2","895","479","416","82","39","43","131","73","58","1367","750","617","-2"
"110635","University of California-Berkeley","2020","First major","'99'","Grand total","Doctor's degree - research/scholarship","807","503","304","2","0","2","76","41","35","18","7","11","59","32","27","0","0","0","339","202","137","23","14","9","69","43","26","221","164","57","-2"
"110635","University of California-Berkeley","2020","First major","'99'","Grand total","Doctor's degree - professional practice","397","138","259","1","1","0","63","12","51","9","4","5","49","18","31","1","0","1","178","71","107","65","22","43","11","4","7","20","6","14","-2"
"110635","University of California-Berkeley","2020","Second major","'99'","Grand total","Bachelor's degree","1095","541","554","2","2","0","395","196","199","5","1","4","107","45","62","0","0","0","250","123","127","69","33","36","56","27","29","211","114","97","-2"
"110635","University of California-Berkeley","2020","Second major","'99'","Grand total","Doctor's degree - research/scholarship","5","4","1","0","0","0","1","0","1","0","0","0","0","0","0","0","0","0","1","1","0","1","1","0","2","2","0","0","0","0","-2"
"110644","University of California-Davis","2020","First major","'99'","Grand total","Bachelor's degree","8636","3471","5165","6","3","3","2452","950","1502","180","78","102","1787","590","1197","33","13","20","2289","927","1362","467","186","281","115","55","60","1307","669","638","-2"
"110644","University of California-Davis","2020","First major","'99'","Grand total","Master's degree","1388","618","770","3","1","2","219","96","123","23","6","17","150","49","101","3","0","3","459","206","253","59","25","34","17","5","12","455","230","225","-2"
"110644","University of California-Davis","2020","First major","'99'","Grand total","Doctor's degree - research/scholarship","517","266","251","3","0","3","44","20","24","5","2","3","35","14","21","3","1","2","251","130","121","15","9","6","20","10","10","141","80","61","-2"
"110644","University of California-Davis","2020","First major","'99'","Grand total","Doctor's degree - professional practice","414","123","291","0","0","0","79","21","58","19","5","14","77","22","55","0","0","0","186","55","131","32","11","21","7","3","4","14","6","8","-2"
"110644","University of California-Davis","2020","Second major","'99'","Grand total","Bachelor's degree","753","268","485","2","2","0","151","52","99","12","2","10","211","55","156","1","0","1","190","79","111","38","15","23","7","2","5","141","61","80","-2"
"110653","University of California-Irvine","2020","First major","'99'","Grand total","Bachelor's degree","8955","4079","4876","5","4","1","3084","1412","1672","151","59","92","2268","875","1393","27","12","15","1364","701","663","365","174","191","111","56","55","1580","786","794","-2"
"110653","University of California-Irvine","2020","First major","'99'","Grand total","Master's degree","1545","773","772","3","2","1","375","167","208","27","17","10","167","72","95","2","1","1","352","183","169","49","22","27","65","37","28","505","272","233","-2"
"110653","University of California-Irvine","2020","First major","'99'","Grand total","Doctor's degree - research/scholarship","420","240","180","0","0","0","44","18","26","7","4","3","38","15","23","0","0","0","157","88","69","16","10","6","34","22","12","124","83","41","-2"
"110653","University of California-Irvine","2020","First major","'99'","Grand total","Doctor's degree - professional practice","233","100","133","0","0","0","59","23","36","7","5","2","42","15","27","0","0","0","93","42","51","7","3","4","19","11","8","6","1","5","-2"
"110653","University of California-Irvine","2020","Second major","'99'","Grand total","Bachelor's degree","365","113","252","0","0","0","83","26","57","3","2","1","172","40","132","1","0","1","60","26","34","12","4","8","4","2","2","30","13","17","-2"
"110662","University of California-Los Angeles","2020","First major","'99'","Grand total","Bachelor's degree","9418","3910","5508","21","6","15","2584","1090","1494","299","114","185","2109","745","1364","25","15","10","2511","1079","1432","496","201","295","205","99","106","1168","561","607","-2"
"110662","University of California-Los Angeles","2020","First major","'99'","Grand total","Master's degree","3271","1671","1600","3","1","2","583","312","271","88","35","53","418","150","268","8","5","3","943","529","414","120","57","63","80","36","44","1028","546","482","-2"
"110662","University of California-Los Angeles","2020","First major","'99'","Grand total","Doctor's degree - research/scholarship","676","395","281","1","0","1","114","61","53","23","9","14","48","23","25","0","0","0","242","140","102","21","14","7","9","5","4","218","143","75","-2"
"110662","University of California-Los Angeles","2020","First major","'99'","Grand total","Doctor's degree - professional practice","569","288","281","2","1","1","97","41","56","21","9","12","61","33","28","1","0","1","223","127","96","28","12","16","116","56","60","20","9","11","-2"
"110662","University of California-Los Angeles","2020","Second major","'99'","Grand total","Bachelor's degree","588","188","400","0","0","0","91","31","60","16","5","11","183","52","131","2","1","1","130","44","86","29","8","21","6","2","4","131","45","86","-2"
"110671","University of California-Riverside","2020","First major","'99'","Grand total","Bachelor's degree","5541","2402","3139","14","5","9","1702","852","850","231","66","165","2410","883","1527","21","11","10","649","333","316","209","95","114","52","31","21","253","126","127","-2"
"110671","University of California-Riverside","2020","First major","'99'","Grand total","Master's degree","765","411","354","2","0","2","88","57","31","23","11","12","174","65","109","2","2","0","182","95","87","30","18","12","28","15","13","236","148","88","-2"
"110671","University of California-Riverside","2020","First major","'99'","Grand total","Doctor's degree - research/scholarship","272","173","99","3","2","1","23","12","11","2","1","1","10","8","2","0","0","0","111","67","44","10","4","6","16","10","6","97","69","28","-2"
"110671","University of California-Riverside","2020","First major","'99'","Grand total","Doctor's degree - professional practice","69","29","40","0","0","0","23","12","11","6","1","5","16","6","10","0","0","0","18","9","9","1","1","0","5","0","5","0","0","0","-2"
"110671","University of California-Riverside","2020","Second major","'99'","Grand total","Bachelor's degree","195","41","154","0","0","0","23","6","17","5","1","4","138","20","118","0","0","0","20","9","11","4","2","2","3","2","1","2","1","1","-2"
"110671","University of California-Riverside","2020","Second major","'99'","Grand total","Master's degree","1","1","0","0","0","0","0","0","0","1","1","0","0","0","0","0","0","0","0","0","0","0","0","0","0","0","0","0","0","0","-2"
"110680","University of California-San Diego","2020","First major","'99'","Grand total","Bachelor's degree","7933","3884","4049","8","3","5","2693","1342","1351","112","44","68","1410","622","788","25","9","16","1555","784","771","374","159","215","116","56","60","1640","865","775","-2"
"110680","University of California-San Diego","2020","First major","'99'","Grand total","Master's degree","2235","1312","923","3","1","2","283","160","123","31","16","15","157","84","73","0","0","0","463","256","207","66","34","32","47","22","25","1185","739","446","-2"
"110680","University of California-San Diego","2020","First major","'99'","Grand total","Doctor's degree - research/scholarship","553","351","202","1","1","0","61","37","24","10","6","4","48","30","18","0","0","0","191","117","74","19","10","9","27","18","9","196","132","64","-2"
"110680","University of California-San Diego","2020","First major","'99'","Grand total","Doctor's degree - professional practice","193","85","108","1","0","1","76","31","45","7","6","1","12","7","5","0","0","0","68","27","41","9","5","4","20","9","11","0","0","0","-2"
"110680","University of California-San Diego","2020","Second major","'99'","Grand total","Bachelor's degree","462","192","270","0","0","0","119","45","74","2","0","2","80","32","48","2","0","2","77","30","47","17","5","12","6","5","1","159","75","84","-2"
"110699","University of California-San Francisco","2020","First major","'99'","Grand total","Master's degree","313","95","218","2","0","2","87","32","55","17","4","13","47","12","35","2","1","1","114","32","82","18","4","14","12","5","7","14","5","9","-2"
"110699","University of California-San Francisco","2020","First major","'99'","Grand total","Doctor's degree - research/scholarship","146","51","95","0","0","0","27","8","19","5","2","3","14","3","11","0","0","0","61","21","40","17","3","14","9","5","4","13","9","4","-2"
"110699","University of California-San Francisco","2020","First major","'99'","Grand total","Doctor's degree - professional practice","436","171","265","0","0","0","192","71","121","20","12","8","45","25","20","1","1","0","115","40","75","30","10","20","22","8","14","11","4","7","-2"
"110705","University of California-Santa Barbara","2020","First major","'99'","Grand total","Bachelor's degree","6583","2978","3605","8","5","3","1141","528","613","118","41","77","1584","653","931","11","5","6","2163","996","1167","527","218","309","170","77","93","861","455","406","-2"
"110705","University of California-Santa Barbara","2020","First major","'99'","Grand total","Master's degree","570","283","287","0","0","0","65","39","26","16","3","13","77","33","44","1","0","1","243","112","131","12","4","8","9","4","5","147","88","59","-2"
"110705","University of California-Santa Barbara","2020","First major","'99'","Grand total","Doctor's degree - research/scholarship","298","183","115","3","2","1","33","14","19","3","1","2","13","4","9","0","0","0","147","92","55","0","0","0","10","6","4","89","64","25","-2"
"110705","University of California-Santa Barbara","2020","Second major","'99'","Grand total","Bachelor's degree","480","142","338","0","0","0","73","23","50","3","1","2","157","40","117","0","0","0","150","36","114","42","13","29","10","4","6","45","25","20","-2"
"110714","University of California-Santa Cruz","2020","First major","'99'","Grand total","Bachelor's degree","5062","2448","2614","5","2","3","1153","624","529","90","31","59","1420","562","858","8","1","7","1608","801","807","394","196","198","101","61","40","283","170","113","-2"
"110714","University of California-Santa Cruz","2020","First major","'99'","Grand total","Master's degree","347","192","155","0","0","0","31","18","13","3","2","1","41","22","19","0","0","0","127","60","67","10","4","6","18","11","7","117","75","42","-2"
"110714","University of California-Santa Cruz","2020","First major","'99'","Grand total","Doctor's degree - research/scholarship","152","79","73","0","0","0","16","6","10","2","0","2","10","4","6","0","0","0","80","45","35","3","1","2","15","6","9","26","17","9","-2"
"110714","University of California-Santa Cruz","2020","Second major","'99'","Grand total","Bachelor's degree","398","117","281","1","0","1","49","16","33","7","0","7","167","41","126","1","0","1","115","40","75","37","14","23","4","0","4","17","6","11","-2"
"110778","Sofia University","2020","First major","'99'","Grand total","Bachelor's degree","4","0","4","0","0","0","0","0","0","0","0","0","0","0","0","0","0","0","1","0","1","0","0","0","3","0","3","0","0","0","-2"
"110778","Sofia University","2020","First major","'99'","Grand total","Master's degree","792","354","438","0","0","0","12","4","8","0","0","0","0","0","0","0","0","0","2","0","2","0","0","0","17","3","14","761","347","414","-2"
"110778","Sofia University","2020","First major","'99'","Grand total","Doctor's degree - research/scholarship","18","4","14","0","0","0","0","0","0","1","1","0","1","0","1","0","0","0","6","2","4","0","0","0","9","1","8","1","0","1","-2"
"110918","California Christian College","2020","First major","'99'","Grand total","Associate's degree","0","0","0","0","0","0","0","0","0","0","0","0","0","0","0","0","0","0","0","0","0","0","0","0","0","0","0","0","0","0","-2"
"110918","California Christian College","2020","First major","'99'","Grand total","Bachelor's degree","1","1","0","0","0","0","0","0","0","0","0","0","1","1","0","0","0","0","0","0","0","0","0","0","0","0","0","0","0","0","-2"
"111045","Haven University","2020","First major","'99'","Grand total","Bachelor's degree","4","1","3","0","0","0","0","0","0","0","0","0","0","0","0","0","0","0","0","0","0","0","0","0","0","0","0","4","1","3","-2"
"111045","Haven University","2020","First major","'99'","Grand total","Master's degree","5","3","2","0","0","0","0","0","0","0","0","0","0","0","0","0","0","0","0","0","0","0","0","0","0","0","0","5","3","2","-2"
"111045","Haven University","2020","First major","'99'","Grand total","Doctor's degree - research/scholarship","0","0","0","0","0","0","0","0","0","0","0","0","0","0","0","0","0","0","0","0","0","0","0","0","0","0","0","0","0","0","-2"
"111081","California Institute of the Arts","2020","First major","'99'","Grand total","Bachelor's degree","215","103","112","1","0","1","24","8","16","12","2","10","30","20","10","0","0","0","85","49","36","9","5","4","20","8","12","34","11","23","-2"
"111081","California Institute of the Arts","2020","First major","'99'","Grand total","Master's degree","177","72","105","0","0","0","15","9","6","7","3","4","19","10","9","0","0","0","62","30","32","5","1","4","8","2","6","61","17","44","-2"
"111081","California Institute of the Arts","2020","First major","'99'","Grand total","Doctor's degree - research/scholarship","4","3","1","0","0","0","0","0","0","0","0","0","0","0","0","0","0","0","3","2","1","0","0","0","1","1","0","0","0","0","-2"
"111081","California Institute of the Arts","2020","Second major","'99'","Grand total","Bachelor's degree","3","2","1","0","0","0","0","0","0","0","0","0","0","0","0","0","0","0","2","2","0","0","0","0","0","0","0","1","0","1","-2"
"111081","California Institute of the Arts","2020","Second major","'99'","Grand total","Master's degree","4","0","4","0","0","0","0","0","0","0","0","0","0","0","0","0","0","0","3","0","3","0","0","0","0","0","0","1","0","1","-2"
"111188","California State University Maritime Academy","2020","First major","'99'","Grand total","Bachelor's degree","212","172","40","1","1","0","21","18","3","5","1","4","35","25","10","2","1","1","108","94","14","20","14","6","19","17","2","1","1","0","-2"
"111188","California State University Maritime Academy","2020","First major","'99'","Grand total","Master's degree","7","6","1","0","0","0","0","0","0","0","0","0","0","0","0","0","0","0","0","0","0","0","0","0","7","6","1","0","0","0","-2"
"111188","California State University Maritime Academy","2020","Second major","'99'","Grand total","Bachelor's degree","2","1","1","0","0","0","0","0","0","0","0","0","2","1","1","0","0","0","0","0","0","0","0","0","0","0","0","0","0","0","-2"
"111391","California Western School of Law","2020","First major","'99'","Grand total","Master's degree","109","63","46","0","0","0","0","0","0","0","0","0","0","0","0","0","0","0","0","0","0","0","0","0","104","61","43","5","2","3","-2"
"111391","California Western School of Law","2020","First major","'99'","Grand total","Doctor's degree - professional practice","206","88","118","1","1","0","21","7","14","12","2","10","46","20","26","4","0","4","100","46","54","9","5","4","9","6","3","4","1","3","-2"
"111434","Canada College","2020","First major","'99'","Grand total","Associate's degree","614","200","414","3","3","0","49","20","29","17","8","9","365","113","252","12","2","10","106","34","72","18","4","14","11","2","9","33","14","19","-2"
"111461","College of the Canyons","2020","First major","'99'","Grand total","Associate's degree","3160","1298","1862","17","8","9","400","184","216","92","45","47","1516","548","968","5","1","4","988","457","531","85","34","51","24","8","16","33","13","20","-2"
"111638","Casa Loma College-Van Nuys","2020","First major","'99'","Grand total","Associate's degree","106","48","58","0","0","0","20","13","7","6","5","1","31","10","21","0","0","0","48","20","28","0","0","0","0","0","0","1","0","1","-2"
"111638","Casa Loma College-Van Nuys","2020","First major","'99'","Grand total","Bachelor's degree","0","0","0","0","0","0","0","0","0","0","0","0","0","0","0","0","0","0","0","0","0","0","0","0","0","0","0","0","0","0","-2"
"111887","Cerritos College","2020","First major","'99'","Grand total","Associate's degree","1932","736","1196","9","2","7","190","73","117","92","34","58","1388","532","856","2","1","1","137","52","85","59","23","36","34","12","22","21","7","14","-2"
"111896","Cerro Coso Community College","2020","First major","'99'","Grand total","Associate's degree","588","276","312","10","6","4","40","22","18","20","14","6","153","65","88","0","0","0","283","116","167","56","27","29","26","26","0","0","0","0","-2"
"111920","Chabot College","2020","First major","'99'","Grand total","Associate's degree","1309","485","824","1","1","0","411","184","227","136","39","97","490","160","330","17","6","11","154","62","92","73","24","49","5","4","1","22","5","17","-2"
"111939","Chaffey College","2020","First major","'99'","Grand total","Associate's degree","4028","1431","2597","24","6","18","337","164","173","324","106","218","2520","842","1678","11","1","10","682","243","439","53","51","2","59","3","56","18","15","3","-2"
"111948","Chapman University","2020","First major","'99'","Grand total","Bachelor's degree","1848","684","1164","3","1","2","211","63","148","27","7","20","301","120","181","2","1","1","1008","391","617","138","40","98","86","33","53","72","28","44","-2"
"111948","Chapman University","2020","First major","'99'","Grand total","Master's degree","471","149","322","1","1","0","62","17","45","10","4","6","93","17","76","0","0","0","192","62","130","32","11","21","7","1","6","74","36","38","-2"
"111948","Chapman University","2020","First major","'99'","Grand total","Doctor's degree - research/scholarship","24","13","11","0","0","0","4","1","3","0","0","0","4","3","1","0","0","0","10","4","6","1","1","0","0","0","0","5","4","1","-2"
"111948","Chapman University","2020","First major","'99'","Grand total","Doctor's degree - professional practice","321","130","191","1","0","1","105","53","52","6","5","1","45","13","32","0","0","0","115","41","74","20","6","14","25","11","14","4","1","3","-2"
"111948","Chapman University","2020","Second major","'99'","Grand total","Bachelor's degree","127","46","81","0","0","0","13","2","11","2","0","2","35","12","23","0","0","0","62","29","33","6","1","5","4","1","3","5","1","4","-2"
"111966","Charles R Drew University of Medicine and Science","2020","First major","'99'","Grand total","Associate's degree","24","9","15","0","0","0","5","2","3","5","1","4","8","4","4","0","0","0","2","0","2","2","1","1","2","1","1","0","0","0","-2"
"111966","Charles R Drew University of Medicine and Science","2020","First major","'99'","Grand total","Bachelor's degree","13","7","6","0","0","0","1","1","0","8","4","4","2","2","0","0","0","0","2","0","2","0","0","0","0","0","0","0","0","0","-2"
"111966","Charles R Drew University of Medicine and Science","2020","First major","'99'","Grand total","Master's degree","223","60","163","0","0","0","68","24","44","76","9","67","43","12","31","1","1","0","9","4","5","8","2","6","16","7","9","2","1","1","-2"
"112075","Concordia University-Irvine","2020","First major","'99'","Grand total","Associate's degree","0","0","0","0","0","0","0","0","0","0","0","0","0","0","0","0","0","0","0","0","0","0","0","0","0","0","0","0","0","0","-2"
"112075","Concordia University-Irvine","2020","First major","'99'","Grand total","Bachelor's degree","487","150","337","2","1","1","46","10","36","13","7","6","100","31","69","0","0","0","254","74","180","29","6","23","18","4","14","25","17","8","-2"
"112075","Concordia University-Irvine","2020","First major","'99'","Grand total","Master's degree","1143","520","623","1","1","0","75","21","54","82","46","36","260","109","151","0","0","0","585","270","315","48","29","19","70","31","39","22","13","9","-2"
"112075","Concordia University-Irvine","2020","First major","'99'","Grand total","Doctor's degree - research/scholarship","20","6","14","0","0","0","1","1","0","3","1","2","3","1","2","0","0","0","9","3","6","0","0","0","2","0","2","2","0","2","-2"
"112075","Concordia University-Irvine","2020","Second major","'99'","Grand total","Bachelor's degree","3","2","1","0","0","0","0","0","0","0","0","0","0","0","0","0","0","0","3","2","1","0","0","0","0","0","0","0","0","0","-2"
"112084","San Diego Christian College","2020","First major","'99'","Grand total","Associate's degree","1","0","1","0","0","0","0","0","0","0","0","0","0","0","0","0","0","0","1","0","1","0","0","0","0","0","0","0","0","0","-2"
"112084","San Diego Christian College","2020","First major","'99'","Grand total","Bachelor's degree","100","43","57","0","0","0","6","3","3","10","2","8","25","11","14","0","0","0","43","19","24","4","3","1","4","0","4","8","5","3","-2"
"112084","San Diego Christian College","2020","First major","'99'","Grand total","Master's degree","56","18","38","0","0","0","1","0","1","3","1","2","14","5","9","0","0","0","34","10","24","1","1","0","3","1","2","0","0","0","-2"
"112127","Church Divinity School of the Pacific","2020","First major","'99'","Grand total","Master's degree","23","8","15","0","0","0","0","0","0","2","1","1","0","0","0","0","0","0","21","7","14","0","0","0","0","0","0","0","0","0","-2"
"112172","Citrus College","2020","First major","'99'","Grand total","Associate's degree","2423","894","1529","2","0","2","205","88","117","71","27","44","1578","530","1048","0","0","0","384","155","229","65","27","38","24","15","9","94","52","42","-2"
"112190","City College of San Francisco","2020","First major","'99'","Grand total","Associate's degree","1698","700","998","1","0","1","649","240","409","119","47","72","410","173","237","21","6","15","263","125","138","106","52","54","43","22","21","86","35","51","-2"
"112251","Claremont Graduate University","2020","First major","'99'","Grand total","Master's degree","367","141","226","5","2","3","49","20","29","19","8","11","55","14","41","1","0","1","111","35","76","11","5","6","36","9","27","80","48","32","-2"
"112251","Claremont Graduate University","2020","First major","'99'","Grand total","Doctor's degree - research/scholarship","147","83","64","2","1","1","24","16","8","6","3","3","16","8","8","2","0","2","53","27","26","4","2","2","7","4","3","33","22","11","-2"
"112251","Claremont Graduate University","2020","Second major","'99'","Grand total","Doctor's degree - research/scholarship","7","4","3","0","0","0","1","1","0","0","0","0","0","0","0","0","0","0","4","2","2","0","0","0","0","0","0","2","1","1","-2"
"112260","Claremont McKenna College","2020","First major","'99'","Grand total","Bachelor's degree","321","167","154","0","0","0","32","14","18","19","12","7","43","24","19","0","0","0","140","76","64","15","9","6","20","8","12","52","24","28","-2"
"112260","Claremont McKenna College","2020","First major","'99'","Grand total","Master's degree","13","11","2","0","0","0","1","1","0","0","0","0","1","1","0","0","0","0","7","6","1","0","0","0","2","2","0","2","1","1","-2"
"112260","Claremont McKenna College","2020","Second major","'99'","Grand total","Bachelor's degree","108","55","53","0","0","0","11","3","8","6","3","3","13","8","5","0","0","0","46","27","19","6","3","3","6","2","4","20","9","11","-2"
"112385","Coastline Community College","2020","First major","'99'","Grand total","Associate's degree","1901","1347","554","7","4","3","213","115","98","329","259","70","521","373","148","11","6","5","683","504","179","81","49","32","45","35","10","11","2","9","-2"
"112394","Cogswell University of Silicon Valley","2020","First major","'99'","Grand total","Bachelor's degree","103","65","38","2","2","0","30","19","11","8","4","4","25","14","11","0","0","0","26","18","8","3","1","2","7","5","2","2","2","0","-2"
"112394","Cogswell University of Silicon Valley","2020","First major","'99'","Grand total","Master's degree","7","4","3","0","0","0","0","0","0","1","0","1","2","2","0","0","0","0","1","1","0","1","0","1","2","1","1","0","0","0","-2"
"112525","Western University of Health Sciences","2020","First major","'99'","Grand total","Master's degree","219","67","152","1","1","0","42","12","30","13","2","11","69","25","44","1","1","0","60","14","46","19","9","10","10","2","8","4","1","3","-2"
"112525","Western University of Health Sciences","2020","First major","'99'","Grand total","Doctor's degree - professional practice","794","331","463","0","0","0","277","109","168","23","6","17","84","31","53","2","0","2","281","138","143","56","26","30","51","18","33","20","3","17","-2"
"112561","Columbia College","2020","First major","'99'","Grand total","Associate's degree","359","136","223","5","3","2","4","2","2","7","7","0","51","20","31","0","0","0","287","104","183","2","0","2","3","0","3","0","0","0","-2"
"112570","Columbia College Hollywood","2020","First major","'99'","Grand total","Associate's degree","63","42","21","0","0","0","4","4","0","10","8","2","10","8","2","0","0","0","25","14","11","5","3","2","7","4","3","2","1","1","-2"
"112570","Columbia College Hollywood","2020","First major","'99'","Grand total","Bachelor's degree","114","63","51","0","0","0","7","5","2","10","9","1","28","12","16","1","1","0","51","24","27","12","7","5","0","0","0","5","5","0","-2"
"112686","Compton College","2020","First major","'99'","Grand total","Associate's degree","453","122","331","0","0","0","18","6","12","88","19","69","321","91","230","1","1","0","8","4","4","8","1","7","9","0","9","0","0","0","-2"
"112826","Contra Costa College","2020","First major","'99'","Grand total","Associate's degree","943","324","619","0","0","0","208","82","126","150","44","106","423","132","291","4","1","3","68","22","46","57","19","38","7","3","4","26","21","5","-2"
"113096","Cosumnes River College","2020","First major","'99'","Grand total","Associate's degree","1070","428","642","5","2","3","344","164","180","88","32","56","282","102","180","19","4","15","254","91","163","65","29","36","6","1","5","7","3","4","-2"
"113111","Crafton Hills College","2020","First major","'99'","Grand total","Associate's degree","800","303","497","1","1","0","50","20","30","21","11","10","374","131","243","0","0","0","300","117","183","53","22","31","0","0","0","1","1","0","-2"
"113193","Cuesta College","2020","First major","'99'","Grand total","Associate's degree","1310","513","797","7","6","1","52","21","31","41","28","13","407","145","262","0","0","0","742","289","453","45","16","29","12","4","8","4","4","0","-2"
"113218","Cuyamaca College","2020","First major","'99'","Grand total","Associate's degree","1128","460","668","7","1","6","68","30","38","33","8","25","364","151","213","6","3","3","552","228","324","80","27","53","6","5","1","12","7","5","-2"
"113236","Cypress College","2020","First major","'99'","Grand total","Associate's degree","1831","641","1190","3","1","2","529","225","304","56","18","38","764","218","546","12","0","12","312","118","194","67","27","40","49","11","38","39","23","16","-2"
"113236","Cypress College","2020","First major","'99'","Grand total","Bachelor's degree","2","0","2","0","0","0","0","0","0","0","0","0","1","0","1","0","0","0","1","0","1","0","0","0","0","0","0","0","0","0","-2"
"113333","De Anza College","2020","First major","'99'","Grand total","Associate's degree","1916","863","1053","2","0","2","646","294","352","49","26","23","573","233","340","9","2","7","332","172","160","103","61","42","2","2","0","200","73","127","-2"
"113537","Dell'Arte International School of Physical Theatre","2020","First major","'99'","Grand total","Master's degree","13","5","8","0","0","0","0","0","0","0","0","0","2","1","1","0","0","0","5","4","1","1","0","1","3","0","3","2","0","2","-2"
"113573","College of the Desert","2020","First major","'99'","Grand total","Associate's degree","1406","551","855","8","3","5","47","17","30","28","10","18","998","384","614","2","1","1","250","106","144","39","15","24","9","4","5","25","11","14","-2"
"113582","Design Institute of San Diego","2020","First major","'99'","Grand total","Bachelor's degree","32","3","29","0","0","0","4","1","3","0","0","0","5","0","5","0","0","0","18","1","17","0","0","0","0","0","0","5","1","4","-2"
"113582","Design Institute of San Diego","2020","First major","'99'","Grand total","Master's degree","0","0","0","0","0","0","0","0","0","0","0","0","0","0","0","0","0","0","0","0","0","0","0","0","0","0","0","0","0","0","-2"
"113634","Diablo Valley College","2020","First major","'99'","Grand total","Associate's degree","2227","921","1306","0","0","0","398","160","238","79","34","45","586","214","372","4","4","0","757","327","430","176","75","101","5","1","4","222","106","116","-2"
"113698","Dominican University of California","2020","First major","'99'","Grand total","Bachelor's degree","327","75","252","3","1","2","78","14","64","15","3","12","67","15","52","3","0","3","117","32","85","20","6","14","18","1","17","6","3","3","-2"
"113698","Dominican University of California","2020","First major","'99'","Grand total","Master's degree","141","36","105","1","1","0","16","2","14","6","2","4","32","6","26","0","0","0","56","15","41","4","1","3","19","6","13","7","3","4","-2"
"113698","Dominican University of California","2020","Second major","'99'","Grand total","Bachelor's degree","13","1","12","0","0","0","2","0","2","0","0","0","2","0","2","0","0","0","8","1","7","0","0","0","1","0","1","0","0","0","-2"
"113704","Dominican School of Philosophy & Theology","2020","First major","'99'","Grand total","Master's degree","12","8","4","0","0","0","5","3","2","0","0","0","0","0","0","0","0","0","5","3","2","0","0","0","0","0","0","2","2","0","-2"
"113856","East Los Angeles College","2020","First major","'99'","Grand total","Associate's degree","3034","967","2067","2","2","0","295","114","181","38","16","22","2331","713","1618","8","5","3","66","22","44","14","6","8","163","47","116","117","42","75","-2"
"113980","El Camino Community College District","2020","First major","'99'","Grand total","Associate's degree","3278","1334","1944","2","2","0","462","214","248","298","100","198","1748","659","1089","14","5","9","429","203","226","209","104","105","13","10","3","103","37","66","-2"
"114114","Emperor's College of Traditional Oriental Medicine","2020","First major","'99'","Grand total","Master's degree","36","5","31","0","0","0","7","0","7","2","1","1","3","0","3","0","0","0","17","3","14","0","0","0","6","1","5","1","0","1","-2"
"114114","Emperor's College of Traditional Oriental Medicine","2020","First major","'99'","Grand total","Doctor's degree - professional practice","12","3","9","0","0","0","2","0","2","1","0","1","1","0","1","0","0","0","4","2","2","0","0","0","2","0","2","2","1","1","-2"
"114123","Empire College","2020","First major","'99'","Grand total","Associate's degree","66","14","52","3","1","2","3","1","2","0","0","0","26","3","23","0","0","0","31","7","24","3","2","1","0","0","0","0","0","0","-2"
"114123","Empire College","2020","First major","'99'","Grand total","Master's degree","23","8","15","1","0","1","0","0","0","1","0","1","4","0","4","0","0","0","16","7","9","0","0","0","1","1","0","0","0","0","-2"
"114123","Empire College","2020","First major","'99'","Grand total","Doctor's degree - professional practice","16","9","7","1","0","1","0","0","0","0","0","0","3","2","1","0","0","0","12","7","5","0","0","0","0","0","0","0","0","0","-2"
"114266","Evergreen Valley College","2020","First major","'99'","Grand total","Associate's degree","794","283","511","3","1","2","318","113","205","14","3","11","308","110","198","6","2","4","61","26","35","22","9","13","38","13","25","24","6","18","-2"
"114354","FIDM-Fashion Institute of Design & Merchandising-Los Angeles","2020","First major","'99'","Grand total","Associate's degree","761","97","664","6","1","5","82","12","70","48","9","39","169","21","148","7","1","6","252","32","220","10","2","8","46","3","43","141","16","125","-2"
"114354","FIDM-Fashion Institute of Design & Merchandising-Los Angeles","2020","First major","'99'","Grand total","Bachelor's degree","263","29","234","0","0","0","32","1","31","12","2","10","57","9","48","1","0","1","84","10","74","2","0","2","19","1","18","56","6","50","-2"
"114354","FIDM-Fashion Institute of Design & Merchandising-Los Angeles","2020","First major","'99'","Grand total","Master's degree","21","1","20","1","0","1","2","0","2","1","0","1","3","0","3","1","0","1","5","0","5","0","0","0","2","0","2","6","1","5","-2"
"114390","FIDM-Fashion Institute of Design & Merchandising-San Francisco","2020","First major","'99'","Grand total","Associate's degree","44","4","40","0","0","0","13","1","12","1","0","1","8","1","7","0","0","0","15","2","13","0","0","0","3","0","3","4","0","4","-2"
"114390","FIDM-Fashion Institute of Design & Merchandising-San Francisco","2020","First major","'99'","Grand total","Bachelor's degree","27","4","23","1","0","1","3","0","3","3","0","3","6","1","5","0","0","0","10","2","8","0","0","0","3","1","2","1","0","1","-2"
"114433","Feather River Community College District","2020","First major","'99'","Grand total","Associate's degree","257","109","148","7","3","4","9","7","2","28","18","10","35","17","18","2","1","1","169","62","107","1","0","1","5","0","5","1","1","0","-2"
"114433","Feather River Community College District","2020","First major","'99'","Grand total","Bachelor's degree","20","3","17","0","0","0","0","0","0","1","0","1","1","0","1","0","0","0","18","3","15","0","0","0","0","0","0","0","0","0","-2"
"114549","Fielding Graduate University","2020","First major","'99'","Grand total","Master's degree","124","37","87","1","0","1","4","2","2","17","6","11","17","5","12","0","0","0","59","18","41","8","3","5","18","3","15","0","0","0","-2"
"114549","Fielding Graduate University","2020","First major","'99'","Grand total","Doctor's degree - research/scholarship","99","28","71","0","0","0","1","0","1","17","7","10","8","4","4","0","0","0","50","10","40","3","2","1","18","4","14","2","1","1","-2"
"114585","Five Branches University","2020","First major","'99'","Grand total","Master's degree","31","9","22","0","0","0","15","7","8","0","0","0","2","0","2","0","0","0","10","1","9","0","0","0","0","0","0","4","1","3","-2"
"114585","Five Branches University","2020","First major","'99'","Grand total","Doctor's degree - professional practice","55","22","33","0","0","0","40","16","24","1","0","1","1","1","0","0","0","0","10","4","6","0","0","0","0","0","0","3","1","2","-2"
"114716","Foothill College","2020","First major","'99'","Grand total","Associate's degree","1116","481","635","3","1","2","270","107","163","34","20","14","260","95","165","4","2","2","311","144","167","68","29","39","11","4","7","155","79","76","-2"
"114716","Foothill College","2020","First major","'99'","Grand total","Bachelor's degree","58","6","52","0","0","0","12","2","10","2","2","0","14","1","13","0","0","0","29","1","28","1","0","1","0","0","0","0","0","0","-2"
"114734","Franciscan School of Theology","2020","First major","'99'","Grand total","Master's degree","8","5","3","0","0","0","0","0","0","0","0","0","1","0","1","0","0","0","6","4","2","0","0","0","0","0","0","1","1","0","-2"
"114789","Fresno City College","2020","First major","'99'","Grand total","Associate's degree","2149","788","1361","5","2","3","361","116","245","102","30","72","1199","453","746","3","3","0","400","153","247","68","26","42","8","4","4","3","1","2","-2"
"114813","Fresno Pacific University","2020","First major","'99'","Grand total","Associate's degree","0","0","0","0","0","0","0","0","0","0","0","0","0","0","0","0","0","0","0","0","0","0","0","0","0","0","0","0","0","0","-2"
"114813","Fresno Pacific University","2020","First major","'99'","Grand total","Bachelor's degree","617","161","456","9","3","6","23","7","16","32","10","22","317","60","257","1","0","1","192","69","123","5","1","4","28","6","22","10","5","5","-2"
"114813","Fresno Pacific University","2020","First major","'99'","Grand total","Master's degree","324","92","232","4","1","3","23","11","12","7","4","3","129","26","103","1","0","1","140","43","97","5","2","3","12","2","10","3","3","0","-2"
"114840","Fuller Theological Seminary","2020","First major","'99'","Grand total","Master's degree","448","222","226","0","0","0","36","21","15","22","9","13","27","13","14","2","1","1","237","114","123","56","30","26","8","6","2","60","28","32","-2"
"114840","Fuller Theological Seminary","2020","First major","'99'","Grand total","Doctor's degree - research/scholarship","42","18","24","0","0","0","4","0","4","3","1","2","1","0","1","0","0","0","23","12","11","4","0","4","0","0","0","7","5","2","-2"
"114840","Fuller Theological Seminary","2020","First major","'99'","Grand total","Doctor's degree - professional practice","106","86","20","0","0","0","9","7","2","3","0","3","4","4","0","1","1","0","41","30","11","5","5","0","2","2","0","41","37","4","-2"
"114859","Fullerton College","2020","First major","'99'","Grand total","Associate's degree","3640","1441","2199","12","4","8","453","188","265","73","34","39","2098","782","1316","12","5","7","700","317","383","124","39","85","87","40","47","81","32","49","-2"
"114938","Gavilan College","2020","First major","'99'","Grand total","Associate's degree","593","217","376","2","0","2","62","33","29","6","3","3","349","106","243","0","0","0","142","60","82","25","10","15","6","5","1","1","0","1","-2"
"115001","Glendale Community College","2020","First major","'99'","Grand total","Associate's degree","1089","402","687","1","0","1","92","41","51","15","6","9","334","126","208","1","1","0","533","191","342","25","10","15","24","8","16","64","19","45","-2"
"115010","Glendale Career College","2020","First major","'99'","Grand total","Associate's degree","87","18","69","0","0","0","28","8","20","2","0","2","30","8","22","0","0","0","22","1","21","4","1","3","1","0","1","0","0","0","-2"
"115010","Glendale Career College","2020","First major","'99'","Grand total","Bachelor's degree","0","0","0","0","0","0","0","0","0","0","0","0","0","0","0","0","0","0","0","0","0","0","0","0","0","0","0","0","0","0","-2"
"115083","Golden Gate University-San Francisco","2020","First major","'99'","Grand total","Associate's degree","4","3","1","0","0","0","1","1","0","0","0","0","2","2","0","0","0","0","0","0","0","0","0","0","1","0","1","0","0","0","-2"
"115083","Golden Gate University-San Francisco","2020","First major","'99'","Grand total","Bachelor's degree","118","71","47","3","2","1","13","8","5","8","3","5","28","15","13","1","1","0","31","22","9","7","5","2","27","15","12","0","0","0","-2"
"115083","Golden Gate University-San Francisco","2020","First major","'99'","Grand total","Master's degree","539","262","277","3","1","2","83","44","39","31","13","18","49","24","25","3","2","1","143","77","66","5","2","3","84","45","39","138","54","84","-2"
"115083","Golden Gate University-San Francisco","2020","First major","'99'","Grand total","Doctor's degree - research/scholarship","9","5","4","0","0","0","0","0","0","1","0","1","0","0","0","0","0","0","2","2","0","1","1","0","0","0","0","5","2","3","-2"
"115083","Golden Gate University-San Francisco","2020","First major","'99'","Grand total","Doctor's degree - professional practice","131","48","83","3","1","2","20","5","15","16","4","12","38","16","22","2","2","0","40","17","23","3","1","2","2","1","1","7","1","6","-2"
"115126","Golden West College","2020","First major","'99'","Grand total","Associate's degree","3785","1511","2274","8","2","6","1178","505","673","60","24","36","1180","409","771","10","6","4","1008","411","597","176","78","98","15","11","4","150","65","85","-2"
"115214","Graduate Theological Union","2020","First major","'99'","Grand total","Master's degree","14","10","4","0","0","0","1","1","0","2","2","0","0","0","0","0","0","0","5","2","3","1","1","0","1","0","1","4","4","0","-2"
"115214","Graduate Theological Union","2020","First major","'99'","Grand total","Doctor's degree - research/scholarship","17","10","7","0","0","0","0","0","0","0","0","0","2","1","1","1","1","0","4","1","3","1","0","1","5","4","1","4","3","1","-2"
"115296","Grossmont College","2020","First major","'99'","Grand total","Associate's degree","2616","1089","1527","4","2","2","226","106","120","101","49","52","848","354","494","5","2","3","1113","462","651","188","60","128","15","4","11","116","50","66","-2"
"115393","Hartnell College","2020","First major","'99'","Grand total","Associate's degree","1536","564","972","3","3","0","60","23","37","7","4","3","1288","449","839","0","0","0","105","48","57","50","27","23","23","10","13","0","0","0","-2"
"115409","Harvey Mudd College","2020","First major","'99'","Grand total","Bachelor's degree","208","111","97","0","0","0","38","16","22","7","5","2","40","27","13","2","2","0","68","34","34","22","9","13","15","6","9","16","12","4","-2"
"115409","Harvey Mudd College","2020","Second major","'99'","Grand total","Bachelor's degree","10","0","10","0","0","0","4","0","4","0","0","0","0","0","0","0","0","0","3","0","3","2","0","2","1","0","1","0","0","0","-2"
"115728","Holy Names University","2020","First major","'99'","Grand total","Bachelor's degree","138","46","92","0","0","0","18","3","15","34","12","22","55","15","40","1","0","1","20","12","8","3","1","2","2","0","2","5","3","2","-2"
"115728","Holy Names University","2020","First major","'99'","Grand total","Master's degree","79","14","65","0","0","0","10","2","8","15","1","14","13","2","11","1","0","1","27","7","20","1","0","1","4","1","3","8","1","7","-2"
"115728","Holy Names University","2020","Second major","'99'","Grand total","Master's degree","8","2","6","0","0","0","2","0","2","2","1","1","1","1","0","0","0","0","3","0","3","0","0","0","0","0","0","0","0","0","-2"
"115746","Pacifica Graduate Institute","2020","First major","'99'","Grand total","Master's degree","131","30","101","1","1","0","2","0","2","3","0","3","12","2","10","1","1","0","81","20","61","8","1","7","22","5","17","1","0","1","-2"
"115746","Pacifica Graduate Institute","2020","First major","'99'","Grand total","Doctor's degree - research/scholarship","77","18","59","0","0","0","0","0","0","1","0","1","8","2","6","0","0","0","52","9","43","1","1","0","14","6","8","1","0","1","-2"
"115755","Humboldt State University","2020","First major","'99'","Grand total","Bachelor's degree","1801","776","1025","17","5","12","63","29","34","47","23","24","583","212","371","2","0","2","788","385","403","135","56","79","147","57","90","19","9","10","-2"
"115755","Humboldt State University","2020","First major","'99'","Grand total","Master's degree","209","66","143","6","0","6","7","1","6","0","0","0","44","16","28","0","0","0","118","40","78","7","4","3","23","5","18","4","0","4","-2"
"115755","Humboldt State University","2020","Second major","'99'","Grand total","Bachelor's degree","42","13","29","1","0","1","0","0","0","0","0","0","8","1","7","0","0","0","28","10","18","1","0","1","4","2","2","0","0","0","-2"
"115773","Humphreys University-Stockton and Modesto Campuses","2020","First major","'99'","Grand total","Associate's degree","29","7","22","0","0","0","2","0","2","2","0","2","11","4","7","4","1","3","7","1","6","0","0","0","3","1","2","0","0","0","-2"
"115773","Humphreys University-Stockton and Modesto Campuses","2020","First major","'99'","Grand total","Bachelor's degree","124","55","69","1","0","1","8","1","7","6","3","3","33","7","26","2","1","1","18","5","13","1","0","1","6","1","5","49","37","12","-2"
"115773","Humphreys University-Stockton and Modesto Campuses","2020","First major","'99'","Grand total","Master's degree","64","11","53","0","0","0","0","0","0","4","1","3","10","3","7","2","0","2","33","4","29","1","1","0","14","2","12","0","0","0","-2"
"115773","Humphreys University-Stockton and Modesto Campuses","2020","First major","'99'","Grand total","Doctor's degree - professional practice","9","3","6","0","0","0","0","0","0","0","0","0","2","0","2","0","0","0","6","3","3","0","0","0","1","0","1","0","0","0","-2"
"115861","Imperial Valley College","2020","First major","'99'","Grand total","Associate's degree","1817","727","1090","7","3","4","18","8","10","31","28","3","1658","655","1003","0","0","0","76","24","52","4","4","0","23","5","18","0","0","0","-2"
"115931","Institute for Business and Technology","2020","First major","'99'","Grand total","Associate's degree","19","2","17","0","0","0","2","2","0","0","0","0","12","0","12","0","0","0","3","0","3","1","0","1","1","0","1","0","0","0","-2"
"116226","Interior Designers Institute","2020","First major","'99'","Grand total","Associate's degree","36","0","36","0","0","0","6","0","6","2","0","2","5","0","5","0","0","0","22","0","22","0","0","0","0","0","0","1","0","1","-2"
"116226","Interior Designers Institute","2020","First major","'99'","Grand total","Bachelor's degree","28","2","26","0","0","0","1","0","1","0","0","0","3","0","3","0","0","0","22","2","20","1","0","1","0","0","0","1","0","1","-2"
"116226","Interior Designers Institute","2020","First major","'99'","Grand total","Master's degree","3","1","2","0","0","0","0","0","0","1","0","1","1","1","0","0","0","0","1","0","1","0","0","0","0","0","0","0","0","0","-2"
"116439","Irvine Valley College","2020","First major","'99'","Grand total","Associate's degree","3399","1599","1800","0","0","0","1007","486","521","49","13","36","750","321","429","5","4","1","1090","526","564","191","97","94","87","52","35","220","100","120","-2"
"116712","John F. Kennedy University","2020","First major","'99'","Grand total","Associate's degree","11","5","6","0","0","0","0","0","0","2","0","2","0","0","0","0","0","0","7","5","2","1","0","1","1","0","1","0","0","0","-2"
"116712","John F. Kennedy University","2020","First major","'99'","Grand total","Bachelor's degree","54","25","29","0","0","0","2","1","1","7","4","3","6","2","4","0","0","0","19","9","10","8","3","5","11","5","6","1","1","0","-2"
"116712","John F. Kennedy University","2020","First major","'99'","Grand total","Master's degree","168","46","122","2","0","2","10","1","9","21","8","13","17","5","12","3","0","3","73","22","51","5","1","4","34","9","25","3","0","3","-2"
"116712","John F. Kennedy University","2020","First major","'99'","Grand total","Doctor's degree - professional practice","52","12","40","0","0","0","8","3","5","7","2","5","7","1","6","0","0","0","20","5","15","1","0","1","8","1","7","1","0","1","-2"
"116846","American Jewish University","2020","First major","'99'","Grand total","Bachelor's degree","12","4","8","0","0","0","0","0","0","0","0","0","0","0","0","0","0","0","7","3","4","0","0","0","5","1","4","0","0","0","-2"
"116846","American Jewish University","2020","First major","'99'","Grand total","Master's degree","40","7","33","0","0","0","1","1","0","1","0","1","0","0","0","0","0","0","3","1","2","0","0","0","35","5","30","0","0","0","-2"
"117052","Reedley College","2020","First major","'99'","Grand total","Associate's degree","1161","418","743","3","0","3","62","27","35","18","9","9","863","296","567","1","1","0","183","73","110","27","11","16","4","1","3","0","0","0","-2"
"117104","Life Pacific University","2020","First major","'99'","Grand total","Associate's degree","16","8","8","0","0","0","0","0","0","1","1","0","3","2","1","0","0","0","11","4","7","1","1","0","0","0","0","0","0","0","-2"
"117104","Life Pacific University","2020","First major","'99'","Grand total","Bachelor's degree","91","40","51","0","0","0","4","1","3","3","2","1","35","8","27","1","1","0","35","23","12","5","2","3","8","3","5","0","0","0","-2"
"117104","Life Pacific University","2020","First major","'99'","Grand total","Master's degree","49","29","20","0","0","0","1","0","1","2","0","2","16","8","8","0","0","0","20","13","7","1","1","0","0","0","0","9","7","2","-2"
"117104","Life Pacific University","2020","Second major","'99'","Grand total","Bachelor's degree","2","1","1","0","0","0","0","0","0","0","0","0","0","0","0","0","0","0","2","1","1","0","0","0","0","0","0","0","0","0","-2"
"117140","University of La Verne","2020","First major","'99'","Grand total","Associate's degree","24","15","9","0","0","0","2","1","1","2","1","1","7","2","5","0","0","0","11","9","2","2","2","0","0","0","0","0","0","0","-2"
"117140","University of La Verne","2020","First major","'99'","Grand total","Bachelor's degree","1223","491","732","6","3","3","60","31","29","44","23","21","647","219","428","9","5","4","257","111","146","58","23","35","60","24","36","82","52","30","-2"
"117140","University of La Verne","2020","First major","'99'","Grand total","Master's degree","875","289","586","1","0","1","57","15","42","44","17","27","318","78","240","5","3","2","170","50","120","17","5","12","59","16","43","204","105","99","-2"
"117140","University of La Verne","2020","First major","'99'","Grand total","Doctor's degree - research/scholarship","41","12","29","0","0","0","3","1","2","6","2","4","14","4","10","0","0","0","12","4","8","1","0","1","5","1","4","0","0","0","-2"
"117140","University of La Verne","2020","First major","'99'","Grand total","Doctor's degree - professional practice","76","31","45","0","0","0","3","1","2","8","5","3","25","12","13","1","0","1","16","4","12","0","0","0","21","7","14","2","2","0","-2"
"117168","Laguna College of Art and Design","2020","First major","'99'","Grand total","Bachelor's degree","125","44","81","0","0","0","25","6","19","2","0","2","26","12","14","0","0","0","59","22","37","6","1","5","1","0","1","6","3","3","-2"
"117168","Laguna College of Art and Design","2020","First major","'99'","Grand total","Master's degree","21","13","8","0","0","0","1","0","1","0","0","0","2","1","1","0","0","0","5","2","3","2","2","0","5","4","1","6","4","2","-2"
"117195","Lake Tahoe Community College","2020","First major","'99'","Grand total","Associate's degree","202","76","126","3","3","0","12","4","8","3","1","2","78","35","43","0","0","0","93","31","62","4","0","4","6","1","5","3","1","2","-2"
"117247","Laney College","2020","First major","'99'","Grand total","Associate's degree","742","328","414","3","0","3","217","79","138","150","64","86","146","65","81","4","4","0","103","60","43","31","15","16","17","6","11","71","35","36","-2"
"117274","Lassen Community College","2020","First major","'99'","Grand total","Associate's degree","249","131","118","7","0","7","10","7","3","22","18","4","62","27","35","3","0","3","125","66","59","14","8","6","3","2","1","3","3","0","-2"
"117283","Latin American Bible Institute","2020","First major","'99'","Grand total","Associate's degree","12","6","6","0","0","0","0","0","0","0","0","0","12","6","6","0","0","0","0","0","0","0","0","0","0","0","0","0","0","0","-2"
"117283","Latin American Bible Institute","2020","First major","'99'","Grand total","Bachelor's degree","2","0","2","0","0","0","0","0","0","0","0","0","2","0","2","0","0","0","0","0","0","0","0","0","0","0","0","0","0","0","-2"
"117520","Life Chiropractic College West","2020","First major","'99'","Grand total","Doctor's degree - professional practice","173","99","74","1","1","0","32","15","17","3","1","2","17","12","5","3","2","1","72","43","29","21","13","8","9","5","4","15","7","8","-2"
"117557","Lincoln University","2020","First major","'99'","Grand total","Bachelor's degree","10","1","9","0","0","0","1","0","1","0","0","0","0","0","0","0","0","0","3","0","3","0","0","0","0","0","0","6","1","5","-2"
"117557","Lincoln University","2020","First major","'99'","Grand total","Master's degree","81","50","31","0","0","0","1","1","0","0","0","0","0","0","0","0","0","0","1","1","0","0","0","0","0","0","0","79","48","31","-2"
"117557","Lincoln University","2020","First major","'99'","Grand total","Doctor's degree - research/scholarship","0","0","0","0","0","0","0","0","0","0","0","0","0","0","0","0","0","0","0","0","0","0","0","0","0","0","0","0","0","0","-2"
"117575","Southern California Seminary","2020","First major","'99'","Grand total","Associate's degree","2","1","1","0","0","0","0","0","0","0","0","0","0","0","0","0","0","0","1","0","1","0","0","0","0","0","0","1","1","0","-2"
"117575","Southern California Seminary","2020","First major","'99'","Grand total","Bachelor's degree","10","9","1","0","0","0","0","0","0","1","1","0","3","3","0","0","0","0","5","4","1","0","0","0","0","0","0","1","1","0","-2"
"117575","Southern California Seminary","2020","First major","'99'","Grand total","Master's degree","27","17","10","0","0","0","2","0","2","2","2","0","5","3","2","0","0","0","13","10","3","1","0","1","0","0","0","4","2","2","-2"
"117575","Southern California Seminary","2020","First major","'99'","Grand total","Doctor's degree - professional practice","9","2","7","0","0","0","5","0","5","2","0","2","0","0","0","0","0","0","2","2","0","0","0","0","0","0","0","0","0","0","-2"
"117575","Southern California Seminary","2020","Second major","'99'","Grand total","Doctor's degree - professional practice","1","0","1","0","0","0","0","0","0","1","0","1","0","0","0","0","0","0","0","0","0","0","0","0","0","0","0","0","0","0","-2"
"117627","La Sierra University","2020","First major","'99'","Grand total","Bachelor's degree","295","117","178","2","1","1","61","31","30","19","5","14","141","53","88","0","0","0","42","14","28","14","6","8","0","0","0","16","7","9","-2"
"117627","La Sierra University","2020","First major","'99'","Grand total","Master's degree","145","63","82","1","0","1","20","7","13","10","5","5","42","14","28","0","0","0","49","26","23","15","5","10","0","0","0","8","6","2","-2"
"117627","La Sierra University","2020","First major","'99'","Grand total","Doctor's degree - research/scholarship","7","3","4","0","0","0","0","0","0","2","1","1","0","0","0","0","0","0","3","0","3","1","1","0","0","0","0","1","1","0","-2"
"117627","La Sierra University","2020","Second major","'99'","Grand total","Bachelor's degree","23","15","8","0","0","0","9","7","2","0","0","0","8","6","2","0","0","0","3","1","2","1","0","1","0","0","0","2","1","1","-2"
"117627","La Sierra University","2020","Second major","'99'","Grand total","Master's degree","10","7","3","0","0","0","2","2","0","0","0","0","5","3","2","0","0","0","1","0","1","0","0","0","0","0","0","2","2","0","-2"
"117636","Loma Linda University","2020","First major","'99'","Grand total","Associate's degree","68","33","35","0","0","0","18","11","7","4","2","2","22","10","12","0","0","0","20","7","13","3","2","1","0","0","0","1","1","0","-2"
"117636","Loma Linda University","2020","First major","'99'","Grand total","Bachelor's degree","295","82","213","0","0","0","70","26","44","15","5","10","106","25","81","0","0","0","79","17","62","18","5","13","0","0","0","7","4","3","-2"
"117636","Loma Linda University","2020","First major","'99'","Grand total","Master's degree","460","135","325","0","0","0","101","30","71","32","10","22","123","24","99","0","0","0","155","51","104","23","6","17","0","0","0","26","14","12","-2"
"117636","Loma Linda University","2020","First major","'99'","Grand total","Doctor's degree - research/scholarship","79","19","60","1","0","1","17","2","15","7","1","6","8","2","6","1","0","1","25","9","16","4","0","4","0","0","0","16","5","11","-2"
"117636","Loma Linda University","2020","First major","'99'","Grand total","Doctor's degree - professional practice","369","200","169","0","0","0","136","75","61","11","5","6","44","22","22","1","0","1","138","76","62","11","3","8","0","0","0","28","19","9","-2"
"117636","Loma Linda University","2020","First major","'99'","Grand total","Doctor's degree - other","47","12","35","0","0","0","1","1","0","0","0","0","9","1","8","0","0","0","2","2","0","1","0","1","0","0","0","34","8","26","-2"
"117645","Long Beach City College","2020","First major","'99'","Grand total","Associate's degree","2375","1004","1371","4","3","1","247","117","130","208","79","129","1398","539","859","7","3","4","353","189","164","133","61","72","7","1","6","18","12","6","-2"
"117672","Southern California University of Health Sciences","2020","First major","'99'","Grand total","Bachelor's degree","6","4","2","0","0","0","1","1","0","0","0","0","3","2","1","0","0","0","2","1","1","0","0","0","0","0","0","0","0","0","-2"
"117672","Southern California University of Health Sciences","2020","First major","'99'","Grand total","Master's degree","35","14","21","0","0","0","8","2","6","0","0","0","8","4","4","0","0","0","14","6","8","2","0","2","3","2","1","0","0","0","-2"
"117672","Southern California University of Health Sciences","2020","First major","'99'","Grand total","Doctor's degree - professional practice","106","59","47","1","1","0","12","6","6","5","3","2","23","16","7","0","0","0","57","30","27","5","2","3","0","0","0","3","1","2","-2"
"117690","Los Angeles Harbor College","2020","First major","'99'","Grand total","Associate's degree","1829","648","1181","5","1","4","240","102","138","118","30","88","1138","414","724","11","2","9","185","60","125","44","8","36","70","20","50","18","11","7","-2"
"117706","Los Angeles Pierce College","2020","First major","'99'","Grand total","Associate's degree","3677","1521","2156","4","2","2","431","210","221","111","42","69","1646","620","1026","2","2","0","1124","496","628","134","46","88","155","67","88","70","36","34","-2"
"117715","Los Angeles Southwest College","2020","First major","'99'","Grand total","Associate's degree","854","213","641","0","0","0","5","0","5","434","116","318","349","75","274","0","0","0","5","1","4","27","7","20","28","12","16","6","2","4","-2"
"117724","Los Angeles Trade Technical College","2020","First major","'99'","Grand total","Associate's degree","700","298","402","2","2","0","36","14","22","137","49","88","439","197","242","0","0","0","27","17","10","11","7","4","37","10","27","11","2","9","-2"
"117733","Los Angeles Valley College","2020","First major","'99'","Grand total","Associate's degree","1914","692","1222","2","1","1","148","58","90","52","22","30","978","346","632","4","3","1","566","194","372","51","25","26","101","37","64","12","6","6","-2"
"117751","The Master's University and Seminary","2020","First major","'99'","Grand total","Bachelor's degree","286","157","129","0","0","0","16","11","5","6","5","1","26","18","8","1","1","0","180","89","91","26","17","9","23","12","11","8","4","4","-2"
"117751","The Master's University and Seminary","2020","First major","'99'","Grand total","Master's degree","137","113","24","1","1","0","14","11","3","5","5","0","33","31","2","0","0","0","59","44","15","5","4","1","7","4","3","13","13","0","-2"
"117751","The Master's University and Seminary","2020","First major","'99'","Grand total","Doctor's degree - research/scholarship","21","21","0","0","0","0","0","0","0","0","0","0","0","0","0","0","0","0","14","14","0","0","0","0","1","1","0","6","6","0","-2"
"117751","The Master's University and Seminary","2020","Second major","'99'","Grand total","Bachelor's degree","41","30","11","0","0","0","4","4","0","0","0","0","3","2","1","0","0","0","26","17","9","3","2","1","4","4","0","1","1","0","-2"
"117751","The Master's University and Seminary","2020","Second major","'99'","Grand total","Master's degree","1","1","0","0","0","0","0","0","0","1","1","0","0","0","0","0","0","0","0","0","0","0","0","0","0","0","0","0","0","0","-2"
"117788","Los Angeles City College","2020","First major","'99'","Grand total","Associate's degree","1215","450","765","3","1","2","137","68","69","59","18","41","682","241","441","0","0","0","194","63","131","27","7","20","70","39","31","43","13","30","-2"
"117803","Los Angeles County College of Nursing and Allied Health","2020","First major","'99'","Grand total","Associate's degree","98","23","75","0","0","0","25","8","17","8","1","7","42","9","33","1","0","1","16","5","11","6","0","6","0","0","0","0","0","0","-2"
"117867","Los Angeles Mission College","2020","First major","'99'","Grand total","Associate's degree","1351","438","913","1","1","0","48","24","24","18","10","8","1113","334","779","0","0","0","111","45","66","21","10","11","31","9","22","8","5","3","-2"
"117894","Los Medanos College","2020","First major","'99'","Grand total","Associate's degree","1632","566","1066","1","1","0","200","93","107","167","43","124","715","230","485","9","2","7","408","148","260","128","47","81","3","1","2","1","1","0","-2"
"117946","Loyola Marymount University","2020","First major","'99'","Grand total","Bachelor's degree","1646","687","959","0","0","0","162","74","88","104","31","73","362","150","212","4","1","3","721","305","416","123","46","77","0","0","0","170","80","90","-2"
"117946","Loyola Marymount University","2020","First major","'99'","Grand total","Master's degree","765","241","524","0","0","0","61","24","37","55","20","35","250","59","191","1","1","0","288","87","201","31","9","22","3","1","2","76","40","36","-2"
"117946","Loyola Marymount University","2020","First major","'99'","Grand total","Doctor's degree - research/scholarship","21","11","10","0","0","0","2","0","2","7","2","5","5","5","0","0","0","0","5","2","3","0","0","0","0","0","0","2","2","0","-2"
"117946","Loyola Marymount University","2020","First major","'99'","Grand total","Doctor's degree - professional practice","332","159","173","0","0","0","46","21","25","15","3","12","75","40","35","0","0","0","165","81","84","15","5","10","4","3","1","12","6","6","-2"
"117946","Loyola Marymount University","2020","Second major","'99'","Grand total","Bachelor's degree","54","14","40","0","0","0","0","0","0","2","0","2","19","4","15","0","0","0","24","7","17","5","3","2","0","0","0","4","0","4","-2"
"118198","MTI College","2020","First major","'99'","Grand total","Associate's degree","42","19","23","1","1","0","2","2","0","4","1","3","13","5","8","0","0","0","20","9","11","1","0","1","1","1","0","0","0","0","-2"
"118347","College of Marin","2020","First major","'99'","Grand total","Associate's degree","403","146","257","0","0","0","39","14","25","15","6","9","130","43","87","1","0","1","186","74","112","16","3","13","6","4","2","10","2","8","-2"
"118541","Marymount California University","2020","First major","'99'","Grand total","Associate's degree","126","61","65","1","0","1","5","4","1","11","5","6","63","26","37","1","0","1","17","12","5","4","0","4","5","2","3","19","12","7","-2"
"118541","Marymount California University","2020","First major","'99'","Grand total","Bachelor's degree","163","82","81","0","0","0","8","7","1","13","4","9","67","23","44","1","1","0","42","22","20","4","3","1","10","7","3","18","15","3","-2"
"118541","Marymount California University","2020","First major","'99'","Grand total","Master's degree","15","7","8","0","0","0","1","0","1","2","1","1","5","2","3","0","0","0","4","3","1","0","0","0","1","0","1","2","1","1","-2"
"118684","Mendocino College","2020","First major","'99'","Grand total","Associate's degree","453","130","323","31","5","26","19","6","13","10","8","2","183","58","125","0","0","0","205","52","153","1","0","1","3","0","3","1","1","0","-2"
"118693","Menlo College","2020","First major","'99'","Grand total","Bachelor's degree","157","90","67","0","0","0","10","6","4","13","2","11","46","23","23","7","2","5","42","31","11","14","7","7","4","2","2","21","17","4","-2"
"118718","Merced College","2020","First major","'99'","Grand total","Associate's degree","1615","526","1089","2","0","2","133","46","87","17","8","9","973","294","679","5","2","3","312","108","204","44","16","28","89","30","59","40","22","18","-2"
"118772","Merritt College","2020","First major","'99'","Grand total","Associate's degree","617","184","433","4","2","2","80","24","56","173","43","130","202","53","149","2","0","2","73","26","47","41","22","19","31","8","23","11","6","5","-2"
"118888","Mills College","2020","First major","'99'","Grand total","Bachelor's degree","186","0","186","1","0","1","22","0","22","12","0","12","47","0","47","0","0","0","89","0","89","14","0","14","1","0","1","0","0","0","-2"
"118888","Mills College","2020","First major","'99'","Grand total","Master's degree","148","22","126","4","0","4","18","5","13","17","0","17","27","5","22","0","0","0","67","8","59","11","3","8","4","1","3","0","0","0","-2"
"118888","Mills College","2020","First major","'99'","Grand total","Doctor's degree - research/scholarship","2","0","2","0","0","0","0","0","0","2","0","2","0","0","0","0","0","0","0","0","0","0","0","0","0","0","0","0","0","0","-2"
"118888","Mills College","2020","Second major","'99'","Grand total","Bachelor's degree","18","0","18","0","0","0","3","0","3","0","0","0","6","0","6","0","0","0","8","0","8","1","0","1","0","0","0","0","0","0","-2"
"118912","MiraCosta College","2020","First major","'99'","Grand total","Associate's degree","2127","821","1306","4","3","1","109","47","62","58","21","37","804","288","516","9","2","7","894","358","536","171","76","95","37","11","26","41","15","26","-2"
"118912","MiraCosta College","2020","First major","'99'","Grand total","Bachelor's degree","22","12","10","0","0","0","6","1","5","1","1","0","6","3","3","0","0","0","7","6","1","2","1","1","0","0","0","0","0","0","-2"
"118930","Mission College","2020","First major","'99'","Grand total","Associate's degree","781","259","522","1","1","0","311","99","212","24","2","22","239","81","158","0","0","0","108","42","66","47","16","31","4","4","0","47","14","33","-2"
"118976","Modesto Junior College","2020","First major","'99'","Grand total","Associate's degree","2082","634","1448","14","4","10","152","57","95","39","14","25","977","308","669","27","14","13","789","214","575","3","0","3","81","23","58","0","0","0","-2"
"118976","Modesto Junior College","2020","First major","'99'","Grand total","Bachelor's degree","8","2","6","0","0","0","1","0","1","0","0","0","2","1","1","1","1","0","3","0","3","0","0","0","1","0","1","0","0","0","-2"
"119058","Middlebury Institute of International Studies at Monterey","2020","First major","'99'","Grand total","Bachelor's degree","4","3","1","0","0","0","0","0","0","0","0","0","1","1","0","0","0","0","2","1","1","0","0","0","1","1","0","0","0","0","-2"
"119058","Middlebury Institute of International Studies at Monterey","2020","First major","'99'","Grand total","Master's degree","355","111","244","0","0","0","28","7","21","9","3","6","28","12","16","0","0","0","138","51","87","11","5","6","25","9","16","116","24","92","-2"
"119067","Monterey Peninsula College","2020","First major","'99'","Grand total","Associate's degree","803","282","521","1","1","0","73","21","52","35","13","22","392","131","261","2","1","1","218","89","129","48","14","34","29","8","21","5","4","1","-2"
"119137","Moorpark College","2020","First major","'99'","Grand total","Associate's degree","3363","1403","1960","2","2","0","300","175","125","44","19","25","1100","376","724","1","0","1","1613","714","899","219","80","139","54","28","26","30","9","21","-2"
"119164","Mt San Antonio College","2020","First major","'99'","Grand total","Associate's degree","3287","1349","1938","1","0","1","587","262","325","101","41","60","2095","817","1278","8","5","3","353","165","188","99","40","59","1","0","1","42","19","23","-2"
"119173","Mount Saint Mary's University","2020","First major","'99'","Grand total","Associate's degree","138","9","129","1","0","1","19","4","15","12","0","12","81","5","76","2","0","2","14","0","14","0","0","0","9","0","9","0","0","0","-2"
"119173","Mount Saint Mary's University","2020","First major","'99'","Grand total","Bachelor's degree","540","39","501","0","0","0","86","18","68","33","4","29","342","9","333","3","0","3","48","6","42","7","2","5","21","0","21","0","0","0","-2"
"119173","Mount Saint Mary's University","2020","First major","'99'","Grand total","Master's degree","192","29","163","0","0","0","4","1","3","11","2","9","114","12","102","4","2","2","26","8","18","2","0","2","30","4","26","1","0","1","-2"
"119173","Mount Saint Mary's University","2020","First major","'99'","Grand total","Doctor's degree - professional practice","29","16","13","0","0","0","10","6","4","2","2","0","3","2","1","0","0","0","3","2","1","0","0","0","11","4","7","0","0","0","-2"
"119173","Mount Saint Mary's University","2020","Second major","'99'","Grand total","Bachelor's degree","14","0","14","0","0","0","0","0","0","0","0","0","13","0","13","0","0","0","1","0","1","0","0","0","0","0","0","0","0","0","-2"
"119216","Mt San Jacinto Community College District","2020","First major","'99'","Grand total","Associate's degree","3064","1082","1982","12","2","10","213","84","129","143","47","96","1613","499","1114","7","7","0","835","352","483","202","67","135","39","24","15","0","0","0","-2"
"119270","Musicians Institute","2020","First major","'99'","Grand total","Associate's degree","101","75","26","2","1","1","4","3","1","6","5","1","8","6","2","1","1","0","21","18","3","4","1","3","7","6","1","48","34","14","-2"
"119270","Musicians Institute","2020","First major","'99'","Grand total","Bachelor's degree","14","10","4","0","0","0","0","0","0","0","0","0","1","1","0","0","0","0","1","1","0","0","0","0","0","0","0","12","8","4","-2"
"119331","Napa Valley College","2020","First major","'99'","Grand total","Associate's degree","728","297","431","1","1","0","142","77","65","42","11","31","348","141","207","1","0","1","158","56","102","23","7","16","9","2","7","4","2","2","-2"
"119605","National University","2020","First major","'99'","Grand total","Associate's degree","171","90","81","1","1","0","18","9","9","21","9","12","49","23","26","1","0","1","54","31","23","15","11","4","12","6","6","0","0","0","-2"
"119605","National University","2020","First major","'99'","Grand total","Bachelor's degree","1841","754","1087","8","5","3","185","65","120","146","70","76","498","194","304","25","9","16","649","275","374","119","42","77","199","86","113","12","8","4","-2"
"119605","National University","2020","First major","'99'","Grand total","Master's degree","3929","1242","2687","17","5","12","333","96","237","367","139","228","1058","325","733","21","9","12","1492","460","1032","184","60","124","409","127","282","48","21","27","-2"
"119605","National University","2020","First major","'99'","Grand total","Doctor's degree - professional practice","0","0","0","0","0","0","0","0","0","0","0","0","0","0","0","0","0","0","0","0","0","0","0","0","0","0","0","0","0","0","-2"
"119678","Naval Postgraduate School","2020","First major","'99'","Grand total","Master's degree","1557","1260","297","4","3","1","120","96","24","96","67","29","121","106","15","2","1","1","1056","847","209","15","12","3","90","79","11","53","49","4","-2"
"119678","Naval Postgraduate School","2020","First major","'99'","Grand total","Doctor's degree - research/scholarship","19","16","3","0","0","0","0","0","0","0","0","0","1","1","0","0","0","0","17","14","3","0","0","0","0","0","0","1","1","0","-2"
"119775","Newschool of Architecture and Design","2020","First major","'99'","Grand total","Bachelor's degree","109","71","38","0","0","0","12","7","5","1","1","0","28","17","11","0","0","0","29","21","8","0","0","0","3","2","1","36","23","13","-2"
"119775","Newschool of Architecture and Design","2020","First major","'99'","Grand total","Master's degree","59","37","22","0","0","0","4","3","1","5","4","1","11","6","5","0","0","0","19","11","8","4","2","2","4","3","1","12","8","4","-2"
"120078","North-West College-West Covina","2020","First major","'99'","Grand total","Associate's degree","4","1","3","0","0","0","0","0","0","0","0","0","3","1","2","0","0","0","1","0","1","0","0","0","0","0","0","0","0","0","-2"
"120166","Northwestern Polytechnic University","2020","First major","'99'","Grand total","Bachelor's degree","8","8","0","0","0","0","0","0","0","0","0","0","0","0","0","0","0","0","0","0","0","0","0","0","0","0","0","8","8","0","-2"
"120166","Northwestern Polytechnic University","2020","First major","'99'","Grand total","Master's degree","17","10","7","0","0","0","0","0","0","0","0","0","0","0","0","0","0","0","0","0","0","0","0","0","0","0","0","17","10","7","-2"
"120184","Notre Dame de Namur University","2020","First major","'99'","Grand total","Bachelor's degree","232","77","155","0","0","0","27","10","17","11","5","6","96","26","70","4","1","3","51","17","34","12","4","8","13","3","10","18","11","7","-2"
"120184","Notre Dame de Namur University","2020","First major","'99'","Grand total","Master's degree","170","37","133","1","0","1","26","2","24","7","2","5","38","7","31","5","0","5","53","13","40","10","5","5","16","5","11","14","3","11","-2"
"120184","Notre Dame de Namur University","2020","First major","'99'","Grand total","Doctor's degree - research/scholarship","5","0","5","0","0","0","1","0","1","0","0","0","1","0","1","0","0","0","2","0","2","0","0","0","0","0","0","1","0","1","-2"
"120184","Notre Dame de Namur University","2020","Second major","'99'","Grand total","Bachelor's degree","16","3","13","0","0","0","1","0","1","1","0","1","11","2","9","0","0","0","0","0","0","1","0","1","0","0","0","2","1","1","-2"
"120184","Notre Dame de Namur University","2020","Second major","'99'","Grand total","Master's degree","6","2","4","0","0","0","1","1","0","0","0","0","1","0","1","0","0","0","3","0","3","0","0","0","1","1","0","0","0","0","-2"
"120254","Occidental College","2020","First major","'99'","Grand total","Bachelor's degree","441","187","254","0","0","0","66","29","37","28","7","21","51","15","36","0","0","0","230","110","120","27","10","17","11","7","4","28","9","19","-2"
"120254","Occidental College","2020","First major","'99'","Grand total","Master's degree","0","0","0","0","0","0","0","0","0","0","0","0","0","0","0","0","0","0","0","0","0","0","0","0","0","0","0","0","0","0","-2"
"120254","Occidental College","2020","Second major","'99'","Grand total","Bachelor's degree","63","25","38","0","0","0","8","2","6","5","1","4","4","2","2","0","0","0","31","15","16","5","1","4","2","1","1","8","3","5","-2"
"120290","Ohlone College","2020","First major","'99'","Grand total","Associate's degree","1043","420","623","1","1","0","428","178","250","23","11","12","282","104","178","8","3","5","195","74","121","38","11","27","5","2","3","63","36","27","-2"
"120342","Orange Coast College","2020","First major","'99'","Grand total","Associate's degree","2573","1141","1432","3","1","2","710","332","378","31","16","15","696","288","408","11","7","4","752","357","395","128","52","76","8","4","4","234","84","150","-2"
"120403","Otis College of Art and Design","2020","First major","'99'","Grand total","Bachelor's degree","169","48","121","0","0","0","29","12","17","4","2","2","32","7","25","3","1","2","46","14","32","9","2","7","7","2","5","39","8","31","-2"
"120403","Otis College of Art and Design","2020","First major","'99'","Grand total","Master's degree","35","8","27","0","0","0","3","0","3","4","0","4","5","3","2","0","0","0","8","4","4","2","0","2","1","0","1","12","1","11","-2"
"120421","Oxnard College","2020","First major","'99'","Grand total","Associate's degree","1142","446","696","0","0","0","58","24","34","17","2","15","945","370","575","2","1","1","82","33","49","26","14","12","12","2","10","0","0","0","-2"
"120537","Hope International University","2020","First major","'99'","Grand total","Associate's degree","1","1","0","0","0","0","0","0","0","0","0","0","1","1","0","0","0","0","0","0","0","0","0","0","0","0","0","0","0","0","-2"
"120537","Hope International University","2020","First major","'99'","Grand total","Bachelor's degree","172","80","92","1","0","1","3","0","3","7","3","4","49","18","31","3","1","2","68","32","36","25","14","11","10","7","3","6","5","1","-2"
"120537","Hope International University","2020","First major","'99'","Grand total","Master's degree","147","61","86","2","2","0","14","5","9","8","4","4","23","7","16","2","0","2","76","37","39","10","0","10","10","4","6","2","2","0","-2"
"120661","Concorde Career College-San Diego","2020","First major","'99'","Grand total","Associate's degree","102","34","68","1","1","0","6","2","4","0","0","0","25","7","18","2","1","1","17","4","13","1","0","1","50","19","31","0","0","0","-2"
"120698","Palo Alto University","2020","First major","'99'","Grand total","Bachelor's degree","36","8","28","0","0","0","6","3","3","1","0","1","4","2","2","1","1","0","4","1","3","3","0","3","14","1","13","3","0","3","-2"
"120698","Palo Alto University","2020","First major","'99'","Grand total","Master's degree","207","38","169","0","0","0","18","1","17","8","3","5","22","6","16","0","0","0","98","18","80","47","9","38","8","1","7","6","0","6","-2"
"120698","Palo Alto University","2020","First major","'99'","Grand total","Doctor's degree - professional practice","107","16","91","0","0","0","16","1","15","3","1","2","11","1","10","1","0","1","63","11","52","7","1","6","4","1","3","2","0","2","-2"
"120768","Pacific Oaks College","2020","First major","'99'","Grand total","Bachelor's degree","164","6","158","0","0","0","5","1","4","18","0","18","85","2","83","0","0","0","41","3","38","4","0","4","11","0","11","0","0","0","-2"
"120768","Pacific Oaks College","2020","First major","'99'","Grand total","Master's degree","196","26","170","0","0","0","19","2","17","30","4","26","83","9","74","1","0","1","46","7","39","10","2","8","7","2","5","0","0","0","-2"
"120795","Pacific School of Religion","2020","First major","'99'","Grand total","Master's degree","19","7","12","0","0","0","2","1","1","3","0","3","2","1","1","4","2","2","6","3","3","1","0","1","0","0","0","1","0","1","-2"
"120795","Pacific School of Religion","2020","First major","'99'","Grand total","Doctor's degree - other","1","1","0","0","0","0","0","0","0","0","0","0","0","0","0","0","0","0","1","1","0","0","0","0","0","0","0","0","0","0","-2"
"120838","Pacific States University","2020","First major","'99'","Grand total","Bachelor's degree","1","1","0","0","0","0","0","0","0","0","0","0","0","0","0","0","0","0","0","0","0","0","0","0","0","0","0","1","1","0","-2"
"120838","Pacific States University","2020","First major","'99'","Grand total","Master's degree","5","2","3","0","0","0","0","0","0","0","0","0","0","0","0","0","0","0","0","0","0","0","0","0","0","0","0","5","2","3","-2"
"120838","Pacific States University","2020","First major","'99'","Grand total","Doctor's degree - research/scholarship","0","0","0","0","0","0","0","0","0","0","0","0","0","0","0","0","0","0","0","0","0","0","0","0","0","0","0","0","0","0","-2"
"120865","Pacific Union College","2020","First major","'99'","Grand total","Associate's degree","111","38","73","0","0","0","29","14","15","8","0","8","24","10","14","1","0","1","24","8","16","5","1","4","19","5","14","1","0","1","-2"
"120865","Pacific Union College","2020","First major","'99'","Grand total","Bachelor's degree","148","57","91","0","0","0","29","12","17","8","3","5","38","11","27","3","2","1","33","14","19","12","5","7","24","10","14","1","0","1","-2"
"120865","Pacific Union College","2020","First major","'99'","Grand total","Master's degree","0","0","0","0","0","0","0","0","0","0","0","0","0","0","0","0","0","0","0","0","0","0","0","0","0","0","0","0","0","0","-2"
"120865","Pacific Union College","2020","Second major","'99'","Grand total","Associate's degree","4","1","3","0","0","0","1","1","0","0","0","0","2","0","2","0","0","0","1","0","1","0","0","0","0","0","0","0","0","0","-2"
"120883","University of the Pacific","2020","First major","'99'","Grand total","Bachelor's degree","784","346","438","2","0","2","306","129","177","19","8","11","160","67","93","0","0","0","171","82","89","59","27","32","29","13","16","38","20","18","-2"
"120883","University of the Pacific","2020","First major","'99'","Grand total","Master's degree","449","135","314","1","0","1","61","26","35","23","8","15","110","29","81","0","0","0","186","52","134","28","7","21","27","8","19","13","5","8","-2"
"120883","University of the Pacific","2020","First major","'99'","Grand total","Doctor's degree - research/scholarship","95","27","68","0","0","0","19","6","13","3","1","2","11","4","7","0","0","0","42","12","30","5","1","4","2","0","2","13","3","10","-2"
"120883","University of the Pacific","2020","First major","'99'","Grand total","Doctor's degree - professional practice","491","213","278","1","1","0","245","94","151","5","3","2","40","18","22","0","0","0","139","68","71","26","11","15","21","10","11","14","8","6","-2"
"120883","University of the Pacific","2020","Second major","'99'","Grand total","Bachelor's degree","24","13","11","0","0","0","10","5","5","1","0","1","3","2","1","0","0","0","6","5","1","3","0","3","0","0","0","1","1","0","-2"
"120953","Palo Verde College","2020","First major","'99'","Grand total","Associate's degree","230","175","55","14","7","7","6","6","0","17","15","2","103","73","30","0","0","0","84","68","16","1","1","0","5","5","0","0","0","0","-2"
"120971","Palomar College","2020","First major","'99'","Grand total","Associate's degree","2427","1041","1386","6","2","4","167","80","87","44","27","17","1119","406","713","7","5","2","838","432","406","139","55","84","51","24","27","56","10","46","-2"
"121044","Pasadena City College","2020","First major","'99'","Grand total","Associate's degree","7647","3535","4112","8","3","5","2547","1400","1147","169","67","102","3233","1261","1972","1","0","1","961","479","482","241","93","148","40","30","10","447","202","245","-2"
"121150","Pepperdine University","2020","First major","'99'","Grand total","Bachelor's degree","946","375","571","5","1","4","81","33","48","41","16","25","146","58","88","5","1","4","466","185","281","53","13","40","34","17","17","115","51","64","-2"
"121150","Pepperdine University","2020","First major","'99'","Grand total","Master's degree","1487","544","943","5","1","4","150","55","95","142","46","96","156","37","119","5","0","5","488","174","314","31","1","30","163","69","94","347","161","186","-2"
"121150","Pepperdine University","2020","First major","'99'","Grand total","Doctor's degree - research/scholarship","66","18","48","1","0","1","6","3","3","16","4","12","3","0","3","1","0","1","28","9","19","2","0","2","6","0","6","3","2","1","-2"
"121150","Pepperdine University","2020","First major","'99'","Grand total","Doctor's degree - professional practice","167","73","94","1","1","0","13","4","9","5","0","5","26","9","17","0","0","0","91","45","46","7","3","4","18","8","10","6","3","3","-2"
"121257","Pitzer College","2020","First major","'99'","Grand total","Bachelor's degree","276","127","149","0","0","0","21","11","10","15","2","13","38","17","21","0","0","0","143","72","71","18","9","9","18","9","9","23","7","16","-2"
"121257","Pitzer College","2020","Second major","'99'","Grand total","Bachelor's degree","47","21","26","0","0","0","3","1","2","0","0","0","5","1","4","0","0","0","24","14","10","3","1","2","6","2","4","6","2","4","-2"
"121275","Platt College-San Diego","2020","First major","'99'","Grand total","Associate's degree","75","55","20","0","0","0","9","7","2","5","4","1","22","14","8","0","0","0","31","25","6","3","2","1","5","3","2","0","0","0","-2"
"121275","Platt College-San Diego","2020","First major","'99'","Grand total","Bachelor's degree","32","23","9","0","0","0","8","5","3","3","3","0","6","4","2","0","0","0","12","9","3","2","1","1","1","1","0","0","0","0","-2"
"121309","Point Loma Nazarene University","2020","First major","'99'","Grand total","Bachelor's degree","945","305","640","4","1","3","76","28","48","23","10","13","293","82","211","17","6","11","449","151","298","60","19","41","23","8","15","0","0","0","-2"
"121309","Point Loma Nazarene University","2020","First major","'99'","Grand total","Master's degree","478","136","342","5","3","2","22","8","14","18","4","14","157","38","119","4","2","2","221","68","153","23","6","17","28","7","21","0","0","0","-2"
"121309","Point Loma Nazarene University","2020","First major","'99'","Grand total","Doctor's degree - professional practice","8","0","8","0","0","0","1","0","1","1","0","1","1","0","1","1","0","1","3","0","3","1","0","1","0","0","0","0","0","0","-2"
"121309","Point Loma Nazarene University","2020","Second major","'99'","Grand total","Bachelor's degree","17","7","10","0","0","0","3","1","2","0","0","0","2","0","2","0","0","0","10","5","5","1","0","1","1","1","0","0","0","0","-2"
"121345","Pomona College","2020","First major","'99'","Grand total","Bachelor's degree","405","201","204","2","1","1","66","26","40","38","16","22","68","37","31","0","0","0","152","86","66","27","13","14","13","7","6","39","15","24","-2"
"121345","Pomona College","2020","Second major","'99'","Grand total","Bachelor's degree","61","39","22","0","0","0","6","3","3","6","3","3","8","7","1","0","0","0","28","20","8","2","1","1","4","2","2","7","3","4","-2"
"121363","Porterville College","2020","First major","'99'","Grand total","Associate's degree","787","248","539","0","0","0","39","15","24","8","5","3","615","188","427","0","0","0","107","35","72","16","5","11","1","0","1","1","0","1","-2"
"121619","Santa Ana College","2020","First major","'99'","Grand total","Associate's degree","2843","1103","1740","11","3","8","334","138","196","31","15","16","1999","734","1265","1","0","1","232","128","104","50","17","33","90","38","52","95","30","65","-2"
"121619","Santa Ana College","2020","First major","'99'","Grand total","Bachelor's degree","11","1","10","0","0","0","4","1","3","0","0","0","4","0","4","0","0","0","1","0","1","2","0","2","0","0","0","0","0","0","-2"
"121628","Pardee RAND Graduate School","2020","First major","'99'","Grand total","Master's degree","24","15","9","0","0","0","5","2","3","2","1","1","1","0","1","0","0","0","8","6","2","1","1","0","0","0","0","7","5","2","-2"
"121628","Pardee RAND Graduate School","2020","First major","'99'","Grand total","Doctor's degree - research/scholarship","17","10","7","0","0","0","0","0","0","0","0","0","2","2","0","0","0","0","7","3","4","0","0","0","1","1","0","7","4","3","-2"
"121691","University of Redlands","2020","First major","'99'","Grand total","Bachelor's degree","675","278","397","1","0","1","39","9","30","23","8","15","210","92","118","3","1","2","312","126","186","33","17","16","35","16","19","19","9","10","-2"
"121691","University of Redlands","2020","First major","'99'","Grand total","Master's degree","767","286","481","2","1","1","61","27","34","42","17","25","293","91","202","3","0","3","272","111","161","22","6","16","43","22","21","29","11","18","-2"
"121691","University of Redlands","2020","First major","'99'","Grand total","Doctor's degree - research/scholarship","15","4","11","0","0","0","2","1","1","2","0","2","6","1","5","0","0","0","5","2","3","0","0","0","0","0","0","0","0","0","-2"
"121691","University of Redlands","2020","First major","'99'","Grand total","Doctor's degree - professional practice","10","4","6","0","0","0","0","0","0","1","1","0","0","0","0","0","0","0","6","3","3","0","0","0","0","0","0","3","0","3","-2"
"121691","University of Redlands","2020","Second major","'99'","Grand total","Bachelor's degree","116","40","76","0","0","0","5","2","3","1","1","0","43","15","28","1","1","0","52","17","35","4","2","2","6","0","6","4","2","2","-2"
"121707","College of the Redwoods","2020","First major","'99'","Grand total","Associate's degree","684","241","443","45","10","35","23","14","9","12","9","3","131","42","89","3","3","0","408","137","271","48","19","29","12","5","7","2","2","0","-2"
"121886","Rio Hondo College","2020","First major","'99'","Grand total","Associate's degree","1936","696","1240","0","0","0","148","50","98","12","7","5","1659","588","1071","0","0","0","67","31","36","28","6","22","5","2","3","17","12","5","-2"
"121886","Rio Hondo College","2020","First major","'99'","Grand total","Bachelor's degree","11","10","1","0","0","0","3","2","1","1","1","0","3","3","0","0","0","0","2","2","0","0","0","0","0","0","0","2","2","0","-2"
"121901","Riverside City College","2020","First major","'99'","Grand total","Associate's degree","3957","1366","2591","8","1","7","217","92","125","218","75","143","2538","832","1706","15","9","6","804","304","500","98","29","69","9","3","6","50","21","29","-2"
"122117","Dongguk University Los Angeles","2020","First major","'99'","Grand total","Master's degree","8","5","3","0","0","0","5","3","2","0","0","0","0","0","0","0","0","0","1","1","0","0","0","0","0","0","0","2","1","1","-2"
"122117","Dongguk University Los Angeles","2020","First major","'99'","Grand total","Doctor's degree - professional practice","5","2","3","0","0","0","4","1","3","0","0","0","0","0","0","0","0","0","0","0","0","0","0","0","0","0","0","1","1","0","-2"
"122180","Sacramento City College","2020","First major","'99'","Grand total","Associate's degree","2361","842","1519","4","2","2","433","173","260","224","74","150","753","230","523","46","7","39","660","270","390","165","59","106","41","17","24","35","10","25","-2"
"122205","Saddleback College","2020","First major","'99'","Grand total","Associate's degree","3070","1410","1660","10","6","4","300","141","159","37","20","17","792","333","459","5","2","3","1629","780","849","170","65","105","95","43","52","32","20","12","-2"
"122296","Samuel Merritt University","2020","First major","'99'","Grand total","Bachelor's degree","529","112","417","0","0","0","161","49","112","32","5","27","97","15","82","4","1","3","176","30","146","40","11","29","19","1","18","0","0","0","-2"
"122296","Samuel Merritt University","2020","First major","'99'","Grand total","Master's degree","260","55","205","1","0","1","79","10","69","20","8","12","58","17","41","0","0","0","72","16","56","12","1","11","18","3","15","0","0","0","-2"
"122296","Samuel Merritt University","2020","First major","'99'","Grand total","Doctor's degree - professional practice","143","50","93","0","0","0","37","8","29","7","2","5","28","14","14","0","0","0","58","21","37","11","4","7","2","1","1","0","0","0","-2"
"122339","San Diego City College","2020","First major","'99'","Grand total","Associate's degree","890","338","552","5","3","2","81","26","55","92","37","55","474","168","306","4","0","4","178","84","94","34","12","22","15","5","10","7","3","4","-2"
"122375","San Diego Mesa College","2020","First major","'99'","Grand total","Associate's degree","1516","622","894","6","2","4","238","99","139","90","51","39","561","207","354","8","3","5","448","194","254","93","37","56","35","16","19","37","13","24","-2"
"122375","San Diego Mesa College","2020","First major","'99'","Grand total","Bachelor's degree","27","2","25","0","0","0","9","0","9","3","0","3","6","2","4","0","0","0","7","0","7","1","0","1","1","0","1","0","0","0","-2"
"122384","San Diego Miramar College","2020","First major","'99'","Grand total","Associate's degree","944","431","513","1","0","1","267","104","163","37","18","19","226","98","128","5","4","1","324","169","155","60","27","33","22","9","13","2","2","0","-2"
"122409","San Diego State University","2020","First major","'99'","Grand total","Bachelor's degree","7988","3439","4549","25","8","17","1031","452","579","282","114","168","2569","1001","1568","18","12","6","2673","1176","1497","433","180","253","367","173","194","590","323","267","-2"
"122409","San Diego State University","2020","First major","'99'","Grand total","Master's degree","1646","602","1044","2","0","2","173","75","98","61","20","41","439","125","314","5","1","4","636","249","387","69","23","46","99","37","62","162","72","90","-2"
"122409","San Diego State University","2020","First major","'99'","Grand total","Doctor's degree - research/scholarship","78","32","46","0","0","0","7","3","4","3","1","2","11","4","7","0","0","0","33","12","21","4","0","4","5","2","3","15","10","5","-2"
"122409","San Diego State University","2020","First major","'99'","Grand total","Doctor's degree - professional practice","37","11","26","0","0","0","1","0","1","0","0","0","4","1","3","0","0","0","27","9","18","4","1","3","1","0","1","0","0","0","-2"
"122409","San Diego State University","2020","First major","'99'","Grand total","Doctor's degree - other","28","10","18","0","0","0","2","0","2","5","2","3","11","4","7","0","0","0","6","2","4","2","1","1","2","1","1","0","0","0","-2"
"122409","San Diego State University","2020","Second major","'99'","Grand total","Bachelor's degree","197","84","113","0","0","0","23","11","12","6","2","4","79","30","49","0","0","0","65","30","35","8","3","5","8","3","5","8","5","3","-2"
"122436","University of San Diego","2020","First major","'99'","Grand total","Bachelor's degree","1468","691","777","2","0","2","89","35","54","50","27","23","308","139","169","4","3","1","740","343","397","82","34","48","34","18","16","159","92","67","-2"
"122436","University of San Diego","2020","First major","'99'","Grand total","Master's degree","1031","435","596","2","0","2","109","45","64","52","20","32","219","93","126","3","1","2","471","212","259","38","7","31","62","23","39","75","34","41","-2"
"122436","University of San Diego","2020","First major","'99'","Grand total","Doctor's degree - research/scholarship","21","5","16","0","0","0","0","0","0","0","0","0","2","0","2","0","0","0","15","4","11","0","0","0","0","0","0","4","1","3","-2"
"122436","University of San Diego","2020","First major","'99'","Grand total","Doctor's degree - professional practice","274","105","169","4","3","1","27","5","22","13","1","12","40","13","27","1","0","1","160","70","90","7","2","5","14","7","7","8","4","4","-2"
"122436","University of San Diego","2020","Second major","'99'","Grand total","Bachelor's degree","179","86","93","0","0","0","9","2","7","1","1","0","42","18","24","0","0","0","98","52","46","9","4","5","3","0","3","17","9","8","-2"
"122454","San Francisco Art Institute","2020","First major","'99'","Grand total","Bachelor's degree","58","25","33","0","0","0","4","1","3","1","1","0","6","3","3","0","0","0","24","11","13","3","2","1","3","0","3","17","7","10","-2"
"122454","San Francisco Art Institute","2020","First major","'99'","Grand total","Master's degree","61","19","42","1","0","1","4","2","2","1","0","1","7","4","3","0","0","0","21","5","16","5","3","2","5","1","4","17","4","13","-2"
"122506","San Francisco Conservatory of Music","2020","First major","'99'","Grand total","Bachelor's degree","33","15","18","0","0","0","4","1","3","1","1","0","1","1","0","0","0","0","11","4","7","4","2","2","1","1","0","11","5","6","-2"
"122506","San Francisco Conservatory of Music","2020","First major","'99'","Grand total","Master's degree","81","34","47","0","0","0","13","6","7","4","2","2","1","1","0","0","0","0","31","13","18","0","0","0","0","0","0","32","12","20","-2"
"122597","San Francisco State University","2020","First major","'99'","Grand total","Bachelor's degree","6283","2744","3539","6","3","3","1677","797","880","311","130","181","1854","692","1162","28","14","14","1273","577","696","396","174","222","280","147","133","458","210","248","-2"
"122597","San Francisco State University","2020","First major","'99'","Grand total","Master's degree","912","312","600","3","1","2","177","56","121","40","9","31","156","56","100","3","1","2","303","109","194","45","8","37","74","25","49","111","47","64","-2"
"122597","San Francisco State University","2020","First major","'99'","Grand total","Doctor's degree - research/scholarship","0","0","0","0","0","0","0","0","0","0","0","0","0","0","0","0","0","0","0","0","0","0","0","0","0","0","0","0","0","0","-2"
"122597","San Francisco State University","2020","First major","'99'","Grand total","Doctor's degree - professional practice","33","11","22","0","0","0","7","4","3","2","2","0","6","2","4","0","0","0","15","3","12","1","0","1","2","0","2","0","0","0","-2"
"122597","San Francisco State University","2020","First major","'99'","Grand total","Doctor's degree - other","22","5","17","0","0","0","4","2","2","5","1","4","7","1","6","0","0","0","2","0","2","3","1","2","1","0","1","0","0","0","-2"
"122597","San Francisco State University","2020","Second major","'99'","Grand total","Bachelor's degree","172","56","116","1","0","1","41","12","29","8","4","4","49","13","36","0","0","0","43","18","25","9","4","5","8","2","6","13","3","10","-2"
"122612","University of San Francisco","2020","First major","'99'","Grand total","Bachelor's degree","1702","604","1098","2","0","2","414","133","281","63","16","47","378","113","265","8","1","7","465","155","310","109","38","71","23","8","15","240","140","100","-2"
"122612","University of San Francisco","2020","First major","'99'","Grand total","Master's degree","1472","491","981","1","0","1","244","78","166","93","40","53","264","72","192","12","3","9","471","146","325","64","23","41","53","15","38","270","114","156","-2"
"122612","University of San Francisco","2020","First major","'99'","Grand total","Doctor's degree - research/scholarship","28","6","22","0","0","0","4","1","3","4","2","2","5","0","5","1","0","1","9","1","8","0","0","0","1","0","1","4","2","2","-2"
"122612","University of San Francisco","2020","First major","'99'","Grand total","Doctor's degree - professional practice","183","59","124","0","0","0","24","6","18","18","5","13","38","12","26","3","1","2","74","24","50","12","6","6","7","3","4","7","2","5","-2"
"122612","University of San Francisco","2020","Second major","'99'","Grand total","Bachelor's degree","50","16","34","0","0","0","12","4","8","2","1","1","8","1","7","1","0","1","14","4","10","5","2","3","0","0","0","8","4","4","-2"
"122612","University of San Francisco","2020","Second major","'99'","Grand total","Master's degree","1","0","1","0","0","0","0","0","0","1","0","1","0","0","0","0","0","0","0","0","0","0","0","0","0","0","0","0","0","0","-2"
"122649","San Joaquin College of Law","2020","First major","'99'","Grand total","Doctor's degree - professional practice","37","16","21","1","0","1","7","2","5","0","0","0","19","8","11","0","0","0","10","6","4","0","0","0","0","0","0","0","0","0","-2"
"122658","San Joaquin Delta College","2020","First major","'99'","Grand total","Associate's degree","1960","664","1296","3","1","2","464","182","282","97","18","79","864","288","576","11","6","5","403","127","276","104","34","70","14","8","6","0","0","0","-2"
"122685","San Joaquin Valley College-Visalia","2020","First major","'99'","Grand total","Associate's degree","337","91","246","1","0","1","22","9","13","17","3","14","166","47","119","6","2","4","105","26","79","13","3","10","7","1","6","0","0","0","-2"
"122685","San Joaquin Valley College-Visalia","2020","First major","'99'","Grand total","Bachelor's degree","96","36","60","3","1","2","9","7","2","7","2","5","26","12","14","1","1","0","42","10","32","4","0","4","4","3","1","0","0","0","-2"
"122694","San Joaquin Valley College-Bakersfield","2020","First major","'99'","Grand total","Associate's degree","125","49","76","0","0","0","5","1","4","3","0","3","65","30","35","1","1","0","40","9","31","9","7","2","2","1","1","0","0","0","-2"
"122728","William Jessup University","2020","First major","'99'","Grand total","Associate's degree","0","0","0","0","0","0","0","0","0","0","0","0","0","0","0","0","0","0","0","0","0","0","0","0","0","0","0","0","0","0","-2"
"122728","William Jessup University","2020","First major","'99'","Grand total","Bachelor's degree","294","100","194","3","1","2","16","11","5","16","7","9","47","16","31","2","0","2","186","58","128","2","0","2","14","3","11","8","4","4","-2"
"122728","William Jessup University","2020","First major","'99'","Grand total","Master's degree","149","60","89","0","0","0","8","2","6","5","2","3","14","4","10","0","0","0","74","26","48","5","1","4","4","2","2","39","23","16","-2"
"122728","William Jessup University","2020","Second major","'99'","Grand total","Bachelor's degree","2","0","2","0","0","0","0","0","0","0","0","0","0","0","0","0","0","0","2","0","2","0","0","0","0","0","0","0","0","0","-2"
"122746","San Jose City College","2020","First major","'99'","Grand total","Associate's degree","747","226","521","1","0","1","153","49","104","43","6","37","359","105","254","3","1","2","123","47","76","27","3","24","23","7","16","15","8","7","-2"
"122755","San Jose State University","2020","First major","'99'","Grand total","Bachelor's degree","6762","3320","3442","2","0","2","2397","1225","1172","203","107","96","1925","832","1093","32","15","17","1136","590","546","316","150","166","308","162","146","443","239","204","-2"
"122755","San Jose State University","2020","First major","'99'","Grand total","Master's degree","2786","1102","1684","3","3","0","563","200","363","67","23","44","417","126","291","6","0","6","726","195","531","88","29","59","154","47","107","762","479","283","-2"
"122755","San Jose State University","2020","First major","'99'","Grand total","Doctor's degree - professional practice","0","0","0","0","0","0","0","0","0","0","0","0","0","0","0","0","0","0","0","0","0","0","0","0","0","0","0","0","0","0","-2"
"122755","San Jose State University","2020","First major","'99'","Grand total","Doctor's degree - other","10","2","8","0","0","0","3","1","2","2","0","2","2","0","2","0","0","0","3","1","2","0","0","0","0","0","0","0","0","0","-2"
"122755","San Jose State University","2020","Second major","'99'","Grand total","Bachelor's degree","37","5","32","0","0","0","8","2","6","2","0","2","10","1","9","0","0","0","10","0","10","4","1","3","1","0","1","2","1","1","-2"
"122791","College of San Mateo","2020","First major","'99'","Grand total","Associate's degree","863","407","456","1","1","0","177","67","110","23","13","10","258","103","155","24","12","12","202","114","88","44","17","27","9","2","7","125","78","47","-2"
"122834","Santa Barbara Business College-Bakersfield","2020","First major","'99'","Grand total","Associate's degree","32","5","27","1","0","1","0","0","0","3","0","3","20","4","16","2","0","2","6","1","5","0","0","0","0","0","0","0","0","0","-2"
"122834","Santa Barbara Business College-Bakersfield","2020","First major","'99'","Grand total","Bachelor's degree","31","6","25","0","0","0","0","0","0","2","2","0","21","3","18","1","0","1","7","1","6","0","0","0","0","0","0","0","0","0","-2"
"122834","Santa Barbara Business College-Bakersfield","2020","First major","'99'","Grand total","Master's degree","4","1","3","0","0","0","0","0","0","0","0","0","3","1","2","0","0","0","1","0","1","0","0","0","0","0","0","0","0","0","-2"
"122852","Santa Barbara Business College-Santa Maria","2020","First major","'99'","Grand total","Associate's degree","3","0","3","0","0","0","0","0","0","0","0","0","3","0","3","0","0","0","0","0","0","0","0","0","0","0","0","0","0","0","-2"
"122852","Santa Barbara Business College-Santa Maria","2020","First major","'99'","Grand total","Bachelor's degree","2","1","1","0","0","0","0","0","0","0","0","0","2","1","1","0","0","0","0","0","0","0","0","0","0","0","0","0","0","0","-2"
"122889","Santa Barbara City College","2020","First major","'99'","Grand total","Associate's degree","3210","1314","1896","4","0","4","142","53","89","53","26","27","1159","448","711","6","0","6","1259","519","740","168","76","92","101","26","75","318","166","152","-2"
"122931","Santa Clara University","2020","First major","'99'","Grand total","Bachelor's degree","1402","644","758","3","3","0","237","110","127","45","16","29","250","95","155","1","0","1","695","350","345","98","42","56","14","2","12","59","26","33","-2"
"122931","Santa Clara University","2020","First major","'99'","Grand total","Master's degree","949","458","491","1","1","0","172","96","76","8","5","3","86","29","57","1","1","0","222","106","116","34","16","18","25","11","14","400","193","207","-2"
"122931","Santa Clara University","2020","First major","'99'","Grand total","Doctor's degree - research/scholarship","8","6","2","0","0","0","1","1","0","0","0","0","0","0","0","0","0","0","2","2","0","0","0","0","0","0","0","5","3","2","-2"
"122931","Santa Clara University","2020","First major","'99'","Grand total","Doctor's degree - professional practice","230","110","120","0","0","0","37","15","22","5","1","4","59","26","33","3","1","2","87","41","46","11","4","7","3","2","1","25","20","5","-2"
"122931","Santa Clara University","2020","Second major","'99'","Grand total","Bachelor's degree","188","51","137","0","0","0","22","9","13","7","1","6","40","7","33","0","0","0","97","30","67","8","1","7","5","0","5","9","3","6","-2"
"122977","Santa Monica College","2020","First major","'99'","Grand total","Associate's degree","3733","1482","2251","6","0","6","328","141","187","222","71","151","1462","518","944","6","2","4","974","436","538","145","57","88","67","33","34","523","224","299","-2"
"122977","Santa Monica College","2020","First major","'99'","Grand total","Bachelor's degree","15","9","6","0","0","0","2","2","0","4","3","1","1","0","1","0","0","0","7","3","4","1","1","0","0","0","0","0","0","0","-2"
"123013","Santa Rosa Junior College","2020","First major","'99'","Grand total","Associate's degree","2342","879","1463","11","4","7","112","44","68","35","15","20","855","286","569","6","4","2","962","369","593","125","54","71","189","91","98","47","12","35","-2"
"123095","Saybrook University","2020","First major","'99'","Grand total","Master's degree","69","12","57","2","1","1","4","1","3","9","3","6","9","1","8","0","0","0","37","5","32","3","1","2","4","0","4","1","0","1","-2"
"123095","Saybrook University","2020","First major","'99'","Grand total","Doctor's degree - research/scholarship","34","9","25","0","0","0","0","0","0","1","0","1","0","0","0","0","0","0","24","6","18","3","2","1","5","1","4","1","0","1","-2"
"123095","Saybrook University","2020","First major","'99'","Grand total","Doctor's degree - professional practice","1","0","1","0","0","0","0","0","0","1","0","1","0","0","0","0","0","0","0","0","0","0","0","0","0","0","0","0","0","0","-2"
"123165","Scripps College","2020","First major","'99'","Grand total","Bachelor's degree","231","0","231","0","0","0","39","0","39","13","0","13","28","0","28","1","0","1","130","0","130","4","0","4","5","0","5","11","0","11","-2"
"123165","Scripps College","2020","Second major","'99'","Grand total","Bachelor's degree","43","0","43","0","0","0","6","0","6","4","0","4","7","0","7","1","0","1","22","0","22","0","0","0","0","0","0","3","0","3","-2"
"123217","College of the Sequoias","2020","First major","'99'","Grand total","Associate's degree","2127","736","1391","7","1","6","97","52","45","43","17","26","1398","470","928","1","0","1","501","176","325","64","18","46","16","2","14","0","0","0","-2"
"123280","Shasta Bible College and Graduate School","2020","First major","'99'","Grand total","Associate's degree","2","1","1","0","0","0","1","0","1","0","0","0","1","1","0","0","0","0","0","0","0","0","0","0","0","0","0","0","0","0","-2"
"123280","Shasta Bible College and Graduate School","2020","First major","'99'","Grand total","Bachelor's degree","6","4","2","0","0","0","0","0","0","2","1","1","0","0","0","0","0","0","3","2","1","1","1","0","0","0","0","0","0","0","-2"
"123280","Shasta Bible College and Graduate School","2020","First major","'99'","Grand total","Master's degree","6","3","3","0","0","0","2","2","0","0","0","0","1","0","1","0","0","0","3","1","2","0","0","0","0","0","0","0","0","0","-2"
"123299","Shasta College","2020","First major","'99'","Grand total","Associate's degree","1005","301","704","22","2","20","46","14","32","11","7","4","155","49","106","1","0","1","687","197","490","53","21","32","30","11","19","0","0","0","-2"
"123299","Shasta College","2020","First major","'99'","Grand total","Bachelor's degree","8","0","8","0","0","0","2","0","2","2","0","2","1","0","1","0","0","0","3","0","3","0","0","0","0","0","0","0","0","0","-2"
"123341","Sierra College","2020","First major","'99'","Grand total","Associate's degree","5111","1796","3315","18","11","7","402","128","274","84","27","57","1324","458","866","11","6","5","2844","1010","1834","355","120","235","18","6","12","55","30","25","-2"
"123448","Trinity Law School","2020","First major","'99'","Grand total","Master's degree","91","29","62","0","0","0","2","0","2","38","12","26","18","6","12","1","0","1","22","6","16","6","3","3","4","2","2","0","0","0","-2"
"123448","Trinity Law School","2020","First major","'99'","Grand total","Doctor's degree - professional practice","38","22","16","0","0","0","5","4","1","10","8","2","10","2","8","0","0","0","10","6","4","2","2","0","1","0","1","0","0","0","-2"
"123457","Simpson University","2020","First major","'99'","Grand total","Associate's degree","0","0","0","0","0","0","0","0","0","0","0","0","0","0","0","0","0","0","0","0","0","0","0","0","0","0","0","0","0","0","-2"
"123457","Simpson University","2020","First major","'99'","Grand total","Bachelor's degree","215","60","155","2","0","2","16","5","11","3","2","1","35","10","25","1","0","1","139","37","102","5","0","5","14","6","8","0","0","0","-2"
"123457","Simpson University","2020","First major","'99'","Grand total","Master's degree","28","7","21","0","0","0","1","0","1","0","0","0","3","1","2","0","0","0","20","5","15","0","0","0","4","1","3","0","0","0","-2"
"123457","Simpson University","2020","Second major","'99'","Grand total","Bachelor's degree","4","1","3","0","0","0","1","0","1","0","0","0","0","0","0","0","0","0","2","0","2","0","0","0","1","1","0","0","0","0","-2"
"123484","College of the Siskiyous","2020","First major","'99'","Grand total","Associate's degree","283","89","194","10","0","10","14","6","8","9","9","0","46","13","33","4","0","4","167","51","116","25","4","21","5","4","1","3","2","1","-2"
"123509","Skyline College","2020","First major","'99'","Grand total","Associate's degree","925","393","532","0","0","0","356","172","184","13","4","9","278","98","180","7","2","5","134","52","82","76","46","30","17","7","10","44","12","32","-2"
"123509","Skyline College","2020","First major","'99'","Grand total","Bachelor's degree","1","0","1","0","0","0","1","0","1","0","0","0","0","0","0","0","0","0","0","0","0","0","0","0","0","0","0","0","0","0","-2"
"123527","San Bernardino Valley College","2020","First major","'99'","Grand total","Associate's degree","1558","543","1015","4","0","4","103","52","51","167","51","116","1053","364","689","0","0","0","187","59","128","39","16","23","1","0","1","4","1","3","-2"
"123554","Saint Mary's College of California","2020","First major","'99'","Grand total","Bachelor's degree","683","298","385","4","2","2","69","28","41","27","9","18","173","74","99","7","5","2","319","137","182","46","24","22","25","11","14","13","8","5","-2"
"123554","Saint Mary's College of California","2020","First major","'99'","Grand total","Master's degree","381","147","234","2","0","2","29","8","21","26","7","19","60","22","38","3","1","2","132","53","79","10","3","7","93","43","50","26","10","16","-2"
"123554","Saint Mary's College of California","2020","First major","'99'","Grand total","Doctor's degree - research/scholarship","9","4","5","0","0","0","0","0","0","4","1","3","1","1","0","0","0","0","3","1","2","0","0","0","1","1","0","0","0","0","-2"
"123563","Solano Community College","2020","First major","'99'","Grand total","Associate's degree","1444","547","897","0","0","0","258","95","163","147","46","101","416","167","249","12","4","8","376","145","231","172","67","105","53","14","39","10","9","1","-2"
"123563","Solano Community College","2020","First major","'99'","Grand total","Bachelor's degree","15","4","11","0","0","0","5","1","4","1","1","0","1","0","1","0","0","0","7","2","5","1","0","1","0","0","0","0","0","0","-2"
"123572","Sonoma State University","2020","First major","'99'","Grand total","Bachelor's degree","2160","783","1377","7","4","3","97","54","43","46","15","31","667","219","448","9","4","5","1027","378","649","128","38","90","120","48","72","59","23","36","-2"
"123572","Sonoma State University","2020","First major","'99'","Grand total","Master's degree","248","70","178","0","0","0","11","1","10","10","1","9","34","12","22","0","0","0","133","36","97","12","3","9","38","13","25","10","4","6","-2"
"123572","Sonoma State University","2020","Second major","'99'","Grand total","Bachelor's degree","75","25","50","1","1","0","3","3","0","3","0","3","33","10","23","0","0","0","28","9","19","4","1","3","1","1","0","2","0","2","-2"
"123633","South Baylo University","2020","First major","'99'","Grand total","Master's degree","58","24","34","1","1","0","31","14","17","0","0","0","1","0","1","1","0","1","3","0","3","2","1","1","1","0","1","18","8","10","-2"
"123633","South Baylo University","2020","First major","'99'","Grand total","Doctor's degree - professional practice","14","6","8","0","0","0","7","5","2","0","0","0","0","0","0","0","0","0","4","0","4","0","0","0","1","1","0","2","0","2","-2"
"123642","South Coast College","2020","First major","'99'","Grand total","Associate's degree","15","0","15","0","0","0","1","0","1","0","0","0","5","0","5","0","0","0","4","0","4","4","0","4","1","0","1","0","0","0","-2"
"123651","Vanguard University of Southern California","2020","First major","'99'","Grand total","Associate's degree","0","0","0","0","0","0","0","0","0","0","0","0","0","0","0","0","0","0","0","0","0","0","0","0","0","0","0","0","0","0","-2"
"123651","Vanguard University of Southern California","2020","First major","'99'","Grand total","Bachelor's degree","418","130","288","0","0","0","23","10","13","21","8","13","158","44","114","4","1","3","155","46","109","23","6","17","30","14","16","4","1","3","-2"
"123651","Vanguard University of Southern California","2020","First major","'99'","Grand total","Master's degree","100","23","77","0","0","0","15","1","14","3","0","3","26","9","17","0","0","0","44","13","31","7","0","7","2","0","2","3","0","3","-2"
"123679","Concorde Career College-Garden Grove","2020","First major","'99'","Grand total","Associate's degree","98","49","49","2","1","1","31","20","11","3","2","1","18","6","12","3","2","1","10","1","9","2","1","1","28","16","12","1","0","1","-2"
"123800","Southwestern College","2020","First major","'99'","Grand total","Associate's degree","2039","825","1214","3","2","1","238","93","145","70","35","35","1392","526","866","7","2","5","204","97","107","90","50","40","25","19","6","10","1","9","-2"
"123916","Starr King School for the Ministry","2020","First major","'99'","Grand total","Master's degree","18","3","15","0","0","0","0","0","0","1","0","1","2","0","2","0","0","0","14","3","11","0","0","0","1","0","1","0","0","0","-2"
"123943","Marshall B Ketchum University","2020","First major","'99'","Grand total","Master's degree","39","18","21","0","0","0","5","2","3","0","0","0","2","2","0","0","0","0","20","9","11","5","3","2","6","2","4","1","0","1","-2"
"123943","Marshall B Ketchum University","2020","First major","'99'","Grand total","Doctor's degree - professional practice","138","38","100","0","0","0","74","22","52","6","1","5","9","0","9","0","0","0","38","12","26","6","2","4","2","0","2","3","1","2","-2"
"123952","Southern California Institute of Architecture","2020","First major","'99'","Grand total","Bachelor's degree","49","34","15","0","0","0","8","6","2","0","0","0","4","3","1","0","0","0","9","5","4","1","1","0","0","0","0","27","19","8","-2"
"123952","Southern California Institute of Architecture","2020","First major","'99'","Grand total","Master's degree","121","80","41","0","0","0","4","3","1","3","2","1","10","8","2","0","0","0","27","17","10","1","0","1","0","0","0","76","50","26","-2"
"123961","University of Southern California","2020","First major","'99'","Grand total","Bachelor's degree","5248","2472","2776","5","2","3","1101","527","574","245","98","147","752","336","416","11","6","5","2094","1000","1094","306","118","188","75","34","41","659","351","308","-2"
"123961","University of Southern California","2020","First major","'99'","Grand total","Master's degree","9751","4186","5565","21","6","15","1164","448","716","543","148","395","1404","437","967","32","8","24","2081","912","1169","185","70","115","480","175","305","3841","1982","1859","-2"
"123961","University of Southern California","2020","First major","'99'","Grand total","Doctor's degree - research/scholarship","786","390","396","1","0","1","103","41","62","62","24","38","88","37","51","4","1","3","247","125","122","14","5","9","20","7","13","247","150","97","-2"
"123961","University of Southern California","2020","First major","'99'","Grand total","Doctor's degree - professional practice","898","394","504","0","0","0","321","133","188","43","19","24","93","46","47","1","0","1","310","144","166","30","10","20","42","20","22","58","22","36","-2"
"123961","University of Southern California","2020","First major","'99'","Grand total","Doctor's degree - other","158","36","122","1","1","0","5","2","3","54","10","44","31","7","24","2","1","1","58","14","44","0","0","0","7","1","6","0","0","0","-2"
"123961","University of Southern California","2020","Second major","'99'","Grand total","Bachelor's degree","199","48","151","0","0","0","33","7","26","13","5","8","38","8","30","1","1","0","75","20","55","15","1","14","2","0","2","22","6","16","-2"
"123970","Southwestern Law School","2020","First major","'99'","Grand total","Master's degree","8","5","3","0","0","0","0","0","0","2","1","1","2","1","1","0","0","0","0","0","0","0","0","0","2","1","1","2","2","0","-2"
"123970","Southwestern Law School","2020","First major","'99'","Grand total","Doctor's degree - professional practice","209","97","112","0","0","0","14","5","9","10","3","7","49","21","28","0","0","0","117","56","61","12","7","5","4","4","0","3","1","2","-2"
"124113","Taft College","2020","First major","'99'","Grand total","Associate's degree","544","180","364","1","1","0","12","4","8","19","3","16","312","102","210","3","2","1","178","63","115","14","2","12","5","3","2","0","0","0","-2"
"124283","Claremont School of Theology","2020","First major","'99'","Grand total","Master's degree","76","33","43","1","0","1","6","4","2","12","6","6","2","0","2","5","2","3","35","13","22","4","1","3","2","1","1","9","6","3","-2"
"124283","Claremont School of Theology","2020","First major","'99'","Grand total","Doctor's degree - research/scholarship","14","7","7","0","0","0","0","0","0","2","0","2","1","1","0","0","0","0","8","5","3","1","1","0","0","0","0","2","0","2","-2"
"124283","Claremont School of Theology","2020","First major","'99'","Grand total","Doctor's degree - professional practice","27","16","11","0","0","0","4","3","1","3","2","1","0","0","0","1","0","1","9","3","6","0","0","0","0","0","0","10","8","2","-2"
"124292","Thomas Aquinas College","2020","First major","'99'","Grand total","Bachelor's degree","95","39","56","0","0","0","2","1","1","0","0","0","14","9","5","0","0","0","68","25","43","6","1","5","1","1","0","4","2","2","-2"
"124487","Epic Bible College","2020","First major","'99'","Grand total","Associate's degree","0","0","0","0","0","0","0","0","0","0","0","0","0","0","0","0","0","0","0","0","0","0","0","0","0","0","0","0","0","0","-2"
"124487","Epic Bible College","2020","First major","'99'","Grand total","Bachelor's degree","0","0","0","0","0","0","0","0","0","0","0","0","0","0","0","0","0","0","0","0","0","0","0","0","0","0","0","0","0","0","-2"
"124487","Epic Bible College","2020","First major","'99'","Grand total","Master's degree","0","0","0","0","0","0","0","0","0","0","0","0","0","0","0","0","0","0","0","0","0","0","0","0","0","0","0","0","0","0","-2"
"124487","Epic Bible College","2020","First major","'99'","Grand total","Doctor's degree - research/scholarship","0","0","0","0","0","0","0","0","0","0","0","0","0","0","0","0","0","0","0","0","0","0","0","0","0","0","0","0","0","0","-2"
"124706","Concorde Career College-San Bernardino","2020","First major","'99'","Grand total","Associate's degree","95","20","75","3","2","1","6","1","5","2","1","1","55","13","42","0","0","0","20","3","17","0","0","0","9","0","9","0","0","0","-2"
"124937","Concorde Career College-North Hollywood","2020","First major","'99'","Grand total","Associate's degree","87","46","41","0","0","0","17","10","7","5","4","1","35","17","18","2","1","1","6","1","5","0","0","0","22","13","9","0","0","0","-2"
"125028","Ventura College","2020","First major","'99'","Grand total","Associate's degree","2548","912","1636","6","3","3","104","46","58","35","21","14","1633","529","1104","6","2","4","591","230","361","122","54","68","43","23","20","8","4","4","-2"
"125037","The Santa Barbara and Ventura Colleges of Law at Ventura","2020","First major","'99'","Grand total","Master's degree","26","3","23","0","0","0","0","0","0","3","0","3","5","1","4","0","0","0","14","0","14","1","0","1","3","2","1","0","0","0","-2"
"125037","The Santa Barbara and Ventura Colleges of Law at Ventura","2020","First major","'99'","Grand total","Doctor's degree - professional practice","15","7","8","0","0","0","0","0","0","1","1","0","6","3","3","0","0","0","8","3","5","0","0","0","0","0","0","0","0","0","-2"
"125091","Victor Valley College","2020","First major","'99'","Grand total","Associate's degree","1639","579","1060","6","3","3","40","15","25","132","38","94","935","332","603","4","0","4","434","154","280","72","23","49","9","7","2","7","7","0","-2"
"125170","Berkeley City College","2020","First major","'99'","Grand total","Associate's degree","438","181","257","2","1","1","88","35","53","69","28","41","109","35","74","1","1","0","78","44","34","28","11","17","15","6","9","48","20","28","-2"
"125231","Walden University","2020","First major","'99'","Grand total","Bachelor's degree","1619","255","1364","4","0","4","48","7","41","401","63","338","87","12","75","11","5","6","887","139","748","18","4","14","146","22","124","17","3","14","-2"
"125231","Walden University","2020","First major","'99'","Grand total","Master's degree","9316","1472","7844","31","3","28","377","83","294","3111","486","2625","327","61","266","29","8","21","4150","599","3551","158","14","144","929","184","745","204","34","170","-2"
"125231","Walden University","2020","First major","'99'","Grand total","Doctor's degree - research/scholarship","1623","491","1132","9","3","6","46","16","30","647","184","463","53","15","38","4","1","3","552","152","400","31","7","24","232","98","134","49","15","34","-2"
"125462","West Hills College-Coalinga","2020","First major","'99'","Grand total","Associate's degree","508","176","332","1","0","1","8","3","5","15","15","0","430","137","293","0","0","0","43","14","29","1","0","1","6","4","2","4","3","1","-2"
"125471","West Los Angeles College","2020","First major","'99'","Grand total","Associate's degree","1360","442","918","0","0","0","71","29","42","338","108","230","718","214","504","6","2","4","119","51","68","51","16","35","45","17","28","12","5","7","-2"
"125471","West Los Angeles College","2020","First major","'99'","Grand total","Bachelor's degree","19","2","17","0","0","0","2","0","2","0","0","0","9","2","7","0","0","0","7","0","7","1","0","1","0","0","0","0","0","0","-2"
"125499","West Valley College","2020","First major","'99'","Grand total","Associate's degree","857","343","514","0","0","0","118","52","66","18","7","11","252","96","156","0","0","0","369","148","221","85","35","50","5","2","3","10","3","7","-2"
"125532","Carrington College-Sacramento","2020","First major","'99'","Grand total","Associate's degree","398","43","355","7","1","6","82","17","65","27","3","24","119","13","106","16","0","16","119","6","113","17","1","16","8","0","8","3","2","1","-2"
"125718","Westminster Theological Seminary in California","2020","First major","'99'","Grand total","Master's degree","33","30","3","0","0","0","7","7","0","0","0","0","0","0","0","1","1","0","20","18","2","3","3","0","0","0","0","2","1","1","-2"
"125727","Westmont College","2020","First major","'99'","Grand total","Bachelor's degree","314","117","197","1","0","1","29","12","17","3","0","3","54","22","32","3","0","3","184","66","118","12","3","9","18","8","10","10","6","4","-2"
"125727","Westmont College","2020","Second major","'99'","Grand total","Bachelor's degree","31","11","20","0","0","0","5","2","3","1","0","1","4","1","3","0","0","0","17","7","10","2","0","2","0","0","0","2","1","1","-2"
"125763","Whittier College","2020","First major","'99'","Grand total","Bachelor's degree","345","140","205","2","0","2","23","10","13","13","6","7","172","64","108","1","0","1","104","43","61","19","8","11","5","3","2","6","6","0","-2"
"125763","Whittier College","2020","First major","'99'","Grand total","Master's degree","22","8","14","0","0","0","2","1","1","1","0","1","12","7","5","0","0","0","6","0","6","0","0","0","0","0","0","1","0","1","-2"
"125763","Whittier College","2020","First major","'99'","Grand total","Doctor's degree - professional practice","11","3","8","0","0","0","1","1","0","1","0","1","4","0","4","0","0","0","4","2","2","0","0","0","1","0","1","0","0","0","-2"
"125763","Whittier College","2020","Second major","'99'","Grand total","Bachelor's degree","36","6","30","0","0","0","6","1","5","0","0","0","17","2","15","0","0","0","11","2","9","1","0","1","0","0","0","1","1","0","-2"
"125897","Woodbury University","2020","First major","'99'","Grand total","Bachelor's degree","232","118","114","0","0","0","22","10","12","7","3","4","72","38","34","0","0","0","69","29","40","10","4","6","0","0","0","52","34","18","-2"
"125897","Woodbury University","2020","First major","'99'","Grand total","Master's degree","65","26","39","0","0","0","3","2","1","3","2","1","9","3","6","1","0","1","36","15","21","2","1","1","0","0","0","11","3","8","-2"
"126012","The Wright Institute","2020","First major","'99'","Grand total","Master's degree","139","44","95","1","1","0","17","6","11","3","0","3","6","2","4","0","0","0","95","29","66","9","4","5","2","0","2","6","2","4","-2"
"126012","The Wright Institute","2020","First major","'99'","Grand total","Doctor's degree - other","63","17","46","0","0","0","10","3","7","3","0","3","2","1","1","0","0","0","44","12","32","3","1","2","0","0","0","1","0","1","-2"
"126049","Thomas Jefferson School of Law","2020","First major","'99'","Grand total","Master's degree","19","12","7","1","1","0","4","2","2","4","3","1","1","1","0","0","0","0","9","5","4","0","0","0","0","0","0","0","0","0","-2"
"126049","Thomas Jefferson School of Law","2020","First major","'99'","Grand total","Doctor's degree - professional practice","108","48","60","0","0","0","12","4","8","15","8","7","38","17","21","0","0","0","39","19","20","0","0","0","0","0","0","4","0","4","-2"
"126076","Yeshiva Ohr Elchonon Chabad West Coast Talmudical Seminary","2020","First major","'99'","Grand total","Bachelor's degree","23","23","0","0","0","0","0","0","0","0","0","0","0","0","0","0","0","0","22","22","0","0","0","0","0","0","0","1","1","0","-2"
"126119","Yuba College","2020","First major","'99'","Grand total","Associate's degree","812","250","562","5","1","4","170","60","110","13","4","9","272","85","187","6","2","4","269","83","186","71","15","56","6","0","6","0","0","0","-2"
"126182","Adams State University","2020","First major","'99'","Grand total","Associate's degree","270","134","136","3","1","2","4","2","2","22","15","7","94","40","54","1","1","0","129","65","64","3","1","2","14","9","5","0","0","0","-2"
"126182","Adams State University","2020","First major","'99'","Grand total","Bachelor's degree","325","180","145","2","0","2","6","3","3","33","19","14","113","67","46","3","3","0","144","74","70","10","3","7","14","11","3","0","0","0","-2"
"126182","Adams State University","2020","First major","'99'","Grand total","Master's degree","353","102","251","2","0","2","3","2","1","12","8","4","49","9","40","3","3","0","254","70","184","7","1","6","23","9","14","0","0","0","-2"
"126182","Adams State University","2020","First major","'99'","Grand total","Doctor's degree - research/scholarship","3","0","3","0","0","0","0","0","0","0","0","0","1","0","1","0","0","0","2","0","2","0","0","0","0","0","0","0","0","0","-2"
"126182","Adams State University","2020","Second major","'99'","Grand total","Bachelor's degree","23","10","13","0","0","0","0","0","0","1","0","1","9","6","3","0","0","0","12","4","8","1","0","1","0","0","0","0","0","0","-2"
"126182","Adams State University","2020","Second major","'99'","Grand total","Master's degree","14","3","11","0","0","0","0","0","0","0","0","0","4","0","4","0","0","0","7","2","5","0","0","0","3","1","2","0","0","0","-2"
"126207","Aims Community College","2020","First major","'99'","Grand total","Associate's degree","648","276","372","5","2","3","13","4","9","4","1","3","237","97","140","2","1","1","362","160","202","16","6","10","8","5","3","1","0","1","-2"
"126289","Arapahoe Community College","2020","First major","'99'","Grand total","Associate's degree","716","268","448","5","3","2","28","12","16","18","10","8","98","29","69","1","0","1","487","179","308","31","10","21","36","23","13","12","2","10","-2"
"126289","Arapahoe Community College","2020","First major","'99'","Grand total","Bachelor's degree","0","0","0","0","0","0","0","0","0","0","0","0","0","0","0","0","0","0","0","0","0","0","0","0","0","0","0","0","0","0","-2"
"126359","Bel-Rea Institute of Animal Technology","2020","First major","'99'","Grand total","Associate's degree","82","5","77","1","0","1","1","0","1","0","0","0","12","0","12","0","0","0","61","5","56","7","0","7","0","0","0","0","0","0","-2"
"126562","University of Colorado Denver/Anschutz Medical Campus","2020","First major","'99'","Grand total","Bachelor's degree","2709","1152","1557","4","0","4","272","99","173","137","66","71","556","216","340","2","1","1","1311","561","750","140","59","81","30","21","9","257","129","128","-2"
"126562","University of Colorado Denver/Anschutz Medical Campus","2020","First major","'99'","Grand total","Master's degree","1954","755","1199","8","4","4","84","31","53","45","22","23","171","51","120","2","1","1","1311","468","843","58","24","34","82","41","41","193","113","80","-2"
"126562","University of Colorado Denver/Anschutz Medical Campus","2020","First major","'99'","Grand total","Doctor's degree - research/scholarship","138","47","91","1","1","0","8","6","2","2","0","2","14","3","11","0","0","0","90","31","59","7","0","7","3","1","2","13","5","8","-2"
"126562","University of Colorado Denver/Anschutz Medical Campus","2020","First major","'99'","Grand total","Doctor's degree - professional practice","559","224","335","2","0","2","79","26","53","22","11","11","45","18","27","1","0","1","290","116","174","25","7","18","69","38","31","26","8","18","-2"
"126562","University of Colorado Denver/Anschutz Medical Campus","2020","Second major","'99'","Grand total","Bachelor's degree","36","6","30","0","0","0","2","0","2","4","1","3","13","1","12","0","0","0","13","3","10","0","0","0","0","0","0","4","1","3","-2"
"126580","University of Colorado Colorado Springs","2020","First major","'99'","Grand total","Bachelor's degree","2007","889","1118","7","3","4","66","27","39","71","31","40","310","123","187","6","2","4","1348","611","737","137","55","82","41","23","18","21","14","7","-2"
"126580","University of Colorado Colorado Springs","2020","First major","'99'","Grand total","Master's degree","527","199","328","0","0","0","20","5","15","13","6","7","63","19","44","0","0","0","361","127","234","32","15","17","19","14","5","19","13","6","-2"
"126580","University of Colorado Colorado Springs","2020","First major","'99'","Grand total","Doctor's degree - research/scholarship","25","18","7","0","0","0","1","1","0","2","0","2","2","1","1","0","0","0","11","9","2","0","0","0","0","0","0","9","7","2","-2"
"126580","University of Colorado Colorado Springs","2020","First major","'99'","Grand total","Doctor's degree - professional practice","6","0","6","0","0","0","2","0","2","0","0","0","0","0","0","0","0","0","4","0","4","0","0","0","0","0","0","0","0","0","-2"
"126580","University of Colorado Colorado Springs","2020","Second major","'99'","Grand total","Bachelor's degree","53","15","38","0","0","0","2","0","2","3","0","3","13","4","9","0","0","0","32","11","21","3","0","3","0","0","0","0","0","0","-2"
"126605","Spartan College of Aeronautics and Technology","2020","First major","'99'","Grand total","Associate's degree","170","158","12","1","1","0","4","4","0","11","9","2","26","25","1","2","2","0","106","100","6","10","9","1","10","8","2","0","0","0","-2"
"126614","University of Colorado Boulder","2020","First major","'99'","Grand total","Bachelor's degree","6860","3701","3159","9","6","3","394","194","200","92","60","32","792","413","379","6","4","2","4698","2504","2194","359","172","187","34","24","10","476","324","152","-2"
"126614","University of Colorado Boulder","2020","First major","'99'","Grand total","Master's degree","1713","945","768","3","1","2","55","23","32","12","8","4","134","52","82","0","0","0","1064","591","473","53","26","27","35","16","19","357","228","129","-2"
"126614","University of Colorado Boulder","2020","First major","'99'","Grand total","Doctor's degree - research/scholarship","393","250","143","0","0","0","12","5","7","3","2","1","20","14","6","0","0","0","251","163","88","9","3","6","23","9","14","75","54","21","-2"
"126614","University of Colorado Boulder","2020","First major","'99'","Grand total","Doctor's degree - professional practice","186","85","101","3","2","1","7","2","5","5","1","4","33","18","15","0","0","0","128","56","72","3","2","1","7","4","3","0","0","0","-2"
"126614","University of Colorado Boulder","2020","Second major","'99'","Grand total","Bachelor's degree","458","175","283","1","0","1","34","13","21","5","1","4","44","21","23","1","0","1","301","107","194","35","10","25","1","0","1","36","23","13","-2"
"126614","University of Colorado Boulder","2020","Second major","'99'","Grand total","Doctor's degree - research/scholarship","12","10","2","0","0","0","0","0","0","0","0","0","0","0","0","0","0","0","12","10","2","0","0","0","0","0","0","0","0","0","-2"
"126669","Colorado Christian University","2020","First major","'99'","Grand total","Associate's degree","178","51","127","1","0","1","4","0","4","30","13","17","40","9","31","2","1","1","90","23","67","7","2","5","4","3","1","0","0","0","-2"
"126669","Colorado Christian University","2020","First major","'99'","Grand total","Bachelor's degree","750","239","511","2","1","1","11","3","8","46","19","27","93","25","68","3","1","2","550","180","370","33","6","27","12","4","8","0","0","0","-2"
"126669","Colorado Christian University","2020","First major","'99'","Grand total","Master's degree","317","99","218","0","0","0","3","2","1","31","15","16","36","17","19","2","1","1","227","59","168","13","4","9","5","1","4","0","0","0","-2"
"126669","Colorado Christian University","2020","First major","'99'","Grand total","Doctor's degree - professional practice","0","0","0","0","0","0","0","0","0","0","0","0","0","0","0","0","0","0","0","0","0","0","0","0","0","0","0","0","0","0","-2"
"126669","Colorado Christian University","2020","Second major","'99'","Grand total","Bachelor's degree","44","21","23","0","0","0","1","0","1","1","1","0","4","3","1","0","0","0","37","17","20","1","0","1","0","0","0","0","0","0","-2"
"126678","Colorado College","2020","First major","'99'","Grand total","Bachelor's degree","524","234","290","4","2","2","26","8","18","12","2","10","38","19","19","0","0","0","338","156","182","44","18","26","8","4","4","54","25","29","-2"
"126678","Colorado College","2020","First major","'99'","Grand total","Master's degree","20","2","18","0","0","0","2","0","2","0","0","0","1","0","1","0","0","0","15","2","13","0","0","0","1","0","1","1","0","1","-2"
"126678","Colorado College","2020","Second major","'99'","Grand total","Bachelor's degree","26","6","20","0","0","0","0","0","0","1","0","1","0","0","0","0","0","0","16","5","11","1","0","1","2","0","2","6","1","5","-2"
"126687","Concorde Career College-Aurora","2020","First major","'99'","Grand total","Associate's degree","112","30","82","0","0","0","3","2","1","3","0","3","17","4","13","0","0","0","35","8","27","0","0","0","54","16","38","0","0","0","-2"
"126711","Colorado Mountain College","2020","First major","'99'","Grand total","Associate's degree","567","239","328","3","2","1","2","1","1","7","3","4","157","53","104","1","0","1","355","165","190","14","7","7","27","8","19","1","0","1","-2"
"126711","Colorado Mountain College","2020","First major","'99'","Grand total","Bachelor's degree","156","70","86","1","1","0","1","0","1","0","0","0","17","5","12","0","0","0","123","58","65","4","1","3","10","5","5","0","0","0","-2"
"126748","Colorado Northwestern Community College","2020","First major","'99'","Grand total","Associate's degree","128","26","102","0","0","0","2","0","2","3","2","1","20","5","15","0","0","0","97","17","80","0","0","0","5","1","4","1","1","0","-2"
"126775","Colorado School of Mines","2020","First major","'99'","Grand total","Bachelor's degree","1058","742","316","3","3","0","48","31","17","10","6","4","90","65","25","1","1","0","765","531","234","69","48","21","9","6","3","63","51","12","-2"
"126775","Colorado School of Mines","2020","First major","'99'","Grand total","Master's degree","397","289","108","2","0","2","20","14","6","1","1","0","20","16","4","0","0","0","272","197","75","15","8","7","5","4","1","62","49","13","-2"
"126775","Colorado School of Mines","2020","First major","'99'","Grand total","Doctor's degree - research/scholarship","126","104","22","0","0","0","4","3","1","0","0","0","8","6","2","0","0","0","61","47","14","3","3","0","0","0","0","50","45","5","-2"
"126784","Colorado School of Trades","2020","First major","'99'","Grand total","Associate's degree","69","69","0","1","1","0","1","1","0","2","2","0","6","6","0","2","2","0","34","34","0","0","0","0","23","23","0","0","0","0","-2"
"126818","Colorado State University-Fort Collins","2020","First major","'99'","Grand total","Bachelor's degree","5250","2435","2815","15","4","11","120","51","69","110","58","52","597","254","343","7","2","5","3899","1813","2086","198","83","115","67","32","35","237","138","99","-2"
"126818","Colorado State University-Fort Collins","2020","First major","'99'","Grand total","Master's degree","1765","764","1001","12","4","8","57","26","31","30","11","19","118","36","82","1","1","0","1176","482","694","50","19","31","77","32","45","244","153","91","-2"
"126818","Colorado State University-Fort Collins","2020","First major","'99'","Grand total","Doctor's degree - research/scholarship","256","153","103","1","0","1","3","2","1","3","1","2","16","7","9","0","0","0","143","83","60","4","2","2","18","8","10","68","50","18","-2"
"126818","Colorado State University-Fort Collins","2020","First major","'99'","Grand total","Doctor's degree - professional practice","144","20","124","0","0","0","10","1","9","0","0","0","17","4","13","0","0","0","103","13","90","10","1","9","4","1","3","0","0","0","-2"
"126818","Colorado State University-Fort Collins","2020","Second major","'99'","Grand total","Bachelor's degree","328","145","183","2","1","1","9","1","8","6","1","5","41","11","30","1","0","1","238","112","126","13","7","6","4","2","2","14","10","4","-2"
"126818","Colorado State University-Fort Collins","2020","Second major","'99'","Grand total","Master's degree","2","0","2","0","0","0","0","0","0","0","0","0","1","0","1","0","0","0","1","0","1","0","0","0","0","0","0","0","0","0","-2"
"126827","Colorado Technical University-Colorado Springs","2020","First major","'99'","Grand total","Associate's degree","1650","428","1222","18","4","14","9","6","3","460","112","348","15","4","11","8","3","5","590","197","393","61","16","45","489","86","403","0","0","0","-2"
"126827","Colorado Technical University-Colorado Springs","2020","First major","'99'","Grand total","Bachelor's degree","3000","1380","1620","29","18","11","41","22","19","663","238","425","85","46","39","22","8","14","1243","564","679","134","54","80","783","430","353","0","0","0","-2"
"126827","Colorado Technical University-Colorado Springs","2020","First major","'99'","Grand total","Master's degree","1726","673","1053","12","6","6","78","46","32","495","180","315","30","13","17","14","6","8","544","248","296","63","28","35","489","145","344","1","1","0","-2"
"126827","Colorado Technical University-Colorado Springs","2020","First major","'99'","Grand total","Doctor's degree - professional practice","132","83","49","0","0","0","3","2","1","31","20","11","5","2","3","0","0","0","56","30","26","8","4","4","29","25","4","0","0","0","-2"
"126863","Community College of Aurora","2020","First major","'99'","Grand total","Associate's degree","579","257","322","2","1","1","35","9","26","98","37","61","156","47","109","1","1","0","210","126","84","28","14","14","25","14","11","24","8","16","-2"
"126942","Community College of Denver","2020","First major","'99'","Grand total","Associate's degree","682","228","454","6","2","4","44","17","27","60","16","44","173","58","115","2","0","2","265","88","177","41","16","25","17","4","13","74","27","47","-2"
"126942","Community College of Denver","2020","First major","'99'","Grand total","Bachelor's degree","8","0","8","0","0","0","0","0","0","0","0","0","2","0","2","0","0","0","6","0","6","0","0","0","0","0","0","0","0","0","-2"
"126951","Lincoln College of Technology-Denver","2020","First major","'99'","Grand total","Associate's degree","55","52","3","1","1","0","1","1","0","5","5","0","16","15","1","0","0","0","25","23","2","4","4","0","3","3","0","0","0","0","-2"
"126979","Denver Seminary","2020","First major","'99'","Grand total","Master's degree","115","61","54","0","0","0","4","3","1","4","2","2","0","0","0","0","0","0","99","51","48","8","5","3","0","0","0","0","0","0","-2"
"126979","Denver Seminary","2020","First major","'99'","Grand total","Doctor's degree - other","5","5","0","0","0","0","2","2","0","0","0","0","0","0","0","0","0","0","3","3","0","0","0","0","0","0","0","0","0","0","-2"
"127060","University of Denver","2020","First major","'99'","Grand total","Bachelor's degree","1308","566","742","1","0","1","64","20","44","26","7","19","136","57","79","1","0","1","910","392","518","43","18","25","30","13","17","97","59","38","-2"
"127060","University of Denver","2020","First major","'99'","Grand total","Master's degree","2053","775","1278","15","3","12","55","19","36","96","44","52","221","63","158","3","1","2","1390","523","867","67","23","44","29","6","23","177","93","84","-2"
"127060","University of Denver","2020","First major","'99'","Grand total","Doctor's degree - research/scholarship","133","53","80","0","0","0","1","1","0","13","4","9","12","5","7","0","0","0","78","28","50","3","1","2","5","1","4","21","13","8","-2"
"127060","University of Denver","2020","First major","'99'","Grand total","Doctor's degree - professional practice","256","105","151","1","0","1","12","6","6","9","4","5","35","12","23","0","0","0","182","74","108","7","4","3","7","3","4","3","2","1","-2"
"127060","University of Denver","2020","Second major","'99'","Grand total","Bachelor's degree","243","62","181","0","0","0","12","4","8","7","2","5","26","5","21","0","0","0","176","43","133","9","3","6","4","1","3","9","4","5","-2"
"127060","University of Denver","2020","Second major","'99'","Grand total","Doctor's degree - professional practice","9","2","7","0","0","0","1","0","1","0","0","0","0","0","0","0","0","0","8","2","6","0","0","0","0","0","0","0","0","0","-2"
"127185","Fort Lewis College","2020","First major","'99'","Grand total","Bachelor's degree","594","269","325","145","58","87","4","3","1","10","9","1","64","22","42","1","1","0","304","147","157","55","23","32","9","4","5","2","2","0","-2"
"127185","Fort Lewis College","2020","First major","'99'","Grand total","Master's degree","20","9","11","5","0","5","0","0","0","0","0","0","1","1","0","0","0","0","11","6","5","2","1","1","1","1","0","0","0","0","-2"
"127185","Fort Lewis College","2020","Second major","'99'","Grand total","Bachelor's degree","29","11","18","7","3","4","0","0","0","0","0","0","0","0","0","0","0","0","17","5","12","5","3","2","0","0","0","0","0","0","-2"
"127200","Front Range Community College","2020","First major","'99'","Grand total","Associate's degree","1713","722","991","12","4","8","58","20","38","22","7","15","273","99","174","2","2","0","1185","512","673","62","26","36","73","40","33","26","12","14","-2"
"127200","Front Range Community College","2020","First major","'99'","Grand total","Bachelor's degree","0","0","0","0","0","0","0","0","0","0","0","0","0","0","0","0","0","0","0","0","0","0","0","0","0","0","0","0","0","0","-2"
"127273","Iliff School of Theology","2020","First major","'99'","Grand total","Master's degree","57","17","40","4","0","4","2","0","2","6","3","3","3","1","2","0","0","0","42","13","29","0","0","0","0","0","0","0","0","0","-2"
"127273","Iliff School of Theology","2020","First major","'99'","Grand total","Doctor's degree - research/scholarship","7","4","3","0","0","0","0","0","0","0","0","0","0","0","0","0","0","0","7","4","3","0","0","0","0","0","0","0","0","0","-2"
"127273","Iliff School of Theology","2020","First major","'99'","Grand total","Doctor's degree - professional practice","0","0","0","0","0","0","0","0","0","0","0","0","0","0","0","0","0","0","0","0","0","0","0","0","0","0","0","0","0","0","-2"
"127389","Lamar Community College","2020","First major","'99'","Grand total","Associate's degree","115","48","67","1","0","1","0","0","0","7","5","2","29","12","17","2","1","1","70","25","45","1","1","0","0","0","0","5","4","1","-2"
"127556","Colorado Mesa University","2020","First major","'99'","Grand total","Associate's degree","303","133","170","2","0","2","5","0","5","6","4","2","56","24","32","0","0","0","219","99","120","10","5","5","5","1","4","0","0","0","-2"
"127556","Colorado Mesa University","2020","First major","'99'","Grand total","Bachelor's degree","1153","447","706","2","1","1","20","6","14","23","13","10","180","73","107","5","3","2","831","318","513","45","14","31","33","14","19","14","5","9","-2"
"127556","Colorado Mesa University","2020","First major","'99'","Grand total","Master's degree","39","12","27","0","0","0","2","1","1","1","0","1","3","1","2","0","0","0","29","8","21","2","1","1","1","0","1","1","1","0","-2"
"127556","Colorado Mesa University","2020","First major","'99'","Grand total","Doctor's degree - professional practice","2","0","2","1","0","1","0","0","0","0","0","0","0","0","0","0","0","0","1","0","1","0","0","0","0","0","0","0","0","0","-2"
"127565","Metropolitan State University of Denver","2020","First major","'99'","Grand total","Bachelor's degree","3091","1323","1768","12","5","7","152","66","86","129","51","78","692","238","454","10","5","5","1852","841","1011","141","64","77","77","37","40","26","16","10","-2"
"127565","Metropolitan State University of Denver","2020","First major","'99'","Grand total","Master's degree","271","59","212","0","0","0","9","1","8","14","5","9","45","13","32","0","0","0","184","36","148","9","0","9","10","4","6","0","0","0","-2"
"127565","Metropolitan State University of Denver","2020","Second major","'99'","Grand total","Bachelor's degree","43","21","22","1","0","1","3","1","2","0","0","0","10","6","4","0","0","0","26","11","15","2","2","0","0","0","0","1","1","0","-2"
"127617","Morgan Community College","2020","First major","'99'","Grand total","Associate's degree","121","37","84","0","0","0","0","0","0","7","2","5","33","8","25","0","0","0","68","24","44","3","0","3","6","1","5","4","2","2","-2"
"127617","Morgan Community College","2020","First major","'99'","Grand total","Bachelor's degree","0","0","0","0","0","0","0","0","0","0","0","0","0","0","0","0","0","0","0","0","0","0","0","0","0","0","0","0","0","0","-2"
"127653","Naropa University","2020","First major","'99'","Grand total","Bachelor's degree","93","24","69","0","0","0","3","2","1","2","1","1","11","2","9","0","0","0","64","16","48","4","2","2","7","1","6","2","0","2","-2"
"127653","Naropa University","2020","First major","'99'","Grand total","Master's degree","196","54","142","1","1","0","3","1","2","7","1","6","29","8","21","0","0","0","130","36","94","10","3","7","8","2","6","8","2","6","-2"
"127653","Naropa University","2020","Second major","'99'","Grand total","Bachelor's degree","8","3","5","0","0","0","0","0","0","0","0","0","0","0","0","0","0","0","7","2","5","1","1","0","0","0","0","0","0","0","-2"
"127714","Nazarene Bible College","2020","First major","'99'","Grand total","Associate's degree","5","1","4","0","0","0","0","0","0","0","0","0","3","0","3","0","0","0","2","1","1","0","0","0","0","0","0","0","0","0","-2"
"127714","Nazarene Bible College","2020","First major","'99'","Grand total","Bachelor's degree","80","46","34","0","0","0","7","1","6","3","2","1","9","5","4","0","0","0","60","38","22","1","0","1","0","0","0","0","0","0","-2"
"127732","Northeastern Junior College","2020","First major","'99'","Grand total","Associate's degree","269","117","152","1","1","0","4","2","2","7","3","4","39","16","23","0","0","0","188","78","110","10","4","6","9","5","4","11","8","3","-2"
"127741","University of Northern Colorado","2020","First major","'99'","Grand total","Bachelor's degree","2071","614","1457","11","2","9","51","15","36","61","27","34","447","128","319","4","1","3","1338","389","949","76","22","54","63","22","41","20","8","12","-2"
"127741","University of Northern Colorado","2020","First major","'99'","Grand total","Master's degree","944","232","712","3","0","3","34","6","28","23","6","17","96","23","73","4","3","1","710","171","539","26","11","15","12","2","10","36","10","26","-2"
"127741","University of Northern Colorado","2020","First major","'99'","Grand total","Doctor's degree - research/scholarship","128","42","86","0","0","0","6","1","5","3","1","2","8","3","5","0","0","0","92","30","62","1","0","1","4","1","3","14","6","8","-2"
"127741","University of Northern Colorado","2020","Second major","'99'","Grand total","Bachelor's degree","51","17","34","1","1","0","0","0","0","1","1","0","13","3","10","0","0","0","32","10","22","3","1","2","0","0","0","1","1","0","-2"
"127741","University of Northern Colorado","2020","Second major","'99'","Grand total","Master's degree","5","0","5","0","0","0","0","0","0","0","0","0","1","0","1","0","0","0","4","0","4","0","0","0","0","0","0","0","0","0","-2"
"127778","Otero Junior College","2020","First major","'99'","Grand total","Associate's degree","172","54","118","1","0","1","3","1","2","15","4","11","64","26","38","0","0","0","74","13","61","4","2","2","4","3","1","7","5","2","-2"
"127820","Pikes Peak Community College","2020","First major","'99'","Grand total","Associate's degree","1703","642","1061","14","3","11","41","11","30","111","45","66","277","82","195","9","5","4","1059","431","628","96","28","68","85","35","50","11","2","9","-2"
"127820","Pikes Peak Community College","2020","First major","'99'","Grand total","Bachelor's degree","3","2","1","0","0","0","0","0","0","0","0","0","1","0","1","0","0","0","2","2","0","0","0","0","0","0","0","0","0","0","-2"
"127884","Pueblo Community College","2020","First major","'99'","Grand total","Associate's degree","741","237","504","14","3","11","5","0","5","19","7","12","246","85","161","3","0","3","407","134","273","33","4","29","10","3","7","4","1","3","-2"
"127884","Pueblo Community College","2020","First major","'99'","Grand total","Bachelor's degree","14","2","12","1","0","1","0","0","0","0","0","0","1","0","1","0","0","0","12","2","10","0","0","0","0","0","0","0","0","0","-2"
"127909","Red Rocks Community College","2020","First major","'99'","Grand total","Associate's degree","704","343","361","1","0","1","18","6","12","10","5","5","122","54","68","1","1","0","476","237","239","22","10","12","39","21","18","15","9","6","-2"
"127909","Red Rocks Community College","2020","First major","'99'","Grand total","Bachelor's degree","3","3","0","0","0","0","0","0","0","0","0","0","0","0","0","0","0","0","2","2","0","1","1","0","0","0","0","0","0","0","-2"
"127909","Red Rocks Community College","2020","First major","'99'","Grand total","Master's degree","28","12","16","0","0","0","2","1","1","0","0","0","3","1","2","0","0","0","22","10","12","0","0","0","1","0","1","0","0","0","-2"
"127918","Regis University","2020","First major","'99'","Grand total","Bachelor's degree","846","277","569","4","2","2","43","9","34","32","14","18","164","43","121","2","1","1","495","157","338","38","13","25","50","27","23","18","11","7","-2"
"127918","Regis University","2020","First major","'99'","Grand total","Master's degree","1081","373","708","3","2","1","45","18","27","64","29","35","137","48","89","1","1","0","661","208","453","32","14","18","101","35","66","37","18","19","-2"
"127918","Regis University","2020","First major","'99'","Grand total","Doctor's degree - professional practice","136","48","88","0","0","0","16","8","8","2","0","2","15","3","12","0","0","0","87","34","53","7","0","7","6","3","3","3","0","3","-2"
"127918","Regis University","2020","Second major","'99'","Grand total","Master's degree","3","0","3","0","0","0","0","0","0","0","0","0","2","0","2","0","0","0","1","0","1","0","0","0","0","0","0","0","0","0","-2"
"127945","Rocky Mountain College of Art and Design","2020","First major","'99'","Grand total","Bachelor's degree","232","73","159","4","1","3","12","3","9","12","4","8","32","10","22","0","0","0","145","46","99","4","1","3","23","8","15","0","0","0","-2"
"127945","Rocky Mountain College of Art and Design","2020","First major","'99'","Grand total","Master's degree","0","0","0","0","0","0","0","0","0","0","0","0","0","0","0","0","0","0","0","0","0","0","0","0","0","0","0","0","0","0","-2"
"128106","Colorado State University Pueblo","2020","First major","'99'","Grand total","Bachelor's degree","680","286","394","1","1","0","10","4","6","38","15","23","208","78","130","0","0","0","357","152","205","31","14","17","19","9","10","16","13","3","-2"
"128106","Colorado State University Pueblo","2020","First major","'99'","Grand total","Master's degree","104","44","60","1","1","0","2","0","2","4","0","4","22","12","10","0","0","0","58","21","37","3","1","2","5","4","1","9","5","4","-2"
"128106","Colorado State University Pueblo","2020","First major","'99'","Grand total","Doctor's degree - professional practice","2","0","2","0","0","0","0","0","0","0","0","0","0","0","0","0","0","0","2","0","2","0","0","0","0","0","0","0","0","0","-2"
"128106","Colorado State University Pueblo","2020","Second major","'99'","Grand total","Bachelor's degree","22","9","13","1","1","0","0","0","0","2","1","1","11","3","8","0","0","0","5","3","2","3","1","2","0","0","0","0","0","0","-2"
"128179","Intellitec College-Colorado Springs","2020","First major","'99'","Grand total","Associate's degree","137","127","10","1","1","0","4","4","0","10","9","1","23","22","1","0","0","0","93","86","7","0","0","0","6","5","1","0","0","0","-2"
"128188","Intellitec College-Grand Junction","2020","First major","'99'","Grand total","Associate's degree","73","68","5","20","18","2","0","0","0","4","4","0","22","22","0","1","1","0","22","21","1","0","0","0","4","2","2","0","0","0","-2"
"128258","Trinidad State Junior College","2020","First major","'99'","Grand total","Associate's degree","273","87","186","8","4","4","1","0","1","8","6","2","115","22","93","3","0","3","95","33","62","9","0","9","18","11","7","16","11","5","-2"
"128328","United States Air Force Academy","2020","First major","'99'","Grand total","Bachelor's degree","978","696","282","3","1","2","56","42","14","55","42","13","102","65","37","8","6","2","628","444","184","75","52","23","39","33","6","12","11","1","-2"
"128328","United States Air Force Academy","2020","Second major","'99'","Grand total","Bachelor's degree","28","23","5","0","0","0","1","0","1","1","1","0","1","0","1","0","0","0","21","19","2","2","1","1","0","0","0","2","2","0","-2"
"128391","Western Colorado University","2020","First major","'99'","Grand total","Bachelor's degree","413","225","188","3","2","1","4","2","2","11","10","1","43","22","21","1","1","0","306","160","146","12","9","3","31","18","13","2","1","1","-2"
"128391","Western Colorado University","2020","First major","'99'","Grand total","Master's degree","153","61","92","0","0","0","1","0","1","2","1","1","14","4","10","0","0","0","126","53","73","4","1","3","4","1","3","2","1","1","-2"
"128391","Western Colorado University","2020","Second major","'99'","Grand total","Bachelor's degree","58","35","23","0","0","0","0","0","0","0","0","0","8","4","4","0","0","0","42","27","15","1","1","0","7","3","4","0","0","0","-2"
"128498","Albertus Magnus College","2020","First major","'99'","Grand total","Associate's degree","23","2","21","0","0","0","0","0","0","17","1","16","3","0","3","0","0","0","3","1","2","0","0","0","0","0","0","0","0","0","-2"
"128498","Albertus Magnus College","2020","First major","'99'","Grand total","Bachelor's degree","257","75","182","0","0","0","1","1","0","78","15","63","60","16","44","0","0","0","96","32","64","2","0","2","16","8","8","4","3","1","-2"
"128498","Albertus Magnus College","2020","First major","'99'","Grand total","Master's degree","151","41","110","1","0","1","1","1","0","53","11","42","19","5","14","0","0","0","49","17","32","3","1","2","20","6","14","5","0","5","-2"
"128498","Albertus Magnus College","2020","Second major","'99'","Grand total","Bachelor's degree","13","3","10","0","0","0","0","0","0","2","0","2","3","0","3","0","0","0","7","2","5","0","0","0","1","1","0","0","0","0","-2"
"128498","Albertus Magnus College","2020","Second major","'99'","Grand total","Master's degree","4","3","1","0","0","0","0","0","0","1","1","0","1","1","0","0","0","0","1","1","0","0","0","0","0","0","0","1","0","1","-2"
"128577","Asnuntuck Community College","2020","First major","'99'","Grand total","Associate's degree","142","51","91","0","0","0","3","1","2","13","4","9","14","1","13","2","1","1","105","43","62","3","0","3","2","1","1","0","0","0","-2"
"128586","Bais Binyomin Academy","2020","First major","'99'","Grand total","Bachelor's degree","0","0","0","0","0","0","0","0","0","0","0","0","0","0","0","0","0","0","0","0","0","0","0","0","0","0","0","0","0","0","-2"
"128744","University of Bridgeport","2020","First major","'99'","Grand total","Associate's degree","49","4","45","1","0","1","2","1","1","13","2","11","15","0","15","0","0","0","18","1","17","0","0","0","0","0","0","0","0","0","-2"
"128744","University of Bridgeport","2020","First major","'99'","Grand total","Bachelor's degree","657","204","453","3","0","3","22","8","14","168","46","122","147","36","111","0","0","0","192","47","145","21","3","18","0","0","0","104","64","40","-2"
"128744","University of Bridgeport","2020","First major","'99'","Grand total","Master's degree","498","183","315","4","1","3","33","15","18","65","19","46","24","7","17","0","0","0","223","55","168","11","5","6","0","0","0","138","81","57","-2"
"128744","University of Bridgeport","2020","First major","'99'","Grand total","Doctor's degree - research/scholarship","10","4","6","0","0","0","1","1","0","3","1","2","0","0","0","0","0","0","3","0","3","0","0","0","0","0","0","3","2","1","-2"
"128744","University of Bridgeport","2020","First major","'99'","Grand total","Doctor's degree - professional practice","77","39","38","0","0","0","10","5","5","7","3","4","4","3","1","0","0","0","52","25","27","1","1","0","0","0","0","3","2","1","-2"
"128744","University of Bridgeport","2020","Second major","'99'","Grand total","Bachelor's degree","14","2","12","0","0","0","0","0","0","4","1","3","5","1","4","0","0","0","2","0","2","0","0","0","0","0","0","3","0","3","-2"
"128771","Central Connecticut State University","2020","First major","'99'","Grand total","Bachelor's degree","1872","939","933","1","0","1","92","51","41","196","95","101","249","110","139","1","1","0","1178","604","574","66","33","33","54","30","24","35","15","20","-2"
"128771","Central Connecticut State University","2020","First major","'99'","Grand total","Master's degree","554","193","361","0","0","0","19","5","14","53","18","35","69","21","48","1","1","0","369","130","239","20","9","11","8","3","5","15","6","9","-2"
"128771","Central Connecticut State University","2020","First major","'99'","Grand total","Doctor's degree - research/scholarship","9","2","7","0","0","0","0","0","0","2","0","2","1","0","1","0","0","0","6","2","4","0","0","0","0","0","0","0","0","0","-2"
"128771","Central Connecticut State University","2020","First major","'99'","Grand total","Doctor's degree - professional practice","21","4","17","0","0","0","1","1","0","0","0","0","0","0","0","0","0","0","19","3","16","1","0","1","0","0","0","0","0","0","-2"
"128771","Central Connecticut State University","2020","Second major","'99'","Grand total","Bachelor's degree","74","31","43","0","0","0","4","0","4","6","2","4","6","1","5","0","0","0","50","25","25","4","2","2","3","1","2","1","0","1","-2"
"128780","Charter Oak State College","2020","First major","'99'","Grand total","Associate's degree","48","21","27","0","0","0","0","0","0","5","3","2","7","3","4","1","1","0","31","12","19","1","1","0","2","1","1","1","0","1","-2"
"128780","Charter Oak State College","2020","First major","'99'","Grand total","Bachelor's degree","421","132","289","0","0","0","14","1","13","51","16","35","47","11","36","0","0","0","277","93","184","11","4","7","15","5","10","6","2","4","-2"
"128780","Charter Oak State College","2020","First major","'99'","Grand total","Master's degree","17","4","13","0","0","0","0","0","0","4","1","3","1","0","1","0","0","0","12","3","9","0","0","0","0","0","0","0","0","0","-2"
"128780","Charter Oak State College","2020","Second major","'99'","Grand total","Bachelor's degree","7","2","5","0","0","0","0","0","0","2","0","2","3","0","3","0","0","0","2","2","0","0","0","0","0","0","0","0","0","0","-2"
"128902","Connecticut College","2020","First major","'99'","Grand total","Bachelor's degree","414","159","255","0","0","0","23","9","14","12","6","6","44","12","32","0","0","0","282","110","172","14","3","11","10","2","8","29","17","12","-2"
"128902","Connecticut College","2020","Second major","'99'","Grand total","Bachelor's degree","121","40","81","0","0","0","6","1","5","2","0","2","18","6","12","0","0","0","80","26","54","4","1","3","1","0","1","10","6","4","-2"
"129020","University of Connecticut","2020","First major","'99'","Grand total","Associate's degree","26","5","21","0","0","0","2","0","2","3","1","2","5","0","5","0","0","0","16","4","12","0","0","0","0","0","0","0","0","0","129020"
"129020","University of Connecticut","2020","First major","'99'","Grand total","Bachelor's degree","5731","2677","3054","5","3","2","646","300","346","332","149","183","652","272","380","4","1","3","3412","1635","1777","176","70","106","115","59","56","389","188","201","129020"
"129020","University of Connecticut","2020","First major","'99'","Grand total","Master's degree","1824","792","1032","3","1","2","95","45","50","95","36","59","125","45","80","4","1","3","826","351","475","43","18","25","69","36","33","564","259","305","129020"
"129020","University of Connecticut","2020","First major","'99'","Grand total","Doctor's degree - research/scholarship","332","149","183","0","0","0","14","6","8","10","3","7","10","5","5","0","0","0","125","44","81","4","2","2","36","10","26","133","79","54","129020"
"129020","University of Connecticut","2020","First major","'99'","Grand total","Doctor's degree - professional practice","418","195","223","2","1","1","63","22","41","30","13","17","27","17","10","0","0","0","272","137","135","7","3","4","13","2","11","4","0","4","129020"
"129020","University of Connecticut","2020","Second major","'99'","Grand total","Bachelor's degree","387","133","254","1","0","1","32","10","22","24","9","15","48","14","34","0","0","0","232","81","151","12","5","7","5","1","4","33","13","20","129020"
"129154","Goodwin University","2020","First major","'99'","Grand total","Associate's degree","527","76","451","4","1","3","13","3","10","82","7","75","97","18","79","0","0","0","320","46","274","8","1","7","3","0","3","0","0","0","-2"
"129154","Goodwin University","2020","First major","'99'","Grand total","Bachelor's degree","177","26","151","0","0","0","5","1","4","29","3","26","30","5","25","0","0","0","108","17","91","3","0","3","2","0","2","0","0","0","-2"
"129154","Goodwin University","2020","First major","'99'","Grand total","Master's degree","46","11","35","2","1","1","3","0","3","3","1","2","8","2","6","0","0","0","29","7","22","1","0","1","0","0","0","0","0","0","-2"
"129215","Eastern Connecticut State University","2020","First major","'99'","Grand total","Associate's degree","4","4","0","0","0","0","0","0","0","0","0","0","1","1","0","0","0","0","3","3","0","0","0","0","0","0","0","0","0","0","-2"
"129215","Eastern Connecticut State University","2020","First major","'99'","Grand total","Bachelor's degree","1123","462","661","1","0","1","44","22","22","80","27","53","109","40","69","2","1","1","760","319","441","31","14","17","76","30","46","20","9","11","-2"
"129215","Eastern Connecticut State University","2020","First major","'99'","Grand total","Master's degree","90","28","62","0","0","0","9","2","7","7","2","5","5","1","4","0","0","0","64","22","42","2","1","1","3","0","3","0","0","0","-2"
"129215","Eastern Connecticut State University","2020","Second major","'99'","Grand total","Bachelor's degree","58","16","42","0","0","0","2","0","2","2","1","1","5","2","3","0","0","0","42","10","32","1","0","1","6","3","3","0","0","0","-2"
"129242","Fairfield University","2020","First major","'99'","Grand total","Bachelor's degree","1015","380","635","0","0","0","26","8","18","23","6","17","73","29","44","0","0","0","792","290","502","19","10","9","51","24","27","31","13","18","-2"
"129242","Fairfield University","2020","First major","'99'","Grand total","Master's degree","404","135","269","0","0","0","13","6","7","19","6","13","33","8","25","0","0","0","300","96","204","3","1","2","5","2","3","31","16","15","-2"
"129242","Fairfield University","2020","First major","'99'","Grand total","Doctor's degree - professional practice","47","6","41","0","0","0","2","0","2","5","1","4","5","1","4","0","0","0","34","4","30","0","0","0","1","0","1","0","0","0","-2"
"129242","Fairfield University","2020","Second major","'99'","Grand total","Bachelor's degree","127","57","70","0","0","0","0","0","0","1","1","0","8","3","5","0","0","0","105","44","61","2","1","1","6","4","2","5","4","1","-2"
"129367","Capital Community College","2020","First major","'99'","Grand total","Associate's degree","303","75","228","2","0","2","16","3","13","101","26","75","68","16","52","1","0","1","85","23","62","4","1","3","18","3","15","8","3","5","-2"
"129428","Rensselaer at Hartford","2020","First major","'99'","Grand total","Master's degree","23","21","2","1","1","0","2","2","0","1","1","0","1","1","0","0","0","0","17","16","1","1","0","1","0","0","0","0","0","0","-2"
"129491","Hartford Seminary","2020","First major","'99'","Grand total","Master's degree","11","6","5","0","0","0","3","2","1","1","0","1","1","1","0","0","0","0","4","1","3","0","0","0","0","0","0","2","2","0","-2"
"129491","Hartford Seminary","2020","First major","'99'","Grand total","Doctor's degree - research/scholarship","0","0","0","0","0","0","0","0","0","0","0","0","0","0","0","0","0","0","0","0","0","0","0","0","0","0","0","0","0","0","-2"
"129491","Hartford Seminary","2020","First major","'99'","Grand total","Doctor's degree - professional practice","8","2","6","0","0","0","1","1","0","1","0","1","0","0","0","0","0","0","6","1","5","0","0","0","0","0","0","0","0","0","-2"
"129525","University of Hartford","2020","First major","'99'","Grand total","Associate's degree","120","42","78","0","0","0","3","1","2","28","11","17","22","7","15","0","0","0","57","19","38","6","2","4","4","2","2","0","0","0","-2"
"129525","University of Hartford","2020","First major","'99'","Grand total","Bachelor's degree","921","454","467","2","1","1","37","11","26","112","56","56","108","43","65","0","0","0","520","255","265","23","9","14","32","9","23","87","70","17","-2"
"129525","University of Hartford","2020","First major","'99'","Grand total","Master's degree","649","277","372","1","0","1","32","17","15","58","22","36","59","29","30","0","0","0","412","173","239","14","3","11","26","13","13","47","20","27","-2"
"129525","University of Hartford","2020","First major","'99'","Grand total","Doctor's degree - research/scholarship","25","8","17","0","0","0","3","0","3","2","1","1","3","1","2","0","0","0","10","4","6","0","0","0","0","0","0","7","2","5","-2"
"129525","University of Hartford","2020","First major","'99'","Grand total","Doctor's degree - professional practice","61","19","42","0","0","0","2","1","1","5","2","3","6","3","3","0","0","0","46","13","33","1","0","1","1","0","1","0","0","0","-2"
"129525","University of Hartford","2020","Second major","'99'","Grand total","Bachelor's degree","46","18","28","0","0","0","0","0","0","8","3","5","9","2","7","0","0","0","26","12","14","1","0","1","0","0","0","2","1","1","-2"
"129525","University of Hartford","2020","Second major","'99'","Grand total","Master's degree","1","1","0","0","0","0","0","0","0","0","0","0","0","0","0","0","0","0","1","1","0","0","0","0","0","0","0","0","0","0","-2"
"129534","Holy Apostles College and Seminary","2020","First major","'99'","Grand total","Associate's degree","11","6","5","0","0","0","0","0","0","0","0","0","0","0","0","0","0","0","8","4","4","1","1","0","1","0","1","1","1","0","-2"
"129534","Holy Apostles College and Seminary","2020","First major","'99'","Grand total","Bachelor's degree","40","22","18","0","0","0","2","1","1","0","0","0","4","3","1","0","0","0","20","14","6","2","1","1","2","0","2","10","3","7","-2"
"129534","Holy Apostles College and Seminary","2020","First major","'99'","Grand total","Master's degree","104","71","33","0","0","0","5","3","2","1","1","0","8","4","4","0","0","0","58","33","25","0","0","0","1","1","0","31","29","2","-2"
"129534","Holy Apostles College and Seminary","2020","Second major","'99'","Grand total","Bachelor's degree","18","10","8","0","0","0","0","0","0","0","0","0","2","1","1","0","0","0","13","8","5","0","0","0","1","0","1","2","1","1","-2"
"129543","Housatonic Community College","2020","First major","'99'","Grand total","Associate's degree","351","119","232","2","1","1","9","3","6","104","31","73","115","31","84","2","1","1","106","46","60","3","1","2","3","2","1","7","3","4","-2"
"129695","Manchester Community College","2020","First major","'99'","Grand total","Associate's degree","571","221","350","3","1","2","25","16","9","78","23","55","92","40","52","1","1","0","326","129","197","9","3","6","31","7","24","6","1","5","-2"
"129729","Naugatuck Valley Community College","2020","First major","'99'","Grand total","Associate's degree","719","257","462","1","0","1","22","8","14","67","19","48","169","49","120","2","0","2","413","162","251","12","5","7","21","11","10","12","3","9","-2"
"129756","Middlesex Community College","2020","First major","'99'","Grand total","Associate's degree","323","134","189","2","0","2","7","4","3","15","7","8","49","20","29","1","0","1","237","98","139","5","2","3","5","3","2","2","0","2","-2"
"129774","Mitchell College","2020","First major","'99'","Grand total","Associate's degree","12","6","6","0","0","0","0","0","0","1","0","1","4","2","2","0","0","0","4","3","1","1","1","0","2","0","2","0","0","0","-2"
"129774","Mitchell College","2020","First major","'99'","Grand total","Bachelor's degree","129","64","65","3","0","3","3","1","2","21","11","10","42","19","23","0","0","0","45","27","18","6","3","3","9","3","6","0","0","0","-2"
"129808","Three Rivers Community College","2020","First major","'99'","Grand total","Associate's degree","471","172","299","5","0","5","14","6","8","28","10","18","48","20","28","1","0","1","349","124","225","17","7","10","6","2","4","3","3","0","-2"
"129941","University of New Haven","2020","First major","'99'","Grand total","Associate's degree","40","5","35","0","0","0","2","0","2","3","0","3","6","1","5","0","0","0","24","3","21","0","0","0","4","0","4","1","1","0","-2"
"129941","University of New Haven","2020","First major","'99'","Grand total","Bachelor's degree","1091","498","593","3","0","3","27","12","15","114","35","79","88","33","55","1","0","1","733","335","398","12","5","7","35","12","23","78","66","12","-2"
"129941","University of New Haven","2020","First major","'99'","Grand total","Master's degree","767","394","373","0","0","0","27","11","16","65","22","43","49","16","33","0","0","0","280","135","145","3","2","1","49","24","25","294","184","110","-2"
"129941","University of New Haven","2020","First major","'99'","Grand total","Doctor's degree - research/scholarship","2","0","2","0","0","0","0","0","0","0","0","0","0","0","0","0","0","0","2","0","2","0","0","0","0","0","0","0","0","0","-2"
"129941","University of New Haven","2020","Second major","'99'","Grand total","Master's degree","1","0","1","0","0","0","0","0","0","1","0","1","0","0","0","0","0","0","0","0","0","0","0","0","0","0","0","0","0","0","-2"
"130004","Norwalk Community College","2020","First major","'99'","Grand total","Associate's degree","582","236","346","0","0","0","26","14","12","88","39","49","191","70","121","3","1","2","200","83","117","5","4","1","15","5","10","54","20","34","-2"
"130040","Northwestern Connecticut Community College","2020","First major","'99'","Grand total","Associate's degree","139","45","94","1","0","1","3","3","0","6","2","4","14","6","8","2","1","1","112","33","79","0","0","0","1","0","1","0","0","0","-2"
"130110","Paier College of Art Inc","2020","First major","'99'","Grand total","Associate's degree","1","1","0","0","0","0","0","0","0","0","0","0","0","0","0","0","0","0","1","1","0","0","0","0","0","0","0","0","0","0","-2"
"130110","Paier College of Art Inc","2020","First major","'99'","Grand total","Bachelor's degree","11","1","10","0","0","0","0","0","0","2","1","1","2","0","2","0","0","0","7","0","7","0","0","0","0","0","0","0","0","0","-2"
"130183","Post University","2020","First major","'99'","Grand total","Associate's degree","361","115","246","5","1","4","2","0","2","94","23","71","33","8","25","0","0","0","135","42","93","41","19","22","51","22","29","0","0","0","-2"
"130183","Post University","2020","First major","'99'","Grand total","Bachelor's degree","1034","557","477","3","3","0","9","6","3","130","43","87","75","41","34","3","2","1","379","198","181","192","105","87","226","155","71","17","4","13","-2"
"130183","Post University","2020","First major","'99'","Grand total","Master's degree","298","119","179","1","1","0","2","1","1","26","3","23","20","5","15","0","0","0","64","21","43","118","53","65","36","17","19","31","18","13","-2"
"130183","Post University","2020","Second major","'99'","Grand total","Bachelor's degree","15","8","7","0","0","0","0","0","0","0","0","0","0","0","0","0","0","0","4","2","2","5","2","3","5","3","2","1","1","0","-2"
"130217","Quinebaug Valley Community College","2020","First major","'99'","Grand total","Associate's degree","132","49","83","0","0","0","4","0","4","2","2","0","11","2","9","0","0","0","109","41","68","2","2","0","4","2","2","0","0","0","-2"
"130226","Quinnipiac University","2020","First major","'99'","Grand total","Bachelor's degree","1748","663","1085","5","0","5","57","23","34","64","20","44","127","51","76","0","0","0","1371","522","849","40","12","28","51","15","36","33","20","13","-2"
"130226","Quinnipiac University","2020","First major","'99'","Grand total","Master's degree","835","267","568","1","1","0","32","10","22","39","8","31","60","23","37","0","0","0","614","193","421","21","3","18","46","17","29","22","12","10","-2"
"130226","Quinnipiac University","2020","First major","'99'","Grand total","Doctor's degree - professional practice","357","128","229","0","0","0","38","16","22","18","2","16","27","10","17","0","0","0","256","94","162","1","0","1","16","6","10","1","0","1","-2"
"130226","Quinnipiac University","2020","Second major","'99'","Grand total","Bachelor's degree","43","11","32","0","0","0","3","0","3","2","0","2","4","3","1","0","0","0","30","8","22","0","0","0","2","0","2","2","0","2","-2"
"130253","Sacred Heart University","2020","First major","'99'","Grand total","Associate's degree","133","26","107","1","0","1","4","1","3","17","1","16","27","4","23","0","0","0","73","18","55","2","0","2","9","2","7","0","0","0","-2"
"130253","Sacred Heart University","2020","First major","'99'","Grand total","Bachelor's degree","1264","431","833","0","0","0","30","9","21","54","29","25","147","44","103","1","1","0","941","321","620","29","9","20","50","14","36","12","4","8","-2"
"130253","Sacred Heart University","2020","First major","'99'","Grand total","Master's degree","1005","292","713","2","1","1","35","13","22","56","18","38","78","20","58","2","1","1","657","161","496","17","3","14","54","9","45","104","66","38","-2"
"130253","Sacred Heart University","2020","First major","'99'","Grand total","Doctor's degree - professional practice","71","18","53","0","0","0","3","1","2","2","0","2","5","1","4","0","0","0","56","15","41","1","1","0","4","0","4","0","0","0","-2"
"130253","Sacred Heart University","2020","Second major","'99'","Grand total","Bachelor's degree","123","70","53","0","0","0","1","1","0","2","1","1","15","8","7","0","0","0","100","57","43","1","1","0","2","1","1","2","1","1","-2"
"130314","University of Saint Joseph","2020","First major","'99'","Grand total","Bachelor's degree","206","12","194","0","0","0","13","0","13","28","1","27","33","3","30","1","0","1","120","8","112","6","0","6","1","0","1","4","0","4","-2"
"130314","University of Saint Joseph","2020","First major","'99'","Grand total","Master's degree","564","75","489","0","0","0","15","1","14","37","3","34","61","3","58","0","0","0","409","57","352","9","0","9","27","8","19","6","3","3","-2"
"130314","University of Saint Joseph","2020","First major","'99'","Grand total","Doctor's degree - professional practice","66","30","36","0","0","0","15","5","10","13","8","5","7","4","3","0","0","0","29","11","18","1","1","0","1","1","0","0","0","0","-2"
"130314","University of Saint Joseph","2020","Second major","'99'","Grand total","Master's degree","1","0","1","0","0","0","0","0","0","0","0","0","0","0","0","0","0","0","1","0","1","0","0","0","0","0","0","0","0","0","-2"
"130396","Gateway Community College","2020","First major","'99'","Grand total","Associate's degree","636","223","413","4","2","2","35","15","20","118","39","79","140","46","94","2","0","2","294","107","187","6","1","5","18","5","13","19","8","11","-2"
"130493","Southern Connecticut State University","2020","First major","'99'","Grand total","Bachelor's degree","1692","572","1120","3","1","2","55","22","33","248","76","172","180","59","121","1","0","1","1039","356","683","60","22","38","98","34","64","8","2","6","-2"
"130493","Southern Connecticut State University","2020","First major","'99'","Grand total","Master's degree","470","113","357","0","0","0","9","1","8","35","10","25","39","9","30","0","0","0","330","78","252","21","3","18","25","9","16","11","3","8","-2"
"130493","Southern Connecticut State University","2020","First major","'99'","Grand total","Doctor's degree - research/scholarship","16","7","9","0","0","0","0","0","0","1","1","0","0","0","0","0","0","0","11","4","7","3","2","1","1","0","1","0","0","0","-2"
"130590","Trinity College","2020","First major","'99'","Grand total","Bachelor's degree","514","233","281","0","0","0","14","5","9","19","8","11","41","16","25","0","0","0","348","155","193","14","9","5","16","7","9","62","33","29","-2"
"130590","Trinity College","2020","First major","'99'","Grand total","Master's degree","15","8","7","0","0","0","0","0","0","1","1","0","1","1","0","0","0","0","9","3","6","1","0","1","0","0","0","3","3","0","-2"
"130590","Trinity College","2020","Second major","'99'","Grand total","Bachelor's degree","124","36","88","0","0","0","4","1","3","3","1","2","10","0","10","0","0","0","79","21","58","2","1","1","3","1","2","23","11","12","-2"
"130606","Tunxis Community College","2020","First major","'99'","Grand total","Associate's degree","381","165","216","1","1","0","9","5","4","26","11","15","70","26","44","0","0","0","256","113","143","3","1","2","10","6","4","6","2","4","-2"
"130624","United States Coast Guard Academy","2020","First major","'99'","Grand total","Bachelor's degree","249","149","100","0","0","0","15","11","4","16","11","5","22","15","7","0","0","0","162","93","69","28","15","13","1","1","0","5","3","2","-2"
"130624","United States Coast Guard Academy","2020","Second major","'99'","Grand total","Bachelor's degree","1","1","0","0","0","0","1","1","0","0","0","0","0","0","0","0","0","0","0","0","0","0","0","0","0","0","0","0","0","0","-2"
"130697","Wesleyan University","2020","First major","'99'","Grand total","Bachelor's degree","774","349","425","1","0","1","56","24","32","44","20","24","94","40","54","1","0","1","416","195","221","32","9","23","32","14","18","98","47","51","-2"
"130697","Wesleyan University","2020","First major","'99'","Grand total","Master's degree","56","27","29","1","0","1","3","1","2","6","3","3","4","1","3","0","0","0","29","14","15","4","2","2","0","0","0","9","6","3","-2"
"130697","Wesleyan University","2020","First major","'99'","Grand total","Doctor's degree - research/scholarship","10","3","7","0","0","0","1","0","1","0","0","0","1","0","1","0","0","0","4","3","1","1","0","1","0","0","0","3","0","3","-2"
"130697","Wesleyan University","2020","Second major","'99'","Grand total","Bachelor's degree","354","131","223","1","0","1","30","12","18","17","7","10","36","14","22","1","0","1","175","60","115","15","3","12","14","4","10","65","31","34","-2"
"130776","Western Connecticut State University","2020","First major","'99'","Grand total","Associate's degree","10","5","5","0","0","0","0","0","0","2","1","1","4","3","1","0","0","0","3","1","2","1","0","1","0","0","0","0","0","0","-2"
"130776","Western Connecticut State University","2020","First major","'99'","Grand total","Bachelor's degree","971","410","561","2","0","2","47","24","23","90","42","48","168","62","106","2","1","1","605","259","346","28","12","16","29","10","19","0","0","0","-2"
"130776","Western Connecticut State University","2020","First major","'99'","Grand total","Master's degree","170","44","126","1","1","0","6","1","5","16","2","14","18","7","11","0","0","0","126","31","95","1","1","0","2","1","1","0","0","0","-2"
"130776","Western Connecticut State University","2020","First major","'99'","Grand total","Doctor's degree - professional practice","16","4","12","1","0","1","0","0","0","0","0","0","2","1","1","0","0","0","13","3","10","0","0","0","0","0","0","0","0","0","-2"
"130794","Yale University","2020","First major","'99'","Grand total","Bachelor's degree","1392","689","703","11","5","6","261","112","149","98","58","40","181","79","102","2","1","1","614","332","282","79","30","49","3","1","2","143","71","72","-2"
"130794","Yale University","2020","First major","'99'","Grand total","Master's degree","2477","1219","1258","2","2","0","250","86","164","108","53","55","152","75","77","3","2","1","1001","488","513","61","28","33","41","22","19","859","463","396","-2"
"130794","Yale University","2020","First major","'99'","Grand total","Doctor's degree - research/scholarship","433","211","222","0","0","0","45","21","24","24","9","15","22","11","11","0","0","0","190","95","95","19","5","14","0","0","0","133","70","63","-2"
"130794","Yale University","2020","First major","'99'","Grand total","Doctor's degree - professional practice","316","149","167","0","0","0","64","28","36","18","7","11","37","12","25","0","0","0","148","77","71","17","8","9","2","0","2","30","17","13","-2"
"130794","Yale University","2020","First major","'99'","Grand total","Doctor's degree - other","7","6","1","0","0","0","0","0","0","0","0","0","1","1","0","0","0","0","3","2","1","1","1","0","0","0","0","2","2","0","-2"
"130794","Yale University","2020","Second major","'99'","Grand total","Bachelor's degree","269","150","119","0","0","0","61","32","29","19","11","8","40","23","17","0","0","0","98","59","39","15","6","9","0","0","0","36","19","17","-2"
"130794","Yale University","2020","Second major","'99'","Grand total","Master's degree","48","24","24","0","0","0","2","1","1","14","6","8","4","2","2","0","0","0","22","13","9","0","0","0","0","0","0","6","2","4","-2"
"130907","Delaware Technical Community College-Terry","2020","First major","'99'","Grand total","Associate's degree","1596","560","1036","2","1","1","64","29","35","280","97","183","180","58","122","3","1","2","957","334","623","53","14","39","35","15","20","22","11","11","-2"
"130907","Delaware Technical Community College-Terry","2020","First major","'99'","Grand total","Bachelor's degree","51","6","45","0","0","0","2","0","2","14","2","12","1","1","0","0","0","0","31","3","28","1","0","1","1","0","1","1","0","1","-2"
"130934","Delaware State University","2020","First major","'99'","Grand total","Bachelor's degree","637","230","407","3","0","3","6","5","1","416","148","268","72","20","52","2","0","2","58","18","40","48","13","35","0","0","0","32","26","6","-2"
"130934","Delaware State University","2020","First major","'99'","Grand total","Master's degree","111","29","82","0","0","0","4","0","4","54","13","41","6","1","5","0","0","0","22","4","18","9","3","6","0","0","0","16","8","8","-2"
"130934","Delaware State University","2020","First major","'99'","Grand total","Doctor's degree - research/scholarship","14","5","9","0","0","0","2","1","1","10","3","7","0","0","0","0","0","0","1","1","0","1","0","1","0","0","0","0","0","0","-2"
"130943","University of Delaware","2020","First major","'99'","Grand total","Associate's degree","261","126","135","0","0","0","14","6","8","41","17","24","36","16","20","0","0","0","148","78","70","11","5","6","7","4","3","4","0","4","-2"
"130943","University of Delaware","2020","First major","'99'","Grand total","Bachelor's degree","4243","1744","2499","5","1","4","218","104","114","206","99","107","319","130","189","2","0","2","3066","1224","1842","123","40","83","67","25","42","237","121","116","-2"
"130943","University of Delaware","2020","First major","'99'","Grand total","Master's degree","995","452","543","1","1","0","51","26","25","48","12","36","44","18","26","2","2","0","552","233","319","19","7","12","6","4","2","272","149","123","-2"
"130943","University of Delaware","2020","First major","'99'","Grand total","Doctor's degree - research/scholarship","230","119","111","0","0","0","6","1","5","8","3","5","6","4","2","0","0","0","115","49","66","4","4","0","4","3","1","87","55","32","-2"
"130943","University of Delaware","2020","First major","'99'","Grand total","Doctor's degree - professional practice","65","22","43","1","0","1","7","1","6","4","0","4","1","0","1","0","0","0","47","19","28","4","1","3","0","0","0","1","1","0","-2"
"130943","University of Delaware","2020","Second major","'99'","Grand total","Bachelor's degree","486","184","302","1","0","1","29","9","20","18","7","11","37","13","24","0","0","0","362","142","220","10","1","9","5","3","2","24","9","15","-2"
"130943","University of Delaware","2020","Second major","'99'","Grand total","Master's degree","20","13","7","0","0","0","2","1","1","0","0","0","2","1","1","1","1","0","5","3","2","0","0","0","0","0","0","10","7","3","-2"
"130989","Goldey-Beacom College","2020","First major","'99'","Grand total","Associate's degree","24","7","17","1","0","1","1","0","1","10","4","6","2","1","1","0","0","0","5","0","5","3","1","2","0","0","0","2","1","1","-2"
"130989","Goldey-Beacom College","2020","First major","'99'","Grand total","Bachelor's degree","163","76","87","1","1","0","6","2","4","35","16","19","14","7","7","0","0","0","80","38","42","10","3","7","0","0","0","17","9","8","-2"
"130989","Goldey-Beacom College","2020","First major","'99'","Grand total","Master's degree","266","116","150","1","0","1","6","4","2","9","4","5","4","2","2","0","0","0","38","19","19","5","1","4","1","1","0","202","85","117","-2"
"130989","Goldey-Beacom College","2020","First major","'99'","Grand total","Doctor's degree - research/scholarship","0","0","0","0","0","0","0","0","0","0","0","0","0","0","0","0","0","0","0","0","0","0","0","0","0","0","0","0","0","0","-2"
"130989","Goldey-Beacom College","2020","Second major","'99'","Grand total","Bachelor's degree","3","1","2","0","0","0","0","0","0","0","0","0","0","0","0","0","0","0","0","0","0","0","0","0","0","0","0","3","1","2","-2"
"130989","Goldey-Beacom College","2020","Second major","'99'","Grand total","Master's degree","8","4","4","0","0","0","0","0","0","0","0","0","0","0","0","0","0","0","1","0","1","0","0","0","0","0","0","7","4","3","-2"
"131098","Wesley College","2020","First major","'99'","Grand total","Associate's degree","1","0","1","0","0","0","0","0","0","0","0","0","1","0","1","0","0","0","0","0","0","0","0","0","0","0","0","0","0","0","-2"
"131098","Wesley College","2020","First major","'99'","Grand total","Bachelor's degree","176","73","103","0","0","0","3","1","2","62","21","41","11","6","5","1","0","1","84","36","48","8","4","4","5","3","2","2","2","0","-2"
"131098","Wesley College","2020","First major","'99'","Grand total","Master's degree","45","10","35","0","0","0","1","0","1","7","3","4","1","0","1","0","0","0","33","6","27","0","0","0","3","1","2","0","0","0","-2"
"131113","Wilmington University","2020","First major","'99'","Grand total","Associate's degree","24","7","17","0","0","0","0","0","0","9","1","8","2","0","2","0","0","0","9","4","5","3","2","1","1","0","1","0","0","0","-2"
"131113","Wilmington University","2020","First major","'99'","Grand total","Bachelor's degree","1747","548","1199","14","6","8","51","19","32","320","77","243","134","41","93","2","1","1","1028","320","708","24","5","19","75","27","48","99","52","47","-2"
"131113","Wilmington University","2020","First major","'99'","Grand total","Master's degree","1647","523","1124","10","3","7","33","12","21","351","86","265","62","17","45","2","0","2","836","254","582","19","5","14","76","19","57","258","127","131","-2"
"131113","Wilmington University","2020","First major","'99'","Grand total","Doctor's degree - research/scholarship","140","41","99","0","0","0","2","0","2","27","5","22","2","1","1","0","0","0","85","25","60","0","0","0","20","9","11","4","1","3","-2"
"131159","American University","2020","First major","'99'","Grand total","Associate's degree","0","0","0","0","0","0","0","0","0","0","0","0","0","0","0","0","0","0","0","0","0","0","0","0","0","0","0","0","0","0","-2"
"131159","American University","2020","First major","'99'","Grand total","Bachelor's degree","1798","647","1151","3","1","2","105","42","63","112","29","83","244","60","184","0","0","0","1002","388","614","91","29","62","62","19","43","179","79","100","-2"
"131159","American University","2020","First major","'99'","Grand total","Master's degree","1940","684","1256","2","0","2","91","32","59","269","86","183","173","58","115","1","0","1","804","317","487","44","12","32","228","68","160","328","111","217","-2"
"131159","American University","2020","First major","'99'","Grand total","Doctor's degree - research/scholarship","61","21","40","0","0","0","2","0","2","2","1","1","1","1","0","0","0","0","27","8","19","0","0","0","3","2","1","26","9","17","-2"
"131159","American University","2020","First major","'99'","Grand total","Doctor's degree - professional practice","382","132","250","1","1","0","21","4","17","34","9","25","76","27","49","1","0","1","205","73","132","22","8","14","14","6","8","8","4","4","-2"
"131159","American University","2020","Second major","'99'","Grand total","Bachelor's degree","181","54","127","0","0","0","9","3","6","6","0","6","17","3","14","0","0","0","121","39","82","12","4","8","7","2","5","9","3","6","-2"
"131283","The Catholic University of America","2020","First major","'99'","Grand total","Associate's degree","3","1","2","0","0","0","0","0","0","0","0","0","0","0","0","0","0","0","1","1","0","0","0","0","2","0","2","0","0","0","-2"
"131283","The Catholic University of America","2020","First major","'99'","Grand total","Bachelor's degree","738","332","406","1","1","0","25","4","21","28","19","9","92","37","55","0","0","0","497","213","284","29","15","14","19","9","10","47","34","13","-2"
"131283","The Catholic University of America","2020","First major","'99'","Grand total","Master's degree","529","213","316","1","0","1","14","8","6","93","24","69","46","20","26","1","1","0","227","88","139","42","17","25","14","5","9","91","50","41","-2"
"131283","The Catholic University of America","2020","First major","'99'","Grand total","Doctor's degree - research/scholarship","127","49","78","0","0","0","5","2","3","6","2","4","2","1","1","0","0","0","73","26","47","6","3","3","10","4","6","25","11","14","-2"
"131283","The Catholic University of America","2020","First major","'99'","Grand total","Doctor's degree - professional practice","97","44","53","1","1","0","2","1","1","3","1","2","10","6","4","1","1","0","45","18","27","2","1","1","32","15","17","1","0","1","-2"
"131283","The Catholic University of America","2020","Second major","'99'","Grand total","Bachelor's degree","37","20","17","0","0","0","1","1","0","2","1","1","3","2","1","0","0","0","23","11","12","0","0","0","3","3","0","5","2","3","-2"
"131283","The Catholic University of America","2020","Second major","'99'","Grand total","Master's degree","14","9","5","0","0","0","1","1","0","1","0","1","4","4","0","0","0","0","7","3","4","0","0","0","0","0","0","1","1","0","-2"
"131283","The Catholic University of America","2020","Second major","'99'","Grand total","Doctor's degree - research/scholarship","1","0","1","0","0","0","0","0","0","0","0","0","0","0","0","0","0","0","0","0","0","0","0","0","0","0","0","1","0","1","-2"
"131399","University of the District of Columbia","2020","First major","'99'","Grand total","Associate's degree","220","67","153","0","0","0","9","4","5","146","41","105","32","12","20","1","0","1","6","1","5","5","1","4","14","6","8","7","2","5","-2"
"131399","University of the District of Columbia","2020","First major","'99'","Grand total","Bachelor's degree","374","168","206","1","0","1","12","3","9","166","53","113","42","21","21","0","0","0","28","15","13","7","2","5","18","7","11","100","67","33","-2"
"131399","University of the District of Columbia","2020","First major","'99'","Grand total","Master's degree","159","51","108","1","0","1","4","2","2","85","26","59","14","3","11","0","0","0","22","8","14","8","2","6","8","3","5","17","7","10","-2"
"131399","University of the District of Columbia","2020","First major","'99'","Grand total","Doctor's degree - research/scholarship","0","0","0","0","0","0","0","0","0","0","0","0","0","0","0","0","0","0","0","0","0","0","0","0","0","0","0","0","0","0","-2"
"131399","University of the District of Columbia","2020","Second major","'99'","Grand total","Associate's degree","3","1","2","0","0","0","0","0","0","2","1","1","1","0","1","0","0","0","0","0","0","0","0","0","0","0","0","0","0","0","-2"
"131399","University of the District of Columbia","2020","Second major","'99'","Grand total","Bachelor's degree","4","1","3","0","0","0","0","0","0","2","0","2","0","0","0","0","0","0","0","0","0","0","0","0","1","0","1","1","1","0","-2"
"131399","University of the District of Columbia","2020","Second major","'99'","Grand total","Master's degree","1","0","1","1","0","1","0","0","0","0","0","0","0","0","0","0","0","0","0","0","0","0","0","0","0","0","0","0","0","0","-2"
"131405","Pontifical Faculty of the Immaculate Conception at the Dominican House of Studies","2020","First major","'99'","Grand total","Master's degree","39","31","8","0","0","0","0","0","0","0","0","0","1","1","0","0","0","0","35","27","8","0","0","0","1","1","0","2","2","0","-2"
"131450","Gallaudet University","2020","First major","'99'","Grand total","Bachelor's degree","231","96","135","2","1","1","10","4","6","26","19","7","26","11","15","0","0","0","131","48","83","9","4","5","18","6","12","9","3","6","-2"
"131450","Gallaudet University","2020","First major","'99'","Grand total","Master's degree","141","33","108","0","0","0","4","0","4","12","4","8","11","5","6","0","0","0","87","17","70","9","1","8","10","1","9","8","5","3","-2"
"131450","Gallaudet University","2020","First major","'99'","Grand total","Doctor's degree - research/scholarship","28","9","19","0","0","0","0","0","0","1","0","1","2","1","1","0","0","0","20","8","12","2","0","2","3","0","3","0","0","0","-2"
"131450","Gallaudet University","2020","First major","'99'","Grand total","Doctor's degree - other","0","0","0","0","0","0","0","0","0","0","0","0","0","0","0","0","0","0","0","0","0","0","0","0","0","0","0","0","0","0","-2"
"131469","George Washington University","2020","First major","'99'","Grand total","Associate's degree","214","98","116","0","0","0","23","17","6","39","16","23","47","20","27","3","2","1","61","28","33","8","3","5","32","12","20","1","0","1","-2"
"131469","George Washington University","2020","First major","'99'","Grand total","Bachelor's degree","3005","1193","1812","2","0","2","346","136","210","243","80","163","317","126","191","3","2","1","1493","608","885","101","37","64","145","43","102","355","161","194","-2"
"131469","George Washington University","2020","First major","'99'","Grand total","Master's degree","4780","1940","2840","14","6","8","383","125","258","505","148","357","362","121","241","11","1","10","2060","810","1250","115","40","75","300","131","169","1030","558","472","-2"
"131469","George Washington University","2020","First major","'99'","Grand total","Doctor's degree - research/scholarship","204","104","100","0","0","0","10","5","5","19","8","11","4","2","2","0","0","0","92","45","47","3","1","2","8","3","5","68","40","28","-2"
"131469","George Washington University","2020","First major","'99'","Grand total","Doctor's degree - professional practice","707","300","407","7","3","4","114","44","70","72","23","49","24","11","13","3","1","2","394","175","219","7","1","6","54","27","27","32","15","17","-2"
"131469","George Washington University","2020","Second major","'99'","Grand total","Bachelor's degree","448","191","257","0","0","0","36","17","19","19","6","13","44","20","24","0","0","0","223","97","126","9","2","7","24","7","17","93","42","51","-2"
"131496","Georgetown University","2020","First major","'99'","Grand total","Bachelor's degree","1796","772","1024","0","0","0","171","55","116","95","39","56","174","74","100","1","0","1","1001","452","549","78","34","44","41","17","24","235","101","134","-2"
"131496","Georgetown University","2020","First major","'99'","Grand total","Master's degree","4072","1879","2193","6","2","4","291","132","159","313","129","184","289","122","167","4","2","2","1809","879","930","117","56","61","144","80","64","1099","477","622","-2"
"131496","Georgetown University","2020","First major","'99'","Grand total","Doctor's degree - research/scholarship","158","68","90","0","0","0","20","9","11","5","0","5","7","1","6","0","0","0","86","34","52","1","1","0","6","3","3","33","20","13","-2"
"131496","Georgetown University","2020","First major","'99'","Grand total","Doctor's degree - professional practice","880","394","486","2","0","2","70","30","40","61","21","40","57","23","34","1","1","0","485","224","261","13","6","7","122","68","54","69","21","48","-2"
"131496","Georgetown University","2020","Second major","'99'","Grand total","Bachelor's degree","413","221","192","0","0","0","36","15","21","20","9","11","31","14","17","0","0","0","250","142","108","18","8","10","3","2","1","55","31","24","-2"
"131496","Georgetown University","2020","Second major","'99'","Grand total","Master's degree","131","52","79","1","1","0","2","0","2","3","2","1","7","4","3","0","0","0","11","10","1","4","2","2","7","4","3","96","29","67","-2"
"131496","Georgetown University","2020","Second major","'99'","Grand total","Doctor's degree - professional practice","1","0","1","0","0","0","0","0","0","0","0","0","0","0","0","0","0","0","1","0","1","0","0","0","0","0","0","0","0","0","-2"
"131520","Howard University","2020","First major","'99'","Grand total","Bachelor's degree","950","300","650","1","1","0","15","6","9","770","231","539","38","9","29","0","0","0","8","3","5","37","8","29","0","0","0","81","42","39","-2"
"131520","Howard University","2020","First major","'99'","Grand total","Master's degree","241","70","171","0","0","0","5","1","4","177","56","121","18","3","15","1","0","1","11","2","9","6","1","5","0","0","0","23","7","16","-2"
"131520","Howard University","2020","First major","'99'","Grand total","Doctor's degree - research/scholarship","110","51","59","1","0","1","2","0","2","56","24","32","1","0","1","0","0","0","14","7","7","4","3","1","0","0","0","32","17","15","-2"
"131520","Howard University","2020","First major","'99'","Grand total","Doctor's degree - professional practice","366","147","219","0","0","0","41","23","18","252","93","159","21","10","11","0","0","0","18","7","11","15","6","9","0","0","0","19","8","11","-2"
"131803","Strayer University-District of Columbia","2020","First major","'99'","Grand total","Associate's degree","51","15","36","0","0","0","2","2","0","39","11","28","4","1","3","0","0","0","2","0","2","3","1","2","0","0","0","1","0","1","-2"
"131803","Strayer University-District of Columbia","2020","First major","'99'","Grand total","Bachelor's degree","92","33","59","0","0","0","3","1","2","75","28","47","7","3","4","0","0","0","2","1","1","1","0","1","2","0","2","2","0","2","-2"
"131803","Strayer University-District of Columbia","2020","First major","'99'","Grand total","Master's degree","61","19","42","0","0","0","1","0","1","54","17","37","1","0","1","0","0","0","2","1","1","1","0","1","1","1","0","1","0","1","-2"
"131876","Trinity Washington University","2020","First major","'99'","Grand total","Associate's degree","18","2","16","0","0","0","0","0","0","11","1","10","4","0","4","0","0","0","1","0","1","0","0","0","2","1","1","0","0","0","-2"
"131876","Trinity Washington University","2020","First major","'99'","Grand total","Bachelor's degree","204","2","202","1","0","1","3","0","3","122","2","120","56","0","56","0","0","0","5","0","5","5","0","5","12","0","12","0","0","0","-2"
"131876","Trinity Washington University","2020","First major","'99'","Grand total","Master's degree","109","15","94","1","0","1","1","0","1","67","8","59","8","2","6","0","0","0","19","1","18","3","2","1","7","0","7","3","2","1","-2"
"131973","Wesley Theological Seminary","2020","First major","'99'","Grand total","Master's degree","69","33","36","0","0","0","3","3","0","22","9","13","1","1","0","0","0","0","35","16","19","0","0","0","0","0","0","8","4","4","-2"
"131973","Wesley Theological Seminary","2020","First major","'99'","Grand total","Doctor's degree - professional practice","62","45","17","1","0","1","9","7","2","19","11","8","2","2","0","0","0","0","24","20","4","2","1","1","3","2","1","2","2","0","-2"
"132408","The Baptist College of Florida","2020","First major","'99'","Grand total","Associate's degree","10","4","6","0","0","0","0","0","0","2","2","0","0","0","0","0","0","0","5","2","3","0","0","0","3","0","3","0","0","0","-2"
"132408","The Baptist College of Florida","2020","First major","'99'","Grand total","Bachelor's degree","64","37","27","0","0","0","0","0","0","5","3","2","3","3","0","1","0","1","52","28","24","1","1","0","1","1","0","1","1","0","-2"
"132408","The Baptist College of Florida","2020","First major","'99'","Grand total","Master's degree","3","2","1","0","0","0","0","0","0","1","1","0","0","0","0","0","0","0","2","1","1","0","0","0","0","0","0","0","0","0","-2"
"132471","Barry University","2020","First major","'99'","Grand total","Bachelor's degree","731","304","427","1","0","1","5","0","5","219","65","154","248","88","160","2","1","1","150","85","65","10","5","5","17","8","9","79","52","27","-2"
"132471","Barry University","2020","First major","'99'","Grand total","Master's degree","1074","299","775","5","2","3","56","19","37","309","70","239","311","81","230","1","0","1","256","86","170","15","4","11","49","12","37","72","25","47","-2"
"132471","Barry University","2020","First major","'99'","Grand total","Doctor's degree - research/scholarship","28","6","22","0","0","0","1","0","1","7","1","6","4","2","2","0","0","0","5","1","4","1","0","1","7","0","7","3","2","1","-2"
"132471","Barry University","2020","First major","'99'","Grand total","Doctor's degree - professional practice","248","97","151","0","0","0","22","6","16","47","10","37","58","17","41","1","0","1","101","54","47","5","1","4","7","4","3","7","5","2","-2"
"132471","Barry University","2020","Second major","'99'","Grand total","Bachelor's degree","3","1","2","0","0","0","0","0","0","0","0","0","3","1","2","0","0","0","0","0","0","0","0","0","0","0","0","0","0","0","-2"
"132602","Bethune-Cookman University","2020","First major","'99'","Grand total","Bachelor's degree","511","179","332","0","0","0","2","2","0","400","127","273","7","4","3","0","0","0","19","12","7","4","1","3","78","33","45","1","0","1","-2"
"132602","Bethune-Cookman University","2020","First major","'99'","Grand total","Master's degree","39","10","29","0","0","0","0","0","0","33","8","25","1","1","0","0","0","0","3","0","3","0","0","0","1","1","0","1","0","1","-2"
"132657","Lynn University","2020","First major","'99'","Grand total","Associate's degree","6","0","6","0","0","0","0","0","0","0","0","0","2","0","2","0","0","0","2","0","2","0","0","0","2","0","2","0","0","0","-2"
"132657","Lynn University","2020","First major","'99'","Grand total","Bachelor's degree","453","210","243","1","1","0","7","2","5","50","21","29","79","34","45","0","0","0","186","83","103","5","1","4","40","21","19","85","47","38","-2"
"132657","Lynn University","2020","First major","'99'","Grand total","Master's degree","369","149","220","1","1","0","8","3","5","51","14","37","41","17","24","1","1","0","112","44","68","1","1","0","85","34","51","69","34","35","-2"
"132657","Lynn University","2020","First major","'99'","Grand total","Doctor's degree - research/scholarship","15","5","10","0","0","0","0","0","0","4","2","2","2","0","2","0","0","0","6","1","5","0","0","0","3","2","1","0","0","0","-2"
"132693","Eastern Florida State College","2020","First major","'99'","Grand total","Associate's degree","2830","1072","1758","6","0","6","100","40","60","248","82","166","432","149","283","8","4","4","1788","704","1084","154","52","102","55","25","30","39","16","23","-2"
"132693","Eastern Florida State College","2020","First major","'99'","Grand total","Bachelor's degree","478","185","293","2","0","2","11","3","8","40","11","29","56","23","33","0","0","0","333","133","200","25","9","16","3","2","1","8","4","4","-2"
"132709","Broward College","2020","First major","'99'","Grand total","Associate's degree","6447","2351","4096","10","3","7","206","93","113","1839","551","1288","2307","864","1443","20","7","13","1019","418","601","246","88","158","222","76","146","578","251","327","-2"
"132709","Broward College","2020","First major","'99'","Grand total","Bachelor's degree","659","244","415","0","0","0","9","3","6","226","70","156","203","81","122","2","1","1","147","63","84","23","10","13","25","8","17","24","8","16","-2"
"132842","Albizu University-Miami","2020","First major","'99'","Grand total","Associate's degree","0","0","0","0","0","0","0","0","0","0","0","0","0","0","0","0","0","0","0","0","0","0","0","0","0","0","0","0","0","0","-2"
"132842","Albizu University-Miami","2020","First major","'99'","Grand total","Bachelor's degree","41","5","36","0","0","0","0","0","0","0","0","0","36","5","31","0","0","0","2","0","2","0","0","0","1","0","1","2","0","2","-2"
"132842","Albizu University-Miami","2020","First major","'99'","Grand total","Master's degree","143","17","126","0","0","0","1","1","0","10","3","7","114","12","102","0","0","0","11","1","10","0","0","0","3","0","3","4","0","4","-2"
"132842","Albizu University-Miami","2020","First major","'99'","Grand total","Doctor's degree - research/scholarship","34","2","32","0","0","0","0","0","0","4","0","4","25","2","23","0","0","0","4","0","4","0","0","0","0","0","0","1","0","1","-2"
"132851","College of Central Florida","2020","First major","'99'","Grand total","Associate's degree","1200","402","798","4","1","3","36","10","26","117","33","84","172","59","113","4","2","2","750","262","488","62","19","43","28","11","17","27","5","22","-2"
"132851","College of Central Florida","2020","First major","'99'","Grand total","Bachelor's degree","226","70","156","0","0","0","4","3","1","29","4","25","29","12","17","1","0","1","160","49","111","1","1","0","1","0","1","1","1","0","-2"
"132879","Johnson University Florida","2020","First major","'99'","Grand total","Associate's degree","2","1","1","0","0","0","0","0","0","0","0","0","0","0","0","0","0","0","1","0","1","0","0","0","0","0","0","1","1","0","-2"
"132879","Johnson University Florida","2020","First major","'99'","Grand total","Bachelor's degree","22","7","15","0","0","0","0","0","0","0","0","0","6","2","4","0","0","0","16","5","11","0","0","0","0","0","0","0","0","0","-2"
"132879","Johnson University Florida","2020","First major","'99'","Grand total","Master's degree","0","0","0","0","0","0","0","0","0","0","0","0","0","0","0","0","0","0","0","0","0","0","0","0","0","0","0","0","0","0","-2"
"132879","Johnson University Florida","2020","Second major","'99'","Grand total","Bachelor's degree","22","7","15","0","0","0","0","0","0","0","0","0","6","2","4","0","0","0","16","5","11","0","0","0","0","0","0","0","0","0","-2"
"132903","University of Central Florida","2020","First major","'99'","Grand total","Associate's degree","371","148","223","0","0","0","23","10","13","50","11","39","110","46","64","2","2","0","164","70","94","17","7","10","0","0","0","5","2","3","-2"
"132903","University of Central Florida","2020","First major","'99'","Grand total","Bachelor's degree","14303","5787","8516","24","10","14","875","421","454","1556","517","1039","3873","1502","2371","29","11","18","7002","2912","4090","555","228","327","110","48","62","279","138","141","-2"
"132903","University of Central Florida","2020","First major","'99'","Grand total","Master's degree","2574","1037","1537","3","1","2","157","70","87","311","97","214","498","169","329","4","2","2","1305","531","774","61","26","35","31","15","16","204","126","78","-2"
"132903","University of Central Florida","2020","First major","'99'","Grand total","Doctor's degree - research/scholarship","300","190","110","0","0","0","12","7","5","9","5","4","18","9","9","0","0","0","119","57","62","3","2","1","4","2","2","135","108","27","-2"
"132903","University of Central Florida","2020","First major","'99'","Grand total","Doctor's degree - professional practice","166","80","86","0","0","0","37","16","21","4","0","4","22","10","12","0","0","0","94","50","44","4","2","2","4","1","3","1","1","0","-2"
"132903","University of Central Florida","2020","Second major","'99'","Grand total","Bachelor's degree","97","49","48","0","0","0","7","4","3","5","1","4","34","11","23","0","0","0","45","28","17","4","3","1","0","0","0","2","2","0","-2"
"132903","University of Central Florida","2020","Second major","'99'","Grand total","Master's degree","2","2","0","0","0","0","0","0","0","0","0","0","0","0","0","0","0","0","0","0","0","0","0","0","0","0","0","2","2","0","-2"
"133021","Chipola College","2020","First major","'99'","Grand total","Associate's degree","329","97","232","2","0","2","5","4","1","56","14","42","10","4","6","1","0","1","238","72","166","8","1","7","3","0","3","6","2","4","-2"
"133021","Chipola College","2020","First major","'99'","Grand total","Bachelor's degree","75","23","52","1","0","1","0","0","0","5","1","4","2","1","1","0","0","0","63","20","43","3","1","2","1","0","1","0","0","0","-2"
"133386","Daytona State College","2020","First major","'99'","Grand total","Associate's degree","2410","801","1609","9","3","6","50","18","32","234","77","157","402","144","258","5","3","2","1557","507","1050","97","28","69","47","18","29","9","3","6","-2"
"133386","Daytona State College","2020","First major","'99'","Grand total","Bachelor's degree","541","170","371","2","0","2","12","4","8","63","9","54","73","30","43","0","0","0","359","112","247","22","10","12","7","4","3","3","1","2","-2"
"133465","South University-West Palm Beach","2020","First major","'99'","Grand total","Associate's degree","16","7","9","1","0","1","0","0","0","5","2","3","3","2","1","0","0","0","7","3","4","0","0","0","0","0","0","0","0","0","-2"
"133465","South University-West Palm Beach","2020","First major","'99'","Grand total","Bachelor's degree","146","20","126","0","0","0","5","1","4","88","12","76","30","3","27","0","0","0","20","4","16","0","0","0","2","0","2","1","0","1","-2"
"133465","South University-West Palm Beach","2020","First major","'99'","Grand total","Master's degree","62","12","50","2","1","1","3","1","2","25","4","21","15","4","11","0","0","0","15","2","13","0","0","0","1","0","1","1","0","1","-2"
"133465","South University-West Palm Beach","2020","First major","'99'","Grand total","Doctor's degree - professional practice","0","0","0","0","0","0","0","0","0","0","0","0","0","0","0","0","0","0","0","0","0","0","0","0","0","0","0","0","0","0","-2"
"133492","Eckerd College","2020","First major","'99'","Grand total","Bachelor's degree","460","154","306","3","1","2","9","3","6","16","7","9","35","12","23","2","0","2","358","120","238","19","4","15","2","0","2","16","7","9","-2"
"133492","Eckerd College","2020","Second major","'99'","Grand total","Bachelor's degree","95","25","70","1","1","0","3","0","3","3","1","2","9","3","6","0","0","0","71","19","52","6","0","6","0","0","0","2","1","1","-2"
"133508","Florida SouthWestern State College","2020","First major","'99'","Grand total","Associate's degree","2662","897","1765","12","1","11","64","24","40","262","78","184","895","298","597","5","1","4","1188","414","774","61","19","42","101","35","66","74","27","47","-2"
"133508","Florida SouthWestern State College","2020","First major","'99'","Grand total","Bachelor's degree","328","85","243","4","1","3","2","1","1","35","6","29","84","23","61","1","0","1","187","50","137","5","0","5","5","2","3","5","2","3","-2"
"133526","Edward Waters College","2020","First major","'99'","Grand total","Bachelor's degree","122","56","66","0","0","0","0","0","0","108","51","57","5","2","3","0","0","0","6","3","3","2","0","2","1","0","1","0","0","0","-2"
"133553","Embry-Riddle Aeronautical University-Daytona Beach","2020","First major","'99'","Grand total","Associate's degree","23","21","2","0","0","0","0","0","0","1","1","0","10","9","1","0","0","0","10","10","0","1","1","0","0","0","0","1","0","1","-2"
"133553","Embry-Riddle Aeronautical University-Daytona Beach","2020","First major","'99'","Grand total","Bachelor's degree","1140","878","262","3","3","0","43","29","14","56","41","15","162","120","42","3","3","0","665","535","130","36","15","21","28","18","10","144","114","30","-2"
"133553","Embry-Riddle Aeronautical University-Daytona Beach","2020","First major","'99'","Grand total","Master's degree","232","163","69","0","0","0","8","5","3","11","6","5","16","13","3","1","1","0","75","54","21","2","2","0","6","5","1","113","77","36","-2"
"133553","Embry-Riddle Aeronautical University-Daytona Beach","2020","First major","'99'","Grand total","Doctor's degree - research/scholarship","16","12","4","0","0","0","0","0","0","0","0","0","1","1","0","0","0","0","2","0","2","0","0","0","0","0","0","13","11","2","-2"
"133553","Embry-Riddle Aeronautical University-Daytona Beach","2020","Second major","'99'","Grand total","Bachelor's degree","14","8","6","0","0","0","0","0","0","1","0","1","2","1","1","0","0","0","9","7","2","0","0","0","1","0","1","1","0","1","-2"
"133650","Florida Agricultural and Mechanical University","2020","First major","'99'","Grand total","Associate's degree","30","4","26","0","0","0","0","0","0","28","3","25","0","0","0","0","0","0","1","0","1","1","1","0","0","0","0","0","0","0","-2"
"133650","Florida Agricultural and Mechanical University","2020","First major","'99'","Grand total","Bachelor's degree","1520","497","1023","0","0","0","7","2","5","1355","431","924","25","9","16","0","0","0","53","29","24","67","22","45","0","0","0","13","4","9","-2"
"133650","Florida Agricultural and Mechanical University","2020","First major","'99'","Grand total","Master's degree","285","101","184","0","0","0","0","0","0","242","80","162","3","2","1","0","0","0","16","8","8","8","4","4","0","0","0","16","7","9","-2"
"133650","Florida Agricultural and Mechanical University","2020","First major","'99'","Grand total","Doctor's degree - research/scholarship","26","12","14","0","0","0","0","0","0","24","10","14","0","0","0","1","1","0","1","1","0","0","0","0","0","0","0","0","0","0","-2"
"133650","Florida Agricultural and Mechanical University","2020","First major","'99'","Grand total","Doctor's degree - professional practice","305","113","192","0","0","0","12","8","4","165","45","120","29","12","17","0","0","0","92","48","44","6","0","6","0","0","0","1","0","1","-2"
"133669","Florida Atlantic University","2020","First major","'99'","Grand total","Associate's degree","203","84","119","1","0","1","7","2","5","35","11","24","61","25","36","2","0","2","80","37","43","7","4","3","5","2","3","5","3","2","-2"
"133669","Florida Atlantic University","2020","First major","'99'","Grand total","Bachelor's degree","5971","2374","3597","4","3","1","287","125","162","1172","375","797","1696","639","1057","2","1","1","2344","1023","1321","235","95","140","43","16","27","188","97","91","-2"
"133669","Florida Atlantic University","2020","First major","'99'","Grand total","Master's degree","1629","613","1016","3","2","1","73","24","49","262","83","179","344","124","220","2","1","1","776","306","470","57","16","41","0","0","0","112","57","55","-2"
"133669","Florida Atlantic University","2020","First major","'99'","Grand total","Doctor's degree - research/scholarship","101","51","50","0","0","0","7","3","4","5","1","4","14","6","8","0","0","0","41","18","23","4","1","3","0","0","0","30","22","8","-2"
"133669","Florida Atlantic University","2020","First major","'99'","Grand total","Doctor's degree - professional practice","106","41","65","0","0","0","10","3","7","20","5","15","15","4","11","0","0","0","57","27","30","1","0","1","3","2","1","0","0","0","-2"
"133669","Florida Atlantic University","2020","Second major","'99'","Grand total","Bachelor's degree","78","33","45","0","0","0","4","2","2","10","4","6","27","11","16","0","0","0","30","15","15","3","1","2","0","0","0","4","0","4","-2"
"133702","Florida State College at Jacksonville","2020","First major","'99'","Grand total","Associate's degree","2190","788","1402","3","2","1","121","58","63","476","142","334","258","95","163","8","4","4","1122","404","718","71","26","45","114","50","64","17","7","10","-2"
"133702","Florida State College at Jacksonville","2020","First major","'99'","Grand total","Bachelor's degree","582","180","402","2","0","2","28","13","15","168","40","128","37","9","28","5","1","4","296","104","192","18","3","15","27","10","17","1","0","1","-2"
"133711","Flagler College","2020","First major","'99'","Grand total","Bachelor's degree","727","254","473","2","0","2","10","2","8","46","13","33","49","14","35","0","0","0","549","187","362","13","4","9","28","14","14","30","20","10","-2"
"133711","Flagler College","2020","First major","'99'","Grand total","Master's degree","1","1","0","0","0","0","0","0","0","0","0","0","0","0","0","0","0","0","1","1","0","0","0","0","0","0","0","0","0","0","-2"
"133711","Flagler College","2020","Second major","'99'","Grand total","Bachelor's degree","58","23","35","0","0","0","0","0","0","0","0","0","4","0","4","0","0","0","38","14","24","1","0","1","6","1","5","9","8","1","-2"
"133809","Florida College","2020","First major","'99'","Grand total","Associate's degree","94","42","52","0","0","0","1","0","1","2","2","0","7","5","2","0","0","0","79","33","46","3","1","2","0","0","0","2","1","1","-2"
"133809","Florida College","2020","First major","'99'","Grand total","Bachelor's degree","86","42","44","1","1","0","0","0","0","2","1","1","4","1","3","0","0","0","72","38","34","3","1","2","0","0","0","4","0","4","-2"
"133845","Concorde Career Institute-Jacksonville","2020","First major","'99'","Grand total","Associate's degree","146","9","137","1","0","1","1","0","1","14","1","13","10","0","10","0","0","0","8","0","8","2","0","2","110","8","102","0","0","0","-2"
"133854","Concorde Career Institute-Miramar","2020","First major","'99'","Grand total","Associate's degree","147","37","110","1","0","1","9","3","6","72","16","56","32","11","21","0","0","0","9","2","7","0","0","0","24","5","19","0","0","0","-2"
"133863","Concorde Career Institute-Tampa","2020","First major","'99'","Grand total","Associate's degree","43","9","34","0","0","0","1","1","0","8","2","6","8","0","8","0","0","0","13","4","9","0","0","0","13","2","11","0","0","0","-2"
"133872","AdventHealth University","2020","First major","'99'","Grand total","Associate's degree","67","17","50","0","0","0","2","0","2","3","1","2","21","7","14","1","1","0","36","7","29","3","0","3","1","1","0","0","0","0","-2"
"133872","AdventHealth University","2020","First major","'99'","Grand total","Bachelor's degree","275","60","215","0","0","0","19","7","12","45","12","33","76","14","62","2","0","2","112","25","87","11","1","10","6","0","6","4","1","3","-2"
"133872","AdventHealth University","2020","First major","'99'","Grand total","Master's degree","110","24","86","0","0","0","10","3","7","7","0","7","24","7","17","0","0","0","61","14","47","4","0","4","3","0","3","1","0","1","-2"
"133872","AdventHealth University","2020","First major","'99'","Grand total","Doctor's degree - professional practice","19","13","6","0","0","0","2","1","1","2","2","0","3","3","0","0","0","0","12","7","5","0","0","0","0","0","0","0","0","0","-2"
"133881","Florida Institute of Technology","2020","First major","'99'","Grand total","Associate's degree","15","12","3","0","0","0","1","0","1","1","1","0","0","0","0","0","0","0","9","8","1","0","0","0","0","0","0","4","3","1","-2"
"133881","Florida Institute of Technology","2020","First major","'99'","Grand total","Bachelor's degree","750","525","225","0","0","0","15","10","5","30","23","7","67","40","27","1","1","0","344","236","108","25","18","7","10","9","1","258","188","70","-2"
"133881","Florida Institute of Technology","2020","First major","'99'","Grand total","Master's degree","954","491","463","4","1","3","30","16","14","79","39","40","103","48","55","4","2","2","445","226","219","32","15","17","27","15","12","230","129","101","-2"
"133881","Florida Institute of Technology","2020","First major","'99'","Grand total","Doctor's degree - research/scholarship","88","52","36","0","0","0","4","1","3","4","2","2","4","1","3","0","0","0","26","16","10","1","0","1","1","1","0","48","31","17","-2"
"133881","Florida Institute of Technology","2020","First major","'99'","Grand total","Doctor's degree - professional practice","16","1","15","0","0","0","0","0","0","1","0","1","2","0","2","0","0","0","11","0","11","2","1","1","0","0","0","0","0","0","-2"
"133881","Florida Institute of Technology","2020","Second major","'99'","Grand total","Bachelor's degree","11","6","5","0","0","0","0","0","0","1","1","0","1","0","1","0","0","0","7","5","2","0","0","0","0","0","0","2","0","2","-2"
"133951","Florida International University","2020","First major","'99'","Grand total","Associate's degree","86","25","61","0","0","0","2","0","2","8","1","7","64","22","42","0","0","0","8","1","7","2","1","1","0","0","0","2","0","2","-2"
"133951","Florida International University","2020","First major","'99'","Grand total","Bachelor's degree","11830","4690","7140","6","3","3","275","128","147","1370","462","908","7839","3142","4697","13","4","9","1046","432","614","279","107","172","46","19","27","956","393","563","-2"
"133951","Florida International University","2020","First major","'99'","Grand total","Master's degree","3448","1260","2188","4","1","3","122","49","73","473","144","329","1844","670","1174","4","1","3","440","164","276","71","26","45","23","7","16","467","198","269","-2"
"133951","Florida International University","2020","First major","'99'","Grand total","Doctor's degree - research/scholarship","194","107","87","0","0","0","4","2","2","13","4","9","50","24","26","0","0","0","44","23","21","3","1","2","3","1","2","77","52","25","-2"
"133951","Florida International University","2020","First major","'99'","Grand total","Doctor's degree - professional practice","365","158","207","2","1","1","33","16","17","29","7","22","158","63","95","1","1","0","119","59","60","13","4","9","8","6","2","2","1","1","-2"
"133951","Florida International University","2020","Second major","'99'","Grand total","Bachelor's degree","1307","491","816","0","0","0","43","22","21","90","28","62","942","348","594","1","0","1","88","32","56","42","15","27","5","0","5","96","46","50","-2"
"133960","The College of the Florida Keys","2020","First major","'99'","Grand total","Associate's degree","151","61","90","2","1","1","4","1","3","9","5","4","43","20","23","0","0","0","80","29","51","5","2","3","3","1","2","5","2","3","-2"
"133960","The College of the Florida Keys","2020","First major","'99'","Grand total","Bachelor's degree","8","5","3","0","0","0","0","0","0","2","1","1","2","1","1","0","0","0","3","2","1","0","0","0","1","1","0","0","0","0","-2"
"133979","Florida Memorial University","2020","First major","'99'","Grand total","Bachelor's degree","158","48","110","0","0","0","0","0","0","105","32","73","8","5","3","0","0","0","3","1","2","4","0","4","17","5","12","21","5","16","-2"
"133979","Florida Memorial University","2020","First major","'99'","Grand total","Master's degree","26","5","21","0","0","0","0","0","0","18","4","14","3","0","3","0","0","0","0","0","0","0","0","0","0","0","0","5","1","4","-2"
"133997","Florida Career College-Miami","2020","First major","'99'","Grand total","Associate's degree","11","8","3","0","0","0","0","0","0","1","1","0","8","5","3","0","0","0","2","2","0","0","0","0","0","0","0","0","0","0","-2"
"134079","Florida Southern College","2020","First major","'99'","Grand total","Bachelor's degree","584","208","376","7","2","5","15","0","15","31","8","23","69","30","39","1","0","1","422","146","276","6","2","4","4","2","2","29","18","11","-2"
"134079","Florida Southern College","2020","First major","'99'","Grand total","Master's degree","130","28","102","0","0","0","12","4","8","11","0","11","18","3","15","0","0","0","83","20","63","3","0","3","1","0","1","2","1","1","-2"
"134079","Florida Southern College","2020","First major","'99'","Grand total","Doctor's degree - research/scholarship","6","0","6","0","0","0","0","0","0","0","0","0","0","0","0","0","0","0","6","0","6","0","0","0","0","0","0","0","0","0","-2"
"134079","Florida Southern College","2020","First major","'99'","Grand total","Doctor's degree - professional practice","0","0","0","0","0","0","0","0","0","0","0","0","0","0","0","0","0","0","0","0","0","0","0","0","0","0","0","0","0","0","-2"
"134079","Florida Southern College","2020","Second major","'99'","Grand total","Bachelor's degree","90","35","55","0","0","0","3","0","3","2","1","1","9","3","6","0","0","0","71","29","42","2","0","2","0","0","0","3","2","1","-2"
"134097","Florida State University","2020","First major","'99'","Grand total","Associate's degree","159","53","106","1","0","1","10","3","7","22","7","15","34","15","19","0","0","0","74","23","51","13","3","10","2","0","2","3","2","1","-2"
"134097","Florida State University","2020","First major","'99'","Grand total","Bachelor's degree","8866","3847","5019","14","6","8","210","89","121","734","242","492","1845","794","1051","5","3","2","5449","2434","3015","307","121","186","103","57","46","199","101","98","-2"
"134097","Florida State University","2020","First major","'99'","Grand total","Master's degree","2325","938","1387","5","2","3","61","33","28","236","60","176","292","110","182","4","2","2","1405","586","819","75","27","48","29","17","12","218","101","117","-2"
"134097","Florida State University","2020","First major","'99'","Grand total","Doctor's degree - research/scholarship","416","214","202","0","0","0","18","10","8","24","11","13","26","12","14","1","0","1","186","92","94","9","5","4","13","9","4","139","75","64","-2"
"134097","Florida State University","2020","First major","'99'","Grand total","Doctor's degree - professional practice","330","144","186","0","0","0","21","11","10","35","6","29","58","26","32","0","0","0","206","98","108","5","1","4","3","2","1","2","0","2","-2"
"134097","Florida State University","2020","Second major","'99'","Grand total","Bachelor's degree","955","412","543","0","0","0","21","9","12","59","20","39","232","101","131","1","0","1","572","247","325","26","13","13","13","5","8","31","17","14","-2"
"134130","University of Florida","2020","First major","'99'","Grand total","Associate's degree","152","59","93","0","0","0","12","4","8","21","5","16","32","10","22","3","3","0","73","33","40","9","3","6","2","1","1","0","0","0","-2"
"134130","University of Florida","2020","First major","'99'","Grand total","Bachelor's degree","9584","4053","5531","19","6","13","801","358","443","520","156","364","2107","884","1223","44","12","32","5261","2276","2985","364","144","220","267","130","137","201","87","114","-2"
"134130","University of Florida","2020","First major","'99'","Grand total","Master's degree","3881","1854","2027","7","5","2","163","79","84","204","74","130","516","242","274","2","0","2","1987","858","1129","88","36","52","128","73","55","786","487","299","-2"
"134130","University of Florida","2020","First major","'99'","Grand total","Doctor's degree - research/scholarship","679","363","316","2","2","0","31","15","16","26","11","15","45","21","24","0","0","0","252","132","120","4","3","1","26","13","13","293","166","127","-2"
"134130","University of Florida","2020","First major","'99'","Grand total","Doctor's degree - professional practice","1180","449","731","2","2","0","116","48","68","74","30","44","201","69","132","11","5","6","695","266","429","20","7","13","29","12","17","32","10","22","-2"
"134130","University of Florida","2020","Second major","'99'","Grand total","Bachelor's degree","339","120","219","0","0","0","19","5","14","13","3","10","97","33","64","1","1","0","178","66","112","10","3","7","10","5","5","11","4","7","-2"
"134237","Full Sail University","2020","First major","'99'","Grand total","Associate's degree","723","481","242","2","1","1","11","6","5","176","111","65","113","69","44","4","2","2","299","213","86","52","37","15","65","41","24","1","1","0","-2"
"134237","Full Sail University","2020","First major","'99'","Grand total","Bachelor's degree","3149","2244","905","16","9","7","123","86","37","582","419","163","629","437","192","6","2","4","1399","1034","365","160","108","52","211","134","77","23","15","8","-2"
"134237","Full Sail University","2020","First major","'99'","Grand total","Master's degree","930","507","423","8","5","3","43","31","12","292","143","149","152","82","70","1","1","0","292","174","118","47","18","29","86","44","42","9","9","0","-2"
"134343","Gulf Coast State College","2020","First major","'99'","Grand total","Associate's degree","761","259","502","5","2","3","21","8","13","74","22","52","50","18","32","0","0","0","551","186","365","36","14","22","14","6","8","10","3","7","-2"
"134343","Gulf Coast State College","2020","First major","'99'","Grand total","Bachelor's degree","73","31","42","0","0","0","1","0","1","11","7","4","4","3","1","0","0","0","53","19","34","2","2","0","2","0","2","0","0","0","-2"
"134422","Key College","2020","First major","'99'","Grand total","Associate's degree","6","1","5","0","0","0","0","0","0","2","1","1","1","0","1","0","0","0","2","0","2","0","0","0","0","0","0","1","0","1","-2"
"134422","Key College","2020","First major","'99'","Grand total","Bachelor's degree","1","0","1","0","0","0","1","0","1","0","0","0","0","0","0","0","0","0","0","0","0","0","0","0","0","0","0","0","0","0","-2"
"134495","Hillsborough Community College","2020","First major","'99'","Grand total","Associate's degree","4060","1588","2472","16","8","8","189","87","102","577","194","383","1308","493","815","6","2","4","1523","626","897","173","64","109","144","63","81","124","51","73","-2"
"134510","Hobe Sound Bible College","2020","First major","'99'","Grand total","Associate's degree","7","4","3","0","0","0","0","0","0","0","0","0","1","1","0","0","0","0","6","3","3","0","0","0","0","0","0","0","0","0","-2"
"134510","Hobe Sound Bible College","2020","First major","'99'","Grand total","Bachelor's degree","35","14","21","0","0","0","0","0","0","1","1","0","0","0","0","0","0","0","34","13","21","0","0","0","0","0","0","0","0","0","-2"
"134510","Hobe Sound Bible College","2020","First major","'99'","Grand total","Master's degree","0","0","0","0","0","0","0","0","0","0","0","0","0","0","0","0","0","0","0","0","0","0","0","0","0","0","0","0","0","0","-2"
"134608","Indian River State College","2020","First major","'99'","Grand total","Associate's degree","2576","937","1639","2","1","1","53","25","28","339","103","236","635","220","415","4","2","2","1354","500","854","70","26","44","97","47","50","22","13","9","-2"
"134608","Indian River State College","2020","First major","'99'","Grand total","Bachelor's degree","814","249","565","0","0","0","15","8","7","133","31","102","167","62","105","1","0","1","437","126","311","23","8","15","35","14","21","3","0","3","-2"
"134811","AI Miami International University of Art and Design","2020","First major","'99'","Grand total","Associate's degree","44","9","35","0","0","0","0","0","0","5","1","4","16","2","14","0","0","0","7","3","4","0","0","0","6","3","3","10","0","10","-2"
"134811","AI Miami International University of Art and Design","2020","First major","'99'","Grand total","Bachelor's degree","217","61","156","1","0","1","2","1","1","19","5","14","84","28","56","0","0","0","41","14","27","0","0","0","9","2","7","61","11","50","-2"
"134811","AI Miami International University of Art and Design","2020","First major","'99'","Grand total","Master's degree","9","1","8","0","0","0","0","0","0","0","0","0","2","0","2","0","0","0","0","0","0","0","0","0","0","0","0","7","1","6","-2"
"134945","Jacksonville University","2020","First major","'99'","Grand total","Bachelor's degree","747","249","498","3","0","3","21","2","19","116","38","78","86","35","51","5","2","3","432","128","304","21","9","12","3","0","3","60","35","25","-2"
"134945","Jacksonville University","2020","First major","'99'","Grand total","Master's degree","471","138","333","1","0","1","18","5","13","65","15","50","39","11","28","1","1","0","305","90","215","10","2","8","3","1","2","29","13","16","-2"
"134945","Jacksonville University","2020","First major","'99'","Grand total","Doctor's degree - professional practice","26","3","23","0","0","0","3","1","2","2","0","2","1","0","1","0","0","0","19","2","17","1","0","1","0","0","0","0","0","0","-2"
"134945","Jacksonville University","2020","First major","'99'","Grand total","Doctor's degree - other","12","7","5","0","0","0","0","0","0","2","1","1","0","0","0","0","0","0","10","6","4","0","0","0","0","0","0","0","0","0","-2"
"134945","Jacksonville University","2020","Second major","'99'","Grand total","Bachelor's degree","55","19","36","0","0","0","1","0","1","11","5","6","9","3","6","0","0","0","24","7","17","4","3","1","0","0","0","6","1","5","-2"
"134945","Jacksonville University","2020","Second major","'99'","Grand total","Master's degree","8","1","7","0","0","0","1","0","1","0","0","0","1","0","1","0","0","0","5","1","4","0","0","0","0","0","0","1","0","1","-2"
"135081","Keiser University-Ft Lauderdale","2020","First major","'99'","Grand total","Associate's degree","3263","842","2421","28","6","22","71","17","54","593","151","442","895","248","647","8","1","7","1320","316","1004","83","19","64","255","78","177","10","6","4","-2"
"135081","Keiser University-Ft Lauderdale","2020","First major","'99'","Grand total","Bachelor's degree","1503","525","978","16","9","7","62","26","36","272","84","188","503","178","325","9","5","4","515","179","336","45","13","32","48","12","36","33","19","14","-2"
"135081","Keiser University-Ft Lauderdale","2020","First major","'99'","Grand total","Master's degree","418","140","278","1","0","1","20","10","10","69","19","50","142","43","99","1","0","1","118","32","86","17","8","9","41","20","21","9","8","1","-2"
"135081","Keiser University-Ft Lauderdale","2020","First major","'99'","Grand total","Doctor's degree - research/scholarship","53","27","26","0","0","0","1","0","1","12","6","6","8","6","2","1","0","1","23","14","9","5","0","5","3","1","2","0","0","0","-2"
"135081","Keiser University-Ft Lauderdale","2020","First major","'99'","Grand total","Doctor's degree - professional practice","9","1","8","0","0","0","0","0","0","0","0","0","1","1","0","0","0","0","4","0","4","1","0","1","3","0","3","0","0","0","-2"
"135160","Florida Gateway College","2020","First major","'99'","Grand total","Associate's degree","549","153","396","5","2","3","8","1","7","60","15","45","29","8","21","0","0","0","435","122","313","11","4","7","0","0","0","1","1","0","-2"
"135160","Florida Gateway College","2020","First major","'99'","Grand total","Bachelor's degree","66","11","55","0","0","0","1","0","1","9","0","9","1","1","0","0","0","0","55","10","45","0","0","0","0","0","0","0","0","0","-2"
"135188","Lake-Sumter State College","2020","First major","'99'","Grand total","Associate's degree","896","326","570","4","0","4","43","18","25","69","18","51","186","68","118","3","1","2","524","197","327","23","7","16","34","12","22","10","5","5","-2"
"135188","Lake-Sumter State College","2020","First major","'99'","Grand total","Bachelor's degree","49","15","34","0","0","0","5","1","4","4","1","3","6","4","2","0","0","0","32","9","23","2","0","2","0","0","0","0","0","0","-2"
"135364","Luther Rice College & Seminary","2020","First major","'99'","Grand total","Bachelor's degree","37","26","11","0","0","0","0","0","0","14","6","8","1","1","0","0","0","0","22","19","3","0","0","0","0","0","0","0","0","0","-2"
"135364","Luther Rice College & Seminary","2020","First major","'99'","Grand total","Master's degree","155","102","53","1","1","0","0","0","0","63","36","27","9","7","2","0","0","0","73","55","18","0","0","0","9","3","6","0","0","0","-2"
"135364","Luther Rice College & Seminary","2020","First major","'99'","Grand total","Doctor's degree - research/scholarship","20","17","3","0","0","0","0","0","0","5","3","2","0","0","0","0","0","0","14","13","1","0","0","0","1","1","0","0","0","0","-2"
"135391","State College of Florida-Manatee-Sarasota","2020","First major","'99'","Grand total","Associate's degree","1520","550","970","3","1","2","43","17","26","98","26","72","280","94","186","1","0","1","833","308","525","49","18","31","183","76","107","30","10","20","-2"
"135391","State College of Florida-Manatee-Sarasota","2020","First major","'99'","Grand total","Bachelor's degree","244","58","186","0","0","0","4","3","1","24","2","22","24","4","20","0","0","0","163","39","124","11","5","6","18","5","13","0","0","0","-2"
"135610","Trinity International University-Florida","2020","First major","'99'","Grand total","Bachelor's degree","23","7","16","0","0","0","0","0","0","6","2","4","12","2","10","0","0","0","5","3","2","0","0","0","0","0","0","0","0","0","-2"
"135610","Trinity International University-Florida","2020","First major","'99'","Grand total","Master's degree","26","10","16","0","0","0","0","0","0","10","3","7","9","4","5","0","0","0","6","3","3","0","0","0","1","0","1","0","0","0","-2"
"135717","Miami Dade College","2020","First major","'99'","Grand total","Associate's degree","10700","4053","6647","10","3","7","136","58","78","1290","441","849","7388","2782","4606","4","2","2","714","312","402","104","32","72","309","116","193","745","307","438","-2"
"135717","Miami Dade College","2020","First major","'99'","Grand total","Bachelor's degree","1200","470","730","0","0","0","9","4","5","233","78","155","782","320","462","1","0","1","81","33","48","7","2","5","17","5","12","70","28","42","-2"
"135726","University of Miami","2020","First major","'99'","Grand total","Bachelor's degree","2674","1148","1526","2","0","2","147","59","88","221","68","153","644","243","401","1","1","0","1109","509","600","92","43","49","102","41","61","356","184","172","-2"
"135726","University of Miami","2020","First major","'99'","Grand total","Master's degree","1782","828","954","5","3","2","78","36","42","140","60","80","454","191","263","1","0","1","419","217","202","38","16","22","150","65","85","497","240","257","-2"
"135726","University of Miami","2020","First major","'99'","Grand total","Doctor's degree - research/scholarship","206","90","116","0","0","0","11","2","9","9","1","8","26","9","17","0","0","0","69","28","41","6","3","3","13","4","9","72","43","29","-2"
"135726","University of Miami","2020","First major","'99'","Grand total","Doctor's degree - professional practice","637","300","337","1","0","1","52","22","30","45","20","25","190","80","110","0","0","0","268","143","125","27","9","18","39","20","19","15","6","9","-2"
"135726","University of Miami","2020","Second major","'99'","Grand total","Bachelor's degree","524","212","312","0","0","0","39","12","27","30","6","24","106","42","64","0","0","0","220","97","123","10","2","8","28","11","17","91","42","49","-2"
"136145","North Florida College","2020","First major","'99'","Grand total","Associate's degree","232","65","167","0","0","0","0","0","0","43","12","31","21","4","17","0","0","0","164","48","116","2","0","2","1","1","0","1","0","1","-2"
"136145","North Florida College","2020","First major","'99'","Grand total","Bachelor's degree","17","3","14","0","0","0","0","0","0","6","1","5","1","0","1","0","0","0","10","2","8","0","0","0","0","0","0","0","0","0","-2"
"136172","University of North Florida","2020","First major","'99'","Grand total","Associate's degree","192","53","139","0","0","0","13","4","9","14","1","13","16","4","12","0","0","0","134","43","91","14","1","13","1","0","1","0","0","0","-2"
"136172","University of North Florida","2020","First major","'99'","Grand total","Bachelor's degree","3419","1386","2033","7","3","4","167","72","95","291","103","188","417","167","250","2","1","1","2274","923","1351","181","78","103","14","7","7","66","32","34","-2"
"136172","University of North Florida","2020","First major","'99'","Grand total","Master's degree","670","233","437","2","1","1","20","7","13","70","16","54","61","17","44","0","0","0","431","163","268","31","9","22","6","2","4","49","18","31","-2"
"136172","University of North Florida","2020","First major","'99'","Grand total","Doctor's degree - research/scholarship","21","6","15","0","0","0","2","0","2","7","1","6","3","1","2","0","0","0","9","4","5","0","0","0","0","0","0","0","0","0","-2"
"136172","University of North Florida","2020","First major","'99'","Grand total","Doctor's degree - professional practice","144","29","115","0","0","0","12","4","8","25","2","23","4","1","3","1","0","1","95","20","75","3","0","3","3","1","2","1","1","0","-2"
"136172","University of North Florida","2020","Second major","'99'","Grand total","Bachelor's degree","140","59","81","0","0","0","10","2","8","10","4","6","24","7","17","0","0","0","85","41","44","6","3","3","1","0","1","4","2","2","-2"
"136172","University of North Florida","2020","Second major","'99'","Grand total","Master's degree","1","0","1","0","0","0","0","0","0","1","0","1","0","0","0","0","0","0","0","0","0","0","0","0","0","0","0","0","0","0","-2"
"136215","Nova Southeastern University","2020","First major","'99'","Grand total","Associate's degree","0","0","0","0","0","0","0","0","0","0","0","0","0","0","0","0","0","0","0","0","0","0","0","0","0","0","0","0","0","0","-2"
"136215","Nova Southeastern University","2020","First major","'99'","Grand total","Bachelor's degree","1301","355","946","4","2","2","127","43","84","186","39","147","442","98","344","3","2","1","381","123","258","35","8","27","45","7","38","78","33","45","-2"
"136215","Nova Southeastern University","2020","First major","'99'","Grand total","Master's degree","2883","717","2166","0","0","0","125","41","84","608","134","474","776","170","606","4","1","3","973","232","741","60","16","44","174","47","127","163","76","87","-2"
"136215","Nova Southeastern University","2020","First major","'99'","Grand total","Doctor's degree - research/scholarship","555","143","412","0","0","0","13","5","8","153","25","128","140","35","105","0","0","0","186","53","133","17","4","13","34","15","19","12","6","6","-2"
"136215","Nova Southeastern University","2020","First major","'99'","Grand total","Doctor's degree - professional practice","1098","454","644","0","0","0","179","85","94","71","22","49","352","139","213","0","0","0","394","165","229","20","9","11","33","11","22","49","23","26","-2"
"136233","Northwest Florida State College","2020","First major","'99'","Grand total","Associate's degree","976","374","602","6","1","5","28","7","21","51","18","33","80","29","51","5","4","1","630","245","385","70","23","47","100","43","57","6","4","2","-2"
"136233","Northwest Florida State College","2020","First major","'99'","Grand total","Bachelor's degree","140","32","108","1","0","1","2","0","2","10","3","7","13","4","9","1","0","1","100","22","78","4","1","3","7","1","6","2","1","1","-2"
"136330","Palm Beach Atlantic University","2020","First major","'99'","Grand total","Bachelor's degree","471","162","309","0","0","0","14","6","8","44","12","32","67","24","43","3","1","2","272","89","183","23","7","16","24","9","15","24","14","10","-2"
"136330","Palm Beach Atlantic University","2020","First major","'99'","Grand total","Master's degree","192","58","134","0","0","0","3","0","3","38","6","32","39","6","33","0","0","0","84","34","50","10","3","7","8","4","4","10","5","5","-2"
"136330","Palm Beach Atlantic University","2020","First major","'99'","Grand total","Doctor's degree - professional practice","96","26","70","0","0","0","8","2","6","14","4","10","16","6","10","0","0","0","48","10","38","6","3","3","1","1","0","3","0","3","-2"
"136330","Palm Beach Atlantic University","2020","Second major","'99'","Grand total","Bachelor's degree","12","5","7","0","0","0","0","0","0","1","0","1","2","1","1","0","0","0","6","1","5","1","1","0","0","0","0","2","2","0","-2"
"136330","Palm Beach Atlantic University","2020","Second major","'99'","Grand total","Master's degree","10","1","9","0","0","0","0","0","0","3","1","2","2","0","2","0","0","0","2","0","2","2","0","2","1","0","1","0","0","0","-2"
"136358","Palm Beach State College","2020","First major","'99'","Grand total","Associate's degree","4671","1732","2939","10","2","8","125","51","74","1105","321","784","1485","542","943","6","2","4","1573","673","900","106","36","70","163","67","96","98","38","60","-2"
"136358","Palm Beach State College","2020","First major","'99'","Grand total","Bachelor's degree","476","172","304","1","0","1","14","5","9","133","51","82","111","34","77","2","0","2","176","64","112","7","3","4","28","13","15","4","2","2","-2"
"136400","Pasco-Hernando State College","2020","First major","'99'","Grand total","Associate's degree","1739","631","1108","5","1","4","54","22","32","93","29","64","373","120","253","2","1","1","1109","422","687","58","25","33","41","11","30","4","0","4","-2"
"136400","Pasco-Hernando State College","2020","First major","'99'","Grand total","Bachelor's degree","225","66","159","0","0","0","8","0","8","14","4","10","29","12","17","0","0","0","163","47","116","5","1","4","6","2","4","0","0","0","-2"
"136473","Pensacola State College","2020","First major","'99'","Grand total","Associate's degree","1839","613","1226","17","9","8","79","30","49","246","68","178","128","35","93","10","4","6","1242","427","815","100","36","64","4","0","4","13","4","9","-2"
"136473","Pensacola State College","2020","First major","'99'","Grand total","Bachelor's degree","241","90","151","3","2","1","8","3","5","46","12","34","11","5","6","2","0","2","156","61","95","12","5","7","2","1","1","1","1","0","-2"
"136516","Polk State College","2020","First major","'99'","Grand total","Associate's degree","1684","557","1127","4","2","2","55","24","31","214","57","157","413","134","279","1","0","1","886","299","587","65","25","40","36","10","26","10","6","4","-2"
"136516","Polk State College","2020","First major","'99'","Grand total","Bachelor's degree","428","137","291","2","0","2","10","5","5","61","10","51","71","26","45","0","0","0","261","87","174","7","1","6","12","5","7","4","3","1","-2"
"136701","Saint Vincent de Paul Regional Seminary","2020","First major","'99'","Grand total","Master's degree","25","24","1","0","0","0","2","2","0","0","0","0","2","2","0","0","0","0","15","14","1","0","0","0","0","0","0","6","6","0","-2"
"136774","Ringling College of Art and Design","2020","First major","'99'","Grand total","Bachelor's degree","346","113","233","1","0","1","31","9","22","15","5","10","56","21","35","0","0","0","172","60","112","14","1","13","11","4","7","46","13","33","-2"
"136950","Rollins College","2020","First major","'99'","Grand total","Bachelor's degree","624","245","379","0","0","0","21","4","17","31","10","21","103","31","72","0","0","0","360","154","206","22","3","19","30","13","17","57","30","27","-2"
"136950","Rollins College","2020","First major","'99'","Grand total","Master's degree","211","97","114","1","0","1","13","5","8","12","3","9","25","8","17","1","1","0","113","58","55","5","2","3","30","15","15","11","5","6","-2"
"136950","Rollins College","2020","First major","'99'","Grand total","Doctor's degree - research/scholarship","3","3","0","0","0","0","0","0","0","0","0","0","1","1","0","0","0","0","1","1","0","0","0","0","0","0","0","1","1","0","-2"
"136950","Rollins College","2020","Second major","'99'","Grand total","Bachelor's degree","70","25","45","0","0","0","2","1","1","1","1","0","13","4","9","0","0","0","37","11","26","2","0","2","4","2","2","11","6","5","-2"
"137032","Saint Leo University","2020","First major","'99'","Grand total","Associate's degree","489","238","251","1","1","0","10","4","6","188","74","114","58","33","25","1","1","0","131","75","56","9","5","4","91","45","46","0","0","0","-2"
"137032","Saint Leo University","2020","First major","'99'","Grand total","Bachelor's degree","1818","774","1044","8","5","3","33","20","13","494","178","316","248","103","145","1","1","0","701","315","386","40","19","21","218","88","130","75","45","30","-2"
"137032","Saint Leo University","2020","First major","'99'","Grand total","Master's degree","1149","413","736","3","1","2","18","5","13","315","93","222","137","52","85","4","0","4","446","161","285","20","7","13","180","80","100","26","14","12","-2"
"137032","Saint Leo University","2020","First major","'99'","Grand total","Doctor's degree - research/scholarship","23","13","10","0","0","0","0","0","0","6","2","4","1","1","0","0","0","0","10","7","3","0","0","0","6","3","3","0","0","0","-2"
"137032","Saint Leo University","2020","Second major","'99'","Grand total","Bachelor's degree","31","15","16","0","0","0","0","0","0","7","3","4","8","3","5","1","1","0","11","5","6","0","0","0","0","0","0","4","3","1","-2"
"137078","St Petersburg College","2020","First major","'99'","Grand total","Associate's degree","4004","1540","2464","11","6","5","171","51","120","386","112","274","583","208","375","3","1","2","2583","1059","1524","142","51","91","84","40","44","41","12","29","-2"
"137078","St Petersburg College","2020","First major","'99'","Grand total","Bachelor's degree","1174","365","809","3","1","2","34","8","26","113","24","89","154","48","106","7","2","5","802","267","535","29","4","25","25","10","15","7","1","6","-2"
"137096","Santa Fe College","2020","First major","'99'","Grand total","Associate's degree","2633","1178","1455","5","2","3","93","37","56","229","89","140","542","251","291","4","2","2","1513","664","849","122","61","61","28","18","10","97","54","43","-2"
"137096","Santa Fe College","2020","First major","'99'","Grand total","Bachelor's degree","289","93","196","2","1","1","16","6","10","31","9","22","42","11","31","1","1","0","179","57","122","7","1","6","8","4","4","3","3","0","-2"
"137209","Seminole State College of Florida","2020","First major","'99'","Grand total","Associate's degree","2706","1051","1655","5","3","2","96","44","52","345","103","242","746","268","478","10","6","4","1286","539","747","85","34","51","60","23","37","73","31","42","-2"
"137209","Seminole State College of Florida","2020","First major","'99'","Grand total","Bachelor's degree","544","245","299","2","2","0","23","10","13","72","25","47","113","44","69","0","0","0","288","149","139","15","7","8","12","3","9","19","5","14","-2"
"137272","St. John Vianney College Seminary","2020","First major","'99'","Grand total","Bachelor's degree","14","14","0","0","0","0","0","0","0","0","0","0","6","6","0","0","0","0","6","6","0","0","0","0","0","0","0","2","2","0","-2"
"137281","Saint Johns River State College","2020","First major","'99'","Grand total","Associate's degree","908","322","586","0","0","0","23","13","10","65","21","44","100","35","65","3","2","1","639","229","410","48","14","34","27","8","19","3","0","3","-2"
"137281","Saint Johns River State College","2020","First major","'99'","Grand total","Bachelor's degree","123","25","98","0","0","0","2","1","1","8","0","8","9","0","9","0","0","0","99","22","77","5","2","3","0","0","0","0","0","0","-2"
"137315","South Florida State College","2020","First major","'99'","Grand total","Associate's degree","316","105","211","0","0","0","9","6","3","24","9","15","129","34","95","0","0","0","137","51","86","9","2","7","3","2","1","5","1","4","-2"
"137315","South Florida State College","2020","First major","'99'","Grand total","Bachelor's degree","62","19","43","0","0","0","1","1","0","8","3","5","16","2","14","0","0","0","37","13","24","0","0","0","0","0","0","0","0","0","-2"
"137351","University of South Florida","2020","First major","'99'","Grand total","Associate's degree","277","88","189","0","0","0","12","3","9","40","11","29","71","24","47","0","0","0","130","44","86","11","4","7","11","2","9","2","0","2","-2"
"137351","University of South Florida","2020","First major","'99'","Grand total","Bachelor's degree","10242","4083","6159","22","10","12","664","269","395","1033","347","686","2088","756","1332","20","10","10","5167","2115","3052","361","138","223","327","126","201","560","312","248","-2"
"137351","University of South Florida","2020","First major","'99'","Grand total","Master's degree","3422","1393","2029","4","1","3","172","61","111","272","84","188","433","167","266","4","0","4","1644","587","1057","68","21","47","99","35","64","726","437","289","-2"
"137351","University of South Florida","2020","First major","'99'","Grand total","Doctor's degree - research/scholarship","397","191","206","0","0","0","19","6","13","28","8","20","35","18","17","0","0","0","184","76","108","11","4","7","12","2","10","108","77","31","-2"
"137351","University of South Florida","2020","First major","'99'","Grand total","Doctor's degree - professional practice","375","144","231","0","0","0","61","24","37","26","3","23","47","18","29","1","0","1","193","77","116","11","5","6","35","16","19","1","1","0","-2"
"137351","University of South Florida","2020","Second major","'99'","Grand total","Bachelor's degree","132","48","84","0","0","0","4","0","4","10","1","9","34","13","21","0","0","0","65","26","39","8","3","5","3","0","3","8","5","3","-2"
"137476","St. Thomas University","2020","First major","'99'","Grand total","Bachelor's degree","276","100","176","2","0","2","0","0","0","94","21","73","113","45","68","0","0","0","16","5","11","3","1","2","19","9","10","29","19","10","-2"
"137476","St. Thomas University","2020","First major","'99'","Grand total","Master's degree","278","115","163","1","1","0","13","4","9","78","28","50","107","44","63","0","0","0","33","15","18","3","1","2","8","3","5","35","19","16","-2"
"137476","St. Thomas University","2020","First major","'99'","Grand total","Doctor's degree - research/scholarship","50","23","27","1","0","1","0","0","0","14","4","10","5","3","2","0","0","0","13","8","5","0","0","0","5","1","4","12","7","5","-2"
"137476","St. Thomas University","2020","First major","'99'","Grand total","Doctor's degree - professional practice","162","67","95","0","0","0","9","6","3","11","4","7","111","41","70","0","0","0","28","16","12","1","0","1","2","0","2","0","0","0","-2"
"137546","Stetson University","2020","First major","'99'","Grand total","Bachelor's degree","701","282","419","2","1","1","10","4","6","50","24","26","107","38","69","0","0","0","432","180","252","35","11","24","15","4","11","50","20","30","-2"
"137546","Stetson University","2020","First major","'99'","Grand total","Master's degree","169","50","119","3","0","3","0","0","0","10","4","6","24","5","19","0","0","0","106","34","72","12","3","9","1","0","1","13","4","9","-2"
"137546","Stetson University","2020","First major","'99'","Grand total","Doctor's degree - professional practice","263","125","138","1","1","0","5","4","1","13","4","9","35","10","25","0","0","0","191","93","98","11","8","3","2","1","1","5","4","1","-2"
"137546","Stetson University","2020","Second major","'99'","Grand total","Bachelor's degree","60","24","36","0","0","0","1","0","1","2","1","1","12","4","8","0","0","0","35","14","21","0","0","0","1","0","1","9","5","4","-2"
"137546","Stetson University","2020","Second major","'99'","Grand total","Master's degree","3","1","2","0","0","0","0","0","0","1","0","1","0","0","0","0","0","0","1","0","1","1","1","0","0","0","0","0","0","0","-2"
"137564","Southeastern University","2020","First major","'99'","Grand total","Associate's degree","236","79","157","1","0","1","3","1","2","17","7","10","47","18","29","1","0","1","159","50","109","3","1","2","5","2","3","0","0","0","-2"
"137564","Southeastern University","2020","First major","'99'","Grand total","Bachelor's degree","823","322","501","4","1","3","9","5","4","86","37","49","145","47","98","4","2","2","551","219","332","3","2","1","6","1","5","15","8","7","-2"
"137564","Southeastern University","2020","First major","'99'","Grand total","Master's degree","351","101","250","0","0","0","11","4","7","45","13","32","62","15","47","1","0","1","213","58","155","1","0","1","11","5","6","7","6","1","-2"
"137564","Southeastern University","2020","First major","'99'","Grand total","Doctor's degree - research/scholarship","27","12","15","0","0","0","0","0","0","6","2","4","2","1","1","0","0","0","19","9","10","0","0","0","0","0","0","0","0","0","-2"
"137564","Southeastern University","2020","Second major","'99'","Grand total","Bachelor's degree","10","5","5","0","0","0","0","0","0","0","0","0","1","0","1","0","0","0","8","5","3","0","0","0","0","0","0","1","0","1","-2"
"137564","Southeastern University","2020","Second major","'99'","Grand total","Master's degree","2","0","2","0","0","0","0","0","0","0","0","0","0","0","0","0","0","0","2","0","2","0","0","0","0","0","0","0","0","0","-2"
"137759","Tallahassee Community College","2020","First major","'99'","Grand total","Associate's degree","2847","1310","1537","5","2","3","50","19","31","673","253","420","409","201","208","4","2","2","1507","736","771","91","42","49","65","34","31","43","21","22","-2"
"137759","Tallahassee Community College","2020","First major","'99'","Grand total","Bachelor's degree","19","1","18","0","0","0","0","0","0","4","0","4","0","0","0","0","0","0","15","1","14","0","0","0","0","0","0","0","0","0","-2"
"137777","Talmudic College of Florida","2020","First major","'99'","Grand total","Bachelor's degree","10","10","0","0","0","0","0","0","0","0","0","0","0","0","0","0","0","0","9","9","0","0","0","0","0","0","0","1","1","0","-2"
"137777","Talmudic College of Florida","2020","First major","'99'","Grand total","Master's degree","0","0","0","0","0","0","0","0","0","0","0","0","0","0","0","0","0","0","0","0","0","0","0","0","0","0","0","0","0","0","-2"
"137801","Altierus Career College-Tampa","2020","First major","'99'","Grand total","Associate's degree","0","0","0","0","0","0","0","0","0","0","0","0","0","0","0","0","0","0","0","0","0","0","0","0","0","0","0","0","0","0","-2"
"137847","The University of Tampa","2020","First major","'99'","Grand total","Bachelor's degree","1851","745","1106","0","0","0","35","11","24","84","28","56","210","77","133","0","0","0","1063","388","675","50","22","28","189","83","106","220","136","84","-2"
"137847","The University of Tampa","2020","First major","'99'","Grand total","Master's degree","476","197","279","1","0","1","6","0","6","36","15","21","39","15","24","1","0","1","235","100","135","7","1","6","66","26","40","85","40","45","-2"
"137847","The University of Tampa","2020","First major","'99'","Grand total","Doctor's degree - professional practice","0","0","0","0","0","0","0","0","0","0","0","0","0","0","0","0","0","0","0","0","0","0","0","0","0","0","0","0","0","0","-2"
"137847","The University of Tampa","2020","Second major","'99'","Grand total","Bachelor's degree","42","9","33","0","0","0","0","0","0","2","1","1","3","1","2","0","0","0","22","5","17","3","0","3","5","0","5","7","2","5","-2"
"137953","Trinity Baptist College","2020","First major","'99'","Grand total","Associate's degree","14","9","5","0","0","0","0","0","0","4","2","2","3","3","0","0","0","0","7","4","3","0","0","0","0","0","0","0","0","0","-2"
"137953","Trinity Baptist College","2020","First major","'99'","Grand total","Bachelor's degree","56","24","32","0","0","0","0","0","0","9","4","5","3","0","3","0","0","0","43","20","23","1","0","1","0","0","0","0","0","0","-2"
"137953","Trinity Baptist College","2020","First major","'99'","Grand total","Master's degree","5","2","3","0","0","0","0","0","0","0","0","0","0","0","0","0","0","0","5","2","3","0","0","0","0","0","0","0","0","0","-2"
"137962","Trinity College of Florida","2020","First major","'99'","Grand total","Associate's degree","3","1","2","0","0","0","0","0","0","0","0","0","2","1","1","0","0","0","1","0","1","0","0","0","0","0","0","0","0","0","-2"
"137962","Trinity College of Florida","2020","First major","'99'","Grand total","Bachelor's degree","36","17","19","0","0","0","2","1","1","7","2","5","5","4","1","0","0","0","18","8","10","0","0","0","4","2","2","0","0","0","-2"
"137962","Trinity College of Florida","2020","Second major","'99'","Grand total","Bachelor's degree","2","0","2","0","0","0","0","0","0","1","0","1","1","0","1","0","0","0","0","0","0","0","0","0","0","0","0","0","0","0","-2"
"138187","Valencia College","2020","First major","'99'","Grand total","Associate's degree","8582","3485","5097","24","8","16","414","219","195","1129","411","718","3078","1167","1911","18","5","13","2295","1048","1247","219","80","139","960","327","633","445","220","225","-2"
"138187","Valencia College","2020","First major","'99'","Grand total","Bachelor's degree","337","132","205","3","1","2","19","8","11","62","23","39","102","39","63","1","1","0","128","48","80","5","3","2","10","5","5","7","4","3","-2"
"138275","Warner University","2020","First major","'99'","Grand total","Associate's degree","61","31","30","0","0","0","1","0","1","28","13","15","6","3","3","0","0","0","23","14","9","2","1","1","0","0","0","1","0","1","-2"
"138275","Warner University","2020","First major","'99'","Grand total","Bachelor's degree","177","77","100","0","0","0","0","0","0","48","22","26","21","9","12","0","0","0","97","39","58","3","1","2","1","1","0","7","5","2","-2"
"138275","Warner University","2020","First major","'99'","Grand total","Master's degree","74","30","44","0","0","0","0","0","0","29","8","21","7","4","3","0","0","0","33","15","18","1","0","1","1","1","0","3","2","1","-2"
"138293","Webber International University","2020","First major","'99'","Grand total","Associate's degree","12","7","5","0","0","0","0","0","0","6","5","1","2","0","2","0","0","0","4","2","2","0","0","0","0","0","0","0","0","0","-2"
"138293","Webber International University","2020","First major","'99'","Grand total","Bachelor's degree","100","65","35","0","0","0","0","0","0","25","13","12","13","9","4","0","0","0","34","23","11","0","0","0","0","0","0","28","20","8","-2"
"138293","Webber International University","2020","First major","'99'","Grand total","Master's degree","43","24","19","0","0","0","1","1","0","5","2","3","4","1","3","0","0","0","26","14","12","0","0","0","0","0","0","7","6","1","-2"
"138309","Rasmussen University-Florida","2020","First major","'99'","Grand total","Associate's degree","1380","179","1201","5","0","5","24","3","21","213","18","195","218","39","179","4","1","3","634","91","543","34","6","28","248","21","227","0","0","0","-2"
"138309","Rasmussen University-Florida","2020","First major","'99'","Grand total","Bachelor's degree","1415","291","1124","7","3","4","68","17","51","168","30","138","107","31","76","3","3","0","852","172","680","29","6","23","181","29","152","0","0","0","-2"
"138309","Rasmussen University-Florida","2020","First major","'99'","Grand total","Master's degree","7","0","7","0","0","0","0","0","0","0","0","0","2","0","2","0","0","0","5","0","5","0","0","0","0","0","0","0","0","0","-2"
"138354","The University of West Florida","2020","First major","'99'","Grand total","Associate's degree","870","363","507","2","0","2","25","15","10","81","33","48","92","42","50","2","1","1","588","240","348","52","19","33","5","2","3","23","11","12","-2"
"138354","The University of West Florida","2020","First major","'99'","Grand total","Bachelor's degree","2415","927","1488","13","3","10","70","29","41","266","108","158","232","78","154","6","2","4","1607","619","988","112","41","71","41","14","27","68","33","35","-2"
"138354","The University of West Florida","2020","First major","'99'","Grand total","Master's degree","997","279","718","4","2","2","27","3","24","113","27","86","90","23","67","2","0","2","642","185","457","30","8","22","20","5","15","69","26","43","-2"
"138354","The University of West Florida","2020","First major","'99'","Grand total","Doctor's degree - research/scholarship","9","4","5","0","0","0","0","0","0","0","0","0","1","1","0","0","0","0","7","2","5","0","0","0","0","0","0","1","1","0","-2"
"138354","The University of West Florida","2020","Second major","'99'","Grand total","Bachelor's degree","35","20","15","0","0","0","2","1","1","3","0","3","3","0","3","0","0","0","22","16","6","2","1","1","1","1","0","2","1","1","-2"
"138558","Abraham Baldwin Agricultural College","2020","First major","'99'","Grand total","Associate's degree","381","108","273","0","0","0","4","2","2","37","7","30","27","8","19","0","0","0","310","91","219","2","0","2","0","0","0","1","0","1","-2"
"138558","Abraham Baldwin Agricultural College","2020","First major","'99'","Grand total","Bachelor's degree","334","175","159","1","0","1","1","0","1","19","10","9","17","2","15","0","0","0","291","163","128","4","0","4","0","0","0","1","0","1","-2"
"138600","Agnes Scott College","2020","First major","'99'","Grand total","Bachelor's degree","209","0","209","0","0","0","16","0","16","55","0","55","22","0","22","0","0","0","76","0","76","11","0","11","6","0","6","23","0","23","-2"
"138600","Agnes Scott College","2020","First major","'99'","Grand total","Master's degree","17","1","16","0","0","0","0","0","0","8","1","7","1","0","1","0","0","0","7","0","7","1","0","1","0","0","0","0","0","0","-2"
"138600","Agnes Scott College","2020","Second major","'99'","Grand total","Bachelor's degree","36","0","36","0","0","0","2","0","2","9","0","9","4","0","4","0","0","0","13","0","13","1","0","1","1","0","1","6","0","6","-2"
"138655","Interactive College of Technology-Chamblee","2020","First major","'99'","Grand total","Associate's degree","56","22","34","0","0","0","9","2","7","27","14","13","12","4","8","0","0","0","8","2","6","0","0","0","0","0","0","0","0","0","-2"
"138664","Interactive College of Technology-Morrow","2020","First major","'99'","Grand total","Associate's degree","3","2","1","0","0","0","0","0","0","3","2","1","0","0","0","0","0","0","0","0","0","0","0","0","0","0","0","0","0","0","-2"
"138682","Albany Technical College","2020","First major","'99'","Grand total","Associate's degree","329","94","235","1","1","0","1","1","0","259","60","199","5","1","4","0","0","0","58","28","30","5","3","2","0","0","0","0","0","0","-2"
"138716","Albany State University","2020","First major","'99'","Grand total","Associate's degree","549","100","449","2","1","1","5","2","3","273","42","231","33","10","23","0","0","0","194","37","157","14","0","14","24","7","17","4","1","3","-2"
"138716","Albany State University","2020","First major","'99'","Grand total","Bachelor's degree","507","139","368","1","1","0","2","0","2","384","94","290","16","8","8","0","0","0","71","21","50","9","4","5","18","8","10","6","3","3","-2"
"138716","Albany State University","2020","First major","'99'","Grand total","Master's degree","104","18","86","0","0","0","0","0","0","82","15","67","0","0","0","0","0","0","18","2","16","1","0","1","2","1","1","1","0","1","-2"
"138761","Andrew College","2020","First major","'99'","Grand total","Associate's degree","70","26","44","0","0","0","0","0","0","35","7","28","6","3","3","0","0","0","25","13","12","3","3","0","0","0","0","1","0","1","-2"
"138761","Andrew College","2020","First major","'99'","Grand total","Bachelor's degree","2","1","1","0","0","0","0","0","0","0","0","0","0","0","0","0","0","0","2","1","1","0","0","0","0","0","0","0","0","0","-2"
"138761","Andrew College","2020","Second major","'99'","Grand total","Associate's degree","1","0","1","0","0","0","0","0","0","0","0","0","0","0","0","0","0","0","1","0","1","0","0","0","0","0","0","0","0","0","-2"
"138813","The Art Institute of Atlanta","2020","First major","'99'","Grand total","Associate's degree","61","21","40","0","0","0","0","0","0","39","12","27","8","1","7","1","1","0","10","5","5","0","0","0","1","0","1","2","2","0","-2"
"138813","The Art Institute of Atlanta","2020","First major","'99'","Grand total","Bachelor's degree","159","83","76","5","2","3","2","1","1","79","40","39","25","11","14","1","1","0","22","12","10","0","0","0","25","16","9","0","0","0","-2"
"138840","Atlanta Technical College","2020","First major","'99'","Grand total","Associate's degree","264","82","182","0","0","0","7","2","5","219","69","150","12","1","11","0","0","0","12","5","7","4","1","3","0","0","0","10","4","6","-2"
"138868","Point University","2020","First major","'99'","Grand total","Associate's degree","31","9","22","1","0","1","0","0","0","4","1","3","0","0","0","0","0","0","18","6","12","2","0","2","6","2","4","0","0","0","-2"
"138868","Point University","2020","First major","'99'","Grand total","Bachelor's degree","195","81","114","1","0","1","0","0","0","49","27","22","13","9","4","1","1","0","107","37","70","15","3","12","6","2","4","3","2","1","-2"
"138868","Point University","2020","First major","'99'","Grand total","Master's degree","18","9","9","0","0","0","0","0","0","3","0","3","0","0","0","0","0","0","14","9","5","0","0","0","1","0","1","0","0","0","-2"
"138901","Atlanta Metropolitan State College","2020","First major","'99'","Grand total","Associate's degree","154","44","110","0","0","0","0","0","0","138","40","98","10","3","7","0","0","0","1","1","0","2","0","2","2","0","2","1","0","1","-2"
"138901","Atlanta Metropolitan State College","2020","First major","'99'","Grand total","Bachelor's degree","59","18","41","0","0","0","0","0","0","54","18","36","2","0","2","0","0","0","0","0","0","2","0","2","0","0","0","1","0","1","-2"
"138929","Atlanta's John Marshall Law School","2020","First major","'99'","Grand total","Doctor's degree - professional practice","98","25","73","2","1","1","4","1","3","43","8","35","10","2","8","0","0","0","36","12","24","0","0","0","3","1","2","0","0","0","-2"
"138947","Clark Atlanta University","2020","First major","'99'","Grand total","Bachelor's degree","694","159","535","1","0","1","1","1","0","601","116","485","1","0","1","0","0","0","3","2","1","0","0","0","69","28","41","18","12","6","-2"
"138947","Clark Atlanta University","2020","First major","'99'","Grand total","Master's degree","150","53","97","0","0","0","1","1","0","122","39","83","2","0","2","0","0","0","0","0","0","0","0","0","19","11","8","6","2","4","-2"
"138947","Clark Atlanta University","2020","First major","'99'","Grand total","Doctor's degree - research/scholarship","36","11","25","0","0","0","0","0","0","24","6","18","1","0","1","0","0","0","0","0","0","0","0","0","9","4","5","2","1","1","-2"
"138956","Augusta Technical College","2020","First major","'99'","Grand total","Associate's degree","422","163","259","1","1","0","7","2","5","134","46","88","29","14","15","0","0","0","225","90","135","13","7","6","12","3","9","1","0","1","-2"
"139144","Berry College","2020","First major","'99'","Grand total","Bachelor's degree","414","154","260","0","0","0","6","0","6","18","9","9","28","9","19","0","0","0","339","125","214","14","3","11","5","5","0","4","3","1","-2"
"139144","Berry College","2020","First major","'99'","Grand total","Master's degree","66","23","43","0","0","0","1","1","0","6","0","6","5","0","5","0","0","0","53","22","31","1","0","1","0","0","0","0","0","0","-2"
"139144","Berry College","2020","Second major","'99'","Grand total","Bachelor's degree","51","24","27","0","0","0","0","0","0","1","0","1","2","1","1","0","0","0","47","22","25","0","0","0","0","0","0","1","1","0","-2"
"139153","Beulah Heights University","2020","First major","'99'","Grand total","Associate's degree","10","4","6","0","0","0","0","0","0","9","4","5","0","0","0","0","0","0","0","0","0","0","0","0","1","0","1","0","0","0","-2"
"139153","Beulah Heights University","2020","First major","'99'","Grand total","Bachelor's degree","27","13","14","0","0","0","0","0","0","23","11","12","1","1","0","0","0","0","1","0","1","0","0","0","2","1","1","0","0","0","-2"
"139153","Beulah Heights University","2020","First major","'99'","Grand total","Master's degree","22","11","11","0","0","0","7","4","3","10","4","6","0","0","0","0","0","0","0","0","0","0","0","0","5","3","2","0","0","0","-2"
"139153","Beulah Heights University","2020","First major","'99'","Grand total","Doctor's degree - research/scholarship","11","8","3","0","0","0","7","5","2","2","1","1","0","0","0","0","0","0","0","0","0","0","0","0","2","2","0","0","0","0","-2"
"139199","Brenau University","2020","First major","'99'","Grand total","Associate's degree","17","2","15","0","0","0","2","0","2","3","0","3","2","1","1","0","0","0","10","1","9","0","0","0","0","0","0","0","0","0","-2"
"139199","Brenau University","2020","First major","'99'","Grand total","Bachelor's degree","303","30","273","1","1","0","13","2","11","60","2","58","27","4","23","0","0","0","142","16","126","10","0","10","7","2","5","43","3","40","-2"
"139199","Brenau University","2020","First major","'99'","Grand total","Master's degree","312","38","274","1","0","1","11","3","8","89","8","81","20","5","15","0","0","0","165","15","150","5","0","5","14","4","10","7","3","4","-2"
"139199","Brenau University","2020","First major","'99'","Grand total","Doctor's degree - professional practice","39","25","14","0","0","0","1","1","0","5","4","1","3","3","0","0","0","0","28","17","11","0","0","0","2","0","2","0","0","0","-2"
"139199","Brenau University","2020","First major","'99'","Grand total","Doctor's degree - other","4","0","4","0","0","0","0","0","0","3","0","3","0","0","0","0","0","0","1","0","1","0","0","0","0","0","0","0","0","0","-2"
"139199","Brenau University","2020","Second major","'99'","Grand total","Bachelor's degree","5","1","4","0","0","0","0","0","0","0","0","0","0","0","0","0","0","0","4","1","3","0","0","0","0","0","0","1","0","1","-2"
"139199","Brenau University","2020","Second major","'99'","Grand total","Master's degree","2","1","1","0","0","0","0","0","0","1","0","1","0","0","0","0","0","0","1","1","0","0","0","0","0","0","0","0","0","0","-2"
"139205","Brewton-Parker College","2020","First major","'99'","Grand total","Associate's degree","21","10","11","0","0","0","0","0","0","6","4","2","1","0","1","0","0","0","13","5","8","0","0","0","0","0","0","1","1","0","-2"
"139205","Brewton-Parker College","2020","First major","'99'","Grand total","Bachelor's degree","60","34","26","0","0","0","0","0","0","17","11","6","6","4","2","1","0","1","33","17","16","0","0","0","1","0","1","2","2","0","-2"
"139214","Brown College of Court Reporting","2020","First major","'99'","Grand total","Associate's degree","0","0","0","0","0","0","0","0","0","0","0","0","0","0","0","0","0","0","0","0","0","0","0","0","0","0","0","0","0","0","-2"
"139250","College of Coastal Georgia","2020","First major","'99'","Grand total","Associate's degree","236","67","169","2","1","1","3","1","2","49","13","36","15","4","11","0","0","0","154","47","107","6","0","6","4","1","3","3","0","3","-2"
"139250","College of Coastal Georgia","2020","First major","'99'","Grand total","Bachelor's degree","320","90","230","1","0","1","9","1","8","44","8","36","23","7","16","1","0","1","222","67","155","9","1","8","4","2","2","7","4","3","-2"
"139278","West Georgia Technical College","2020","First major","'99'","Grand total","Associate's degree","360","101","259","2","1","1","3","0","3","98","21","77","14","4","10","0","0","0","232","72","160","9","2","7","2","1","1","0","0","0","-2"
"139311","Clayton  State University","2020","First major","'99'","Grand total","Associate's degree","98","46","52","0","0","0","7","3","4","55","27","28","16","6","10","0","0","0","14","7","7","6","3","3","0","0","0","0","0","0","-2"
"139311","Clayton  State University","2020","First major","'99'","Grand total","Bachelor's degree","953","254","699","0","0","0","52","19","33","634","147","487","53","15","38","1","0","1","144","54","90","33","4","29","18","5","13","18","10","8","-2"
"139311","Clayton  State University","2020","First major","'99'","Grand total","Master's degree","147","28","119","0","0","0","5","0","5","93","15","78","8","0","8","0","0","0","23","11","12","6","1","5","4","0","4","8","1","7","-2"
"139348","Columbia Theological Seminary","2020","First major","'99'","Grand total","Master's degree","49","20","29","0","0","0","5","3","2","7","4","3","1","1","0","0","0","0","22","2","20","0","0","0","0","0","0","14","10","4","-2"
"139348","Columbia Theological Seminary","2020","First major","'99'","Grand total","Doctor's degree - research/scholarship","1","0","1","0","0","0","0","0","0","1","0","1","0","0","0","0","0","0","0","0","0","0","0","0","0","0","0","0","0","0","-2"
"139348","Columbia Theological Seminary","2020","First major","'99'","Grand total","Doctor's degree - professional practice","10","6","4","0","0","0","1","1","0","3","1","2","0","0","0","0","0","0","4","2","2","0","0","0","0","0","0","2","2","0","-2"
"139357","Columbus Technical College","2020","First major","'99'","Grand total","Associate's degree","514","139","375","0","0","0","17","8","9","179","58","121","25","7","18","2","2","0","257","59","198","15","0","15","14","3","11","5","2","3","-2"
"139366","Columbus State University","2020","First major","'99'","Grand total","Associate's degree","40","18","22","0","0","0","0","0","0","10","4","6","5","2","3","0","0","0","25","12","13","0","0","0","0","0","0","0","0","0","-2"
"139366","Columbus State University","2020","First major","'99'","Grand total","Bachelor's degree","1184","397","787","5","2","3","31","13","18","454","117","337","77","32","45","3","3","0","576","216","360","18","3","15","0","0","0","20","11","9","-2"
"139366","Columbus State University","2020","First major","'99'","Grand total","Master's degree","511","188","323","1","1","0","14","5","9","123","25","98","23","11","12","3","2","1","319","132","187","8","3","5","0","0","0","20","9","11","-2"
"139366","Columbus State University","2020","First major","'99'","Grand total","Doctor's degree - research/scholarship","13","4","9","0","0","0","1","0","1","1","0","1","1","0","1","0","0","0","10","4","6","0","0","0","0","0","0","0","0","0","-2"
"139384","Georgia Northwestern Technical College","2020","First major","'99'","Grand total","Associate's degree","463","188","275","2","1","1","7","4","3","23","5","18","78","51","27","0","0","0","340","123","217","9","3","6","0","0","0","4","1","3","-2"
"139393","Covenant College","2020","First major","'99'","Grand total","Bachelor's degree","220","103","117","1","0","1","3","0","3","5","4","1","5","3","2","0","0","0","191","90","101","8","3","5","0","0","0","7","3","4","-2"
"139393","Covenant College","2020","First major","'99'","Grand total","Master's degree","12","3","9","0","0","0","1","0","1","0","0","0","0","0","0","0","0","0","9","3","6","0","0","0","0","0","0","2","0","2","-2"
"139393","Covenant College","2020","Second major","'99'","Grand total","Bachelor's degree","13","7","6","0","0","0","0","0","0","0","0","0","0","0","0","0","0","0","12","6","6","1","1","0","0","0","0","0","0","0","-2"
"139463","Dalton State College","2020","First major","'99'","Grand total","Associate's degree","299","121","178","2","0","2","7","3","4","12","4","8","68","28","40","1","0","1","192","79","113","3","0","3","5","2","3","9","5","4","-2"
"139463","Dalton State College","2020","First major","'99'","Grand total","Bachelor's degree","513","193","320","3","0","3","4","1","3","17","7","10","108","42","66","0","0","0","344","126","218","14","5","9","7","3","4","16","9","7","-2"
"139579","South University-Savannah","2020","First major","'99'","Grand total","Associate's degree","39","11","28","0","0","0","0","0","0","7","0","7","2","0","2","0","0","0","28","10","18","0","0","0","2","1","1","0","0","0","-2"
"139579","South University-Savannah","2020","First major","'99'","Grand total","Bachelor's degree","54","18","36","0","0","0","1","1","0","26","9","17","7","2","5","0","0","0","20","6","14","0","0","0","0","0","0","0","0","0","-2"
"139579","South University-Savannah","2020","First major","'99'","Grand total","Master's degree","192","46","146","0","0","0","7","4","3","41","7","34","9","0","9","0","0","0","133","35","98","0","0","0","2","0","2","0","0","0","-2"
"139579","South University-Savannah","2020","First major","'99'","Grand total","Doctor's degree - research/scholarship","2","1","1","0","0","0","0","0","0","0","0","0","0","0","0","0","0","0","2","1","1","0","0","0","0","0","0","0","0","0","-2"
"139579","South University-Savannah","2020","First major","'99'","Grand total","Doctor's degree - professional practice","67","23","44","0","0","0","5","1","4","11","2","9","5","3","2","0","0","0","45","16","29","0","0","0","1","1","0","0","0","0","-2"
"139621","East Georgia State College","2020","First major","'99'","Grand total","Associate's degree","282","98","184","0","0","0","7","2","5","107","42","65","12","4","8","0","0","0","145","47","98","9","1","8","2","2","0","0","0","0","-2"
"139621","East Georgia State College","2020","First major","'99'","Grand total","Bachelor's degree","21","9","12","0","0","0","0","0","0","5","1","4","0","0","0","0","0","0","16","8","8","0","0","0","0","0","0","0","0","0","-2"
"139630","Emmanuel College","2020","First major","'99'","Grand total","Associate's degree","41","16","25","0","0","0","0","0","0","6","4","2","2","0","2","1","0","1","32","12","20","0","0","0","0","0","0","0","0","0","-2"
"139630","Emmanuel College","2020","First major","'99'","Grand total","Bachelor's degree","150","61","89","0","0","0","0","0","0","19","10","9","11","6","5","0","0","0","100","39","61","4","0","4","0","0","0","16","6","10","-2"
"139658","Emory University","2020","First major","'99'","Grand total","Bachelor's degree","2096","747","1349","0","0","0","448","181","267","172","37","135","205","70","135","2","1","1","879","295","584","81","23","58","18","10","8","291","130","161","-2"
"139658","Emory University","2020","First major","'99'","Grand total","Master's degree","1539","573","966","3","1","2","183","72","111","210","53","157","94","36","58","0","0","0","674","237","437","36","10","26","40","15","25","299","149","150","-2"
"139658","Emory University","2020","First major","'99'","Grand total","Doctor's degree - research/scholarship","267","124","143","1","0","1","18","9","9","17","4","13","10","1","9","0","0","0","136","59","77","6","3","3","17","7","10","62","41","21","-2"
"139658","Emory University","2020","First major","'99'","Grand total","Doctor's degree - professional practice","542","236","306","0","0","0","55","32","23","51","24","27","37","19","18","1","0","1","324","139","185","12","4","8","21","8","13","41","10","31","-2"
"139658","Emory University","2020","Second major","'99'","Grand total","Bachelor's degree","489","195","294","0","0","0","83","34","49","25","6","19","46","21","25","0","0","0","189","68","121","14","6","8","2","1","1","130","59","71","-2"
"139658","Emory University","2020","Second major","'99'","Grand total","Master's degree","19","1","18","0","0","0","3","0","3","3","0","3","2","1","1","0","0","0","9","0","9","2","0","2","0","0","0","0","0","0","-2"
"139700","Georgia Highlands College","2020","First major","'99'","Grand total","Associate's degree","823","278","545","0","0","0","6","2","4","103","34","69","122","31","91","1","0","1","554","198","356","28","10","18","3","1","2","6","2","4","-2"
"139700","Georgia Highlands College","2020","First major","'99'","Grand total","Bachelor's degree","123","22","101","0","0","0","3","1","2","9","1","8","10","2","8","0","0","0","97","17","80","3","1","2","0","0","0","1","0","1","-2"
"139700","Georgia Highlands College","2020","Second major","'99'","Grand total","Associate's degree","2","1","1","0","0","0","0","0","0","0","0","0","1","0","1","0","0","0","0","0","0","1","1","0","0","0","0","0","0","0","-2"
"139719","Fort Valley State University","2020","First major","'99'","Grand total","Bachelor's degree","362","124","238","1","1","0","2","2","0","331","114","217","4","2","2","0","0","0","13","2","11","10","3","7","0","0","0","1","0","1","-2"
"139719","Fort Valley State University","2020","First major","'99'","Grand total","Master's degree","83","21","62","0","0","0","0","0","0","75","18","57","0","0","0","0","0","0","5","1","4","1","0","1","0","0","0","2","2","0","-2"
"139755","Georgia Institute of Technology-Main Campus","2020","First major","'99'","Grand total","Bachelor's degree","3934","2433","1501","2","1","1","832","515","317","246","145","101","276","185","91","2","1","1","1934","1180","754","152","84","68","126","73","53","364","249","115","-2"
"139755","Georgia Institute of Technology-Main Campus","2020","First major","'99'","Grand total","Master's degree","4072","3075","997","1","1","0","574","421","153","139","90","49","186","153","33","1","1","0","1458","1170","288","86","60","26","11","9","2","1616","1170","446","-2"
"139755","Georgia Institute of Technology-Main Campus","2020","First major","'99'","Grand total","Doctor's degree - research/scholarship","527","386","141","0","0","0","36","25","11","11","4","7","17","8","9","0","0","0","177","130","47","9","7","2","0","0","0","277","212","65","-2"
"139755","Georgia Institute of Technology-Main Campus","2020","Second major","'99'","Grand total","Master's degree","1","1","0","0","0","0","0","0","0","0","0","0","0","0","0","0","0","0","0","0","0","0","0","0","0","0","0","1","1","0","-2"
"139764","Georgia Southwestern State University","2020","First major","'99'","Grand total","Bachelor's degree","403","114","289","0","0","0","3","2","1","98","25","73","17","6","11","0","0","0","269","74","195","8","2","6","0","0","0","8","5","3","-2"
"139764","Georgia Southwestern State University","2020","First major","'99'","Grand total","Master's degree","167","25","142","1","1","0","1","0","1","37","7","30","3","0","3","0","0","0","120","15","105","2","0","2","0","0","0","3","2","1","-2"
"139764","Georgia Southwestern State University","2020","Second major","'99'","Grand total","Bachelor's degree","1","0","1","0","0","0","0","0","0","0","0","0","0","0","0","0","0","0","1","0","1","0","0","0","0","0","0","0","0","0","-2"
"139861","Georgia College & State University","2020","First major","'99'","Grand total","Bachelor's degree","1280","447","833","2","1","1","14","6","8","78","24","54","80","30","50","0","0","0","1051","368","683","41","12","29","4","2","2","10","4","6","-2"
"139861","Georgia College & State University","2020","First major","'99'","Grand total","Master's degree","491","168","323","0","0","0","8","3","5","100","27","73","14","2","12","1","0","1","348","128","220","12","4","8","2","1","1","6","3","3","-2"
"139861","Georgia College & State University","2020","First major","'99'","Grand total","Doctor's degree - research/scholarship","0","0","0","0","0","0","0","0","0","0","0","0","0","0","0","0","0","0","0","0","0","0","0","0","0","0","0","0","0","0","-2"
"139861","Georgia College & State University","2020","First major","'99'","Grand total","Doctor's degree - professional practice","14","3","11","0","0","0","1","1","0","6","0","6","1","0","1","0","0","0","6","2","4","0","0","0","0","0","0","0","0","0","-2"
"139861","Georgia College & State University","2020","Second major","'99'","Grand total","Bachelor's degree","35","10","25","0","0","0","0","0","0","1","0","1","3","0","3","0","0","0","29","9","20","2","1","1","0","0","0","0","0","0","-2"
"139931","Georgia Southern University","2020","First major","'99'","Grand total","Associate's degree","29","5","24","0","0","0","0","0","0","7","1","6","1","0","1","0","0","0","20","4","16","1","0","1","0","0","0","0","0","0","-2"
"139931","Georgia Southern University","2020","First major","'99'","Grand total","Bachelor's degree","4330","1837","2493","16","3","13","96","43","53","1006","378","628","291","122","169","3","3","0","2699","1195","1504","127","51","76","20","9","11","72","33","39","-2"
"139931","Georgia Southern University","2020","First major","'99'","Grand total","Master's degree","1091","376","715","1","1","0","16","5","11","213","61","152","44","16","28","1","1","0","709","236","473","30","16","14","8","4","4","69","36","33","-2"
"139931","Georgia Southern University","2020","First major","'99'","Grand total","Doctor's degree - research/scholarship","73","17","56","0","0","0","0","0","0","24","4","20","3","0","3","0","0","0","35","9","26","2","0","2","0","0","0","9","4","5","-2"
"139931","Georgia Southern University","2020","First major","'99'","Grand total","Doctor's degree - professional practice","29","10","19","0","0","0","0","0","0","2","0","2","0","0","0","0","0","0","27","10","17","0","0","0","0","0","0","0","0","0","-2"
"139931","Georgia Southern University","2020","Second major","'99'","Grand total","Bachelor's degree","74","45","29","0","0","0","4","4","0","11","4","7","8","5","3","0","0","0","50","32","18","1","0","1","0","0","0","0","0","0","-2"
"139940","Georgia State University","2020","First major","'99'","Grand total","Bachelor's degree","5339","2058","3281","6","2","4","739","338","401","2052","695","1357","615","221","394","6","3","3","1328","587","741","346","107","239","52","27","25","195","78","117","-2"
"139940","Georgia State University","2020","First major","'99'","Grand total","Master's degree","2003","711","1292","2","0","2","169","66","103","530","132","398","130","46","84","0","0","0","671","244","427","79","23","56","32","13","19","390","187","203","-2"
"139940","Georgia State University","2020","First major","'99'","Grand total","Doctor's degree - research/scholarship","234","97","137","0","0","0","18","7","11","44","13","31","12","4","8","0","0","0","87","30","57","7","4","3","8","4","4","58","35","23","-2"
"139940","Georgia State University","2020","First major","'99'","Grand total","Doctor's degree - professional practice","248","119","129","2","1","1","16","8","8","31","11","20","19","4","15","0","0","0","154","81","73","9","4","5","14","7","7","3","3","0","-2"
"139959","University of Georgia","2020","First major","'99'","Grand total","Bachelor's degree","7994","3412","4582","8","4","4","846","372","474","593","200","393","524","214","310","4","1","3","5543","2419","3124","310","130","180","46","15","31","120","57","63","-2"
"139959","University of Georgia","2020","First major","'99'","Grand total","Master's degree","1979","770","1209","4","3","1","81","33","48","202","54","148","60","26","34","0","0","0","1344","539","805","58","16","42","20","7","13","210","92","118","-2"
"139959","University of Georgia","2020","First major","'99'","Grand total","Doctor's degree - research/scholarship","528","246","282","0","0","0","13","6","7","65","26","39","9","5","4","0","0","0","244","108","136","15","7","8","17","6","11","165","88","77","-2"
"139959","University of Georgia","2020","First major","'99'","Grand total","Doctor's degree - professional practice","431","164","267","1","1","0","46","21","25","25","8","17","23","7","16","0","0","0","314","119","195","13","5","8","7","2","5","2","1","1","-2"
"139959","University of Georgia","2020","Second major","'99'","Grand total","Bachelor's degree","574","258","316","1","0","1","70","32","38","24","5","19","50","19","31","0","0","0","404","191","213","19","7","12","3","2","1","3","2","1","-2"
"139968","Gordon State College","2020","First major","'99'","Grand total","Associate's degree","322","90","232","0","0","0","3","2","1","113","32","81","10","2","8","0","0","0","184","51","133","11","3","8","0","0","0","1","0","1","-2"
"139968","Gordon State College","2020","First major","'99'","Grand total","Bachelor's degree","213","59","154","0","0","0","4","0","4","60","17","43","11","2","9","0","0","0","128","39","89","9","1","8","1","0","1","0","0","0","-2"
"139986","Southern Crescent Technical College","2020","First major","'99'","Grand total","Associate's degree","389","105","284","0","0","0","6","2","4","149","35","114","33","9","24","0","0","0","193","59","134","5","0","5","1","0","1","2","0","2","-2"
"139995","Gupton Jones College of Funeral Service","2020","First major","'99'","Grand total","Associate's degree","79","27","52","0","0","0","0","0","0","54","22","32","5","0","5","0","0","0","20","5","15","0","0","0","0","0","0","0","0","0","-2"
"140003","Gwinnett College-Lilburn","2020","First major","'99'","Grand total","Associate's degree","39","9","30","0","0","0","3","1","2","25","5","20","7","0","7","0","0","0","4","3","1","0","0","0","0","0","0","0","0","0","-2"
"140012","Gwinnett Technical College","2020","First major","'99'","Grand total","Associate's degree","750","341","409","2","0","2","68","41","27","213","88","125","113","49","64","0","0","0","284","130","154","25","11","14","39","18","21","6","4","2","-2"
"140146","Interdenominational Theological Center","2020","First major","'99'","Grand total","Master's degree","40","25","15","0","0","0","0","0","0","39","25","14","0","0","0","0","0","0","1","0","1","0","0","0","0","0","0","0","0","0","-2"
"140146","Interdenominational Theological Center","2020","First major","'99'","Grand total","Doctor's degree - other","1","0","1","0","0","0","0","0","0","1","0","1","0","0","0","0","0","0","0","0","0","0","0","0","0","0","0","0","0","0","-2"
"140234","LaGrange College","2020","First major","'99'","Grand total","Bachelor's degree","190","70","120","1","0","1","3","1","2","21","11","10","0","0","0","0","0","0","158","55","103","6","3","3","0","0","0","1","0","1","-2"
"140234","LaGrange College","2020","First major","'99'","Grand total","Master's degree","77","24","53","0","0","0","1","0","1","25","8","17","3","2","1","0","0","0","44","11","33","1","0","1","2","2","0","1","1","0","-2"
"140243","Lanier Technical College","2020","First major","'99'","Grand total","Associate's degree","326","153","173","0","0","0","6","3","3","30","9","21","48","25","23","1","1","0","236","110","126","3","3","0","0","0","0","2","2","0","-2"
"140252","Life University","2020","First major","'99'","Grand total","Associate's degree","16","0","16","0","0","0","0","0","0","8","0","8","1","0","1","0","0","0","6","0","6","0","0","0","1","0","1","0","0","0","-2"
"140252","Life University","2020","First major","'99'","Grand total","Bachelor's degree","179","83","96","2","0","2","3","1","2","23","7","16","45","26","19","0","0","0","81","37","44","0","0","0","5","2","3","20","10","10","-2"
"140252","Life University","2020","First major","'99'","Grand total","Master's degree","51","18","33","0","0","0","1","1","0","23","9","14","2","0","2","0","0","0","17","6","11","0","0","0","1","0","1","7","2","5","-2"
"140252","Life University","2020","First major","'99'","Grand total","Doctor's degree - professional practice","386","214","172","6","5","1","15","8","7","32","11","21","78","36","42","0","0","0","221","132","89","0","0","0","14","12","2","20","10","10","-2"
"140331","Chattahoochee Technical College","2020","First major","'99'","Grand total","Associate's degree","674","282","392","4","1","3","14","7","7","135","50","85","80","31","49","3","1","2","403","174","229","19","10","9","2","0","2","14","8","6","-2"
"140340","Herzing University-Atlanta","2020","First major","'99'","Grand total","Associate's degree","79","19","60","0","0","0","4","1","3","64","17","47","1","1","0","0","0","0","9","0","9","0","0","0","1","0","1","0","0","0","-2"
"140340","Herzing University-Atlanta","2020","First major","'99'","Grand total","Bachelor's degree","102","26","76","0","0","0","10","6","4","71","13","58","3","1","2","0","0","0","13","5","8","0","0","0","5","1","4","0","0","0","-2"
"140340","Herzing University-Atlanta","2020","First major","'99'","Grand total","Master's degree","34","11","23","0","0","0","7","3","4","23","7","16","0","0","0","0","0","0","2","1","1","0","0","0","2","0","2","0","0","0","-2"
"140447","Mercer University","2020","First major","'99'","Grand total","Bachelor's degree","1129","376","753","1","1","0","92","27","65","277","62","215","75","30","45","0","0","0","558","212","346","37","11","26","63","17","46","26","16","10","-2"
"140447","Mercer University","2020","First major","'99'","Grand total","Master's degree","966","303","663","1","1","0","64","21","43","328","65","263","52","16","36","0","0","0","366","140","226","14","3","11","79","34","45","62","23","39","-2"
"140447","Mercer University","2020","First major","'99'","Grand total","Doctor's degree - research/scholarship","39","12","27","0","0","0","2","0","2","14","3","11","2","1","1","0","0","0","15","4","11","0","0","0","3","1","2","3","3","0","-2"
"140447","Mercer University","2020","First major","'99'","Grand total","Doctor's degree - professional practice","434","174","260","0","0","0","84","29","55","66","16","50","19","7","12","0","0","0","244","113","131","6","3","3","11","4","7","4","2","2","-2"
"140447","Mercer University","2020","First major","'99'","Grand total","Doctor's degree - other","21","8","13","0","0","0","0","0","0","4","1","3","0","0","0","0","0","0","17","7","10","0","0","0","0","0","0","0","0","0","-2"
"140447","Mercer University","2020","Second major","'99'","Grand total","Bachelor's degree","103","40","63","0","0","0","11","5","6","19","7","12","6","0","6","0","0","0","57","22","35","4","0","4","3","3","0","3","3","0","-2"
"140553","Morehouse College","2020","First major","'99'","Grand total","Bachelor's degree","388","387","1","1","1","0","0","0","0","371","370","1","5","5","0","0","0","0","1","1","0","2","2","0","6","6","0","2","2","0","-2"
"140553","Morehouse College","2020","Second major","'99'","Grand total","Bachelor's degree","3","3","0","0","0","0","0","0","0","3","3","0","0","0","0","0","0","0","0","0","0","0","0","0","0","0","0","0","0","0","-2"
"140562","Morehouse School of Medicine","2020","First major","'99'","Grand total","Master's degree","63","16","47","0","0","0","1","0","1","61","16","45","0","0","0","0","0","0","0","0","0","1","0","1","0","0","0","0","0","0","-2"
"140562","Morehouse School of Medicine","2020","First major","'99'","Grand total","Doctor's degree - research/scholarship","7","1","6","0","0","0","0","0","0","6","1","5","0","0","0","0","0","0","0","0","0","1","0","1","0","0","0","0","0","0","-2"
"140562","Morehouse School of Medicine","2020","First major","'99'","Grand total","Doctor's degree - professional practice","91","32","59","0","0","0","11","5","6","63","15","48","3","2","1","0","0","0","11","8","3","2","2","0","1","0","1","0","0","0","-2"
"140678","North Georgia Technical College","2020","First major","'99'","Grand total","Associate's degree","237","64","173","3","0","3","1","1","0","14","3","11","12","4","8","0","0","0","199","55","144","4","0","4","4","1","3","0","0","0","-2"
"140696","Oglethorpe University","2020","First major","'99'","Grand total","Bachelor's degree","242","93","149","0","0","0","7","1","6","45","14","31","19","7","12","0","0","0","111","54","57","4","1","3","28","9","19","28","7","21","-2"
"140696","Oglethorpe University","2020","Second major","'99'","Grand total","Bachelor's degree","16","5","11","0","0","0","1","0","1","1","0","1","1","1","0","0","0","0","8","3","5","1","0","1","1","0","1","3","1","2","-2"
"140720","Paine College","2020","First major","'99'","Grand total","Bachelor's degree","28","14","14","0","0","0","0","0","0","27","14","13","1","0","1","0","0","0","0","0","0","0","0","0","0","0","0","0","0","0","-2"
"140818","Piedmont University","2020","First major","'99'","Grand total","Bachelor's degree","296","85","211","2","0","2","1","0","1","24","5","19","16","4","12","0","0","0","223","65","158","0","0","0","29","11","18","1","0","1","-2"
"140818","Piedmont University","2020","First major","'99'","Grand total","Master's degree","287","39","248","0","0","0","0","0","0","25","4","21","16","2","14","1","0","1","234","30","204","0","0","0","11","3","8","0","0","0","-2"
"140818","Piedmont University","2020","First major","'99'","Grand total","Doctor's degree - research/scholarship","10","2","8","0","0","0","0","0","0","2","0","2","0","0","0","0","0","0","8","2","6","0","0","0","0","0","0","0","0","0","-2"
"140818","Piedmont University","2020","Second major","'99'","Grand total","Bachelor's degree","6","0","6","0","0","0","0","0","0","1","0","1","0","0","0","0","0","0","4","0","4","0","0","0","1","0","1","0","0","0","-2"
"140872","Reinhardt University","2020","First major","'99'","Grand total","Associate's degree","23","18","5","0","0","0","1","1","0","2","2","0","3","2","1","0","0","0","16","12","4","1","1","0","0","0","0","0","0","0","-2"
"140872","Reinhardt University","2020","First major","'99'","Grand total","Bachelor's degree","299","144","155","2","1","1","3","1","2","41","30","11","19","9","10","0","0","0","203","86","117","9","5","4","12","5","7","10","7","3","-2"
"140872","Reinhardt University","2020","First major","'99'","Grand total","Master's degree","23","10","13","0","0","0","0","0","0","5","2","3","1","0","1","0","0","0","17","8","9","0","0","0","0","0","0","0","0","0","-2"
"140872","Reinhardt University","2020","Second major","'99'","Grand total","Bachelor's degree","2","1","1","0","0","0","0","0","0","0","0","0","1","1","0","0","0","0","1","0","1","0","0","0","0","0","0","0","0","0","-2"
"140942","Savannah Technical College","2020","First major","'99'","Grand total","Associate's degree","381","153","228","7","0","7","15","9","6","113","37","76","37","23","14","1","0","1","180","67","113","15","7","8","0","0","0","13","10","3","-2"
"140951","Savannah College of Art and Design","2020","First major","'99'","Grand total","Bachelor's degree","2345","726","1619","9","2","7","127","34","93","198","70","128","177","50","127","12","4","8","1338","409","929","0","0","0","60","18","42","424","139","285","-2"
"140951","Savannah College of Art and Design","2020","First major","'99'","Grand total","Master's degree","888","316","572","3","0","3","27","16","11","85","23","62","50","16","34","1","1","0","292","107","185","1","0","1","16","5","11","413","148","265","-2"
"140951","Savannah College of Art and Design","2020","Second major","'99'","Grand total","Bachelor's degree","14","4","10","0","0","0","1","1","0","0","0","0","2","0","2","0","0","0","6","2","4","0","0","0","0","0","0","5","1","4","-2"
"140951","Savannah College of Art and Design","2020","Second major","'99'","Grand total","Master's degree","23","9","14","0","0","0","0","0","0","1","1","0","0","0","0","0","0","0","2","2","0","0","0","0","0","0","0","20","6","14","-2"
"140960","Savannah State University","2020","First major","'99'","Grand total","Associate's degree","67","15","52","0","0","0","0","0","0","58","12","46","3","2","1","0","0","0","1","1","0","3","0","3","1","0","1","1","0","1","-2"
"140960","Savannah State University","2020","First major","'99'","Grand total","Bachelor's degree","552","184","368","1","0","1","1","0","1","457","149","308","36","13","23","0","0","0","21","10","11","16","7","9","2","0","2","18","5","13","-2"
"140960","Savannah State University","2020","First major","'99'","Grand total","Master's degree","64","14","50","1","0","1","0","0","0","43","8","35","2","1","1","0","0","0","7","2","5","5","2","3","0","0","0","6","1","5","-2"
"140960","Savannah State University","2020","Second major","'99'","Grand total","Associate's degree","1","0","1","0","0","0","0","0","0","1","0","1","0","0","0","0","0","0","0","0","0","0","0","0","0","0","0","0","0","0","-2"
"140988","Shorter University","2020","First major","'99'","Grand total","Associate's degree","20","2","18","0","0","0","1","0","1","7","0","7","0","0","0","0","0","0","9","2","7","2","0","2","1","0","1","0","0","0","-2"
"140988","Shorter University","2020","First major","'99'","Grand total","Bachelor's degree","263","96","167","0","0","0","3","2","1","59","16","43","10","7","3","0","0","0","177","60","117","4","4","0","0","0","0","10","7","3","-2"
"140988","Shorter University","2020","First major","'99'","Grand total","Master's degree","69","27","42","0","0","0","0","0","0","17","4","13","8","1","7","0","0","0","37","18","19","0","0","0","1","0","1","6","4","2","-2"
"140988","Shorter University","2020","Second major","'99'","Grand total","Bachelor's degree","3","1","2","0","0","0","0","0","0","0","0","0","0","0","0","0","0","0","3","1","2","0","0","0","0","0","0","0","0","0","-2"
"141006","South Georgia Technical College","2020","First major","'99'","Grand total","Associate's degree","211","106","105","0","0","0","0","0","0","113","37","76","3","1","2","0","0","0","92","68","24","0","0","0","0","0","0","3","0","3","-2"
"141060","Spelman College","2020","First major","'99'","Grand total","Bachelor's degree","469","0","469","10","0","10","0","0","0","448","0","448","1","0","1","0","0","0","1","0","1","1","0","1","0","0","0","8","0","8","-2"
"141167","Thomas University","2020","First major","'99'","Grand total","Associate's degree","32","22","10","0","0","0","0","0","0","0","0","0","0","0","0","0","0","0","4","1","3","0","0","0","28","21","7","0","0","0","-2"
"141167","Thomas University","2020","First major","'99'","Grand total","Bachelor's degree","172","60","112","0","0","0","1","0","1","26","12","14","5","0","5","0","0","0","55","22","33","0","0","0","83","26","57","2","0","2","-2"
"141167","Thomas University","2020","First major","'99'","Grand total","Master's degree","196","56","140","0","0","0","3","1","2","23","5","18","6","2","4","0","0","0","33","9","24","0","0","0","131","39","92","0","0","0","-2"
"141185","Toccoa Falls College","2020","First major","'99'","Grand total","Associate's degree","29","12","17","0","0","0","0","0","0","1","1","0","1","0","1","0","0","0","26","10","16","0","0","0","1","1","0","0","0","0","-2"
"141185","Toccoa Falls College","2020","First major","'99'","Grand total","Bachelor's degree","146","68","78","0","0","0","15","5","10","9","7","2","4","2","2","1","0","1","113","52","61","3","2","1","0","0","0","1","0","1","-2"
"141185","Toccoa Falls College","2020","First major","'99'","Grand total","Master's degree","0","0","0","0","0","0","0","0","0","0","0","0","0","0","0","0","0","0","0","0","0","0","0","0","0","0","0","0","0","0","-2"
"141185","Toccoa Falls College","2020","Second major","'99'","Grand total","Bachelor's degree","7","6","1","0","0","0","1","1","0","0","0","0","0","0","0","0","0","0","6","5","1","0","0","0","0","0","0","0","0","0","-2"
"141237","Truett McConnell University","2020","First major","'99'","Grand total","Bachelor's degree","138","48","90","1","0","1","1","0","1","4","2","2","3","2","1","0","0","0","121","41","80","0","0","0","4","1","3","4","2","2","-2"
"141237","Truett McConnell University","2020","First major","'99'","Grand total","Master's degree","29","14","15","0","0","0","0","0","0","2","1","1","0","0","0","0","0","0","24","10","14","0","0","0","2","2","0","1","1","0","-2"
"141255","Wiregrass Georgia Technical College","2020","First major","'99'","Grand total","Associate's degree","211","91","120","1","0","1","1","1","0","56","18","38","18","7","11","0","0","0","129","63","66","4","1","3","0","0","0","2","1","1","-2"
"141264","Valdosta State University","2020","First major","'99'","Grand total","Associate's degree","28","5","23","0","0","0","0","0","0","8","2","6","3","0","3","0","0","0","16","3","13","1","0","1","0","0","0","0","0","0","-2"
"141264","Valdosta State University","2020","First major","'99'","Grand total","Bachelor's degree","1538","554","984","4","2","2","16","9","7","524","163","361","83","33","50","1","1","0","826","302","524","53","22","31","3","2","1","28","20","8","-2"
"141264","Valdosta State University","2020","First major","'99'","Grand total","Master's degree","723","175","548","1","0","1","11","4","7","129","27","102","29","12","17","0","0","0","507","117","390","21","5","16","0","0","0","25","10","15","-2"
"141264","Valdosta State University","2020","First major","'99'","Grand total","Doctor's degree - research/scholarship","29","12","17","0","0","0","0","0","0","6","2","4","1","1","0","0","0","0","22","9","13","0","0","0","0","0","0","0","0","0","-2"
"141264","Valdosta State University","2020","First major","'99'","Grand total","Doctor's degree - professional practice","12","4","8","0","0","0","0","0","0","2","1","1","1","0","1","0","0","0","9","3","6","0","0","0","0","0","0","0","0","0","-2"
"141264","Valdosta State University","2020","Second major","'99'","Grand total","Bachelor's degree","23","11","12","0","0","0","1","0","1","6","2","4","0","0","0","0","0","0","13","7","6","1","1","0","0","0","0","2","1","1","-2"
"141325","Wesleyan College","2020","First major","'99'","Grand total","Bachelor's degree","147","0","147","0","0","0","0","0","0","29","0","29","7","0","7","0","0","0","57","0","57","4","0","4","2","0","2","48","0","48","-2"
"141325","Wesleyan College","2020","First major","'99'","Grand total","Master's degree","30","6","24","0","0","0","0","0","0","20","5","15","0","0","0","0","0","0","10","1","9","0","0","0","0","0","0","0","0","0","-2"
"141325","Wesleyan College","2020","Second major","'99'","Grand total","Bachelor's degree","10","0","10","0","0","0","0","0","0","1","0","1","0","0","0","0","0","0","5","0","5","1","0","1","0","0","0","3","0","3","-2"
"141334","University of West Georgia","2020","First major","'99'","Grand total","Bachelor's degree","1891","630","1261","2","0","2","21","5","16","726","224","502","106","27","79","4","2","2","920","335","585","57","15","42","27","10","17","28","12","16","-2"
"141334","University of West Georgia","2020","First major","'99'","Grand total","Master's degree","697","156","541","1","0","1","7","2","5","160","29","131","25","7","18","0","0","0","458","106","352","19","4","15","16","3","13","11","5","6","-2"
"141334","University of West Georgia","2020","First major","'99'","Grand total","Doctor's degree - research/scholarship","32","8","24","0","0","0","0","0","0","7","2","5","1","0","1","0","0","0","20","5","15","1","0","1","1","0","1","2","1","1","-2"
"141334","University of West Georgia","2020","Second major","'99'","Grand total","Bachelor's degree","77","33","44","0","0","0","1","0","1","33","14","19","7","3","4","0","0","0","32","14","18","2","1","1","1","1","0","1","0","1","-2"
"141361","Young Harris College","2020","First major","'99'","Grand total","Bachelor's degree","159","67","92","0","0","0","2","1","1","13","7","6","4","0","4","0","0","0","117","47","70","3","1","2","6","3","3","14","8","6","-2"
"141361","Young Harris College","2020","First major","'99'","Grand total","Master's degree","12","4","8","0","0","0","0","0","0","1","1","0","1","0","1","0","0","0","10","3","7","0","0","0","0","0","0","0","0","0","-2"
"141361","Young Harris College","2020","Second major","'99'","Grand total","Bachelor's degree","9","5","4","0","0","0","0","0","0","1","1","0","1","0","1","0","0","0","6","4","2","0","0","0","1","0","1","0","0","0","-2"
"141486","Chaminade University of Honolulu","2020","First major","'99'","Grand total","Associate's degree","42","17","25","0","0","0","4","1","3","8","2","6","3","0","3","1","1","0","4","4","0","0","0","0","21","9","12","1","0","1","-2"
"141486","Chaminade University of Honolulu","2020","First major","'99'","Grand total","Bachelor's degree","336","90","246","2","0","2","118","30","88","14","7","7","21","5","16","71","18","53","55","19","36","32","5","27","18","4","14","5","2","3","-2"
"141486","Chaminade University of Honolulu","2020","First major","'99'","Grand total","Master's degree","171","51","120","3","2","1","59","19","40","7","2","5","8","4","4","32","5","27","31","9","22","3","0","3","24","10","14","4","0","4","-2"
"141486","Chaminade University of Honolulu","2020","First major","'99'","Grand total","Doctor's degree - professional practice","9","1","8","0","0","0","1","0","1","0","0","0","0","0","0","0","0","0","3","1","2","4","0","4","1","0","1","0","0","0","-2"
"141486","Chaminade University of Honolulu","2020","Second major","'99'","Grand total","Bachelor's degree","4","2","2","0","0","0","1","1","0","0","0","0","1","0","1","1","1","0","1","0","1","0","0","0","0","0","0","0","0","0","-2"
"141486","Chaminade University of Honolulu","2020","Second major","'99'","Grand total","Master's degree","1","0","1","0","0","0","0","0","0","0","0","0","0","0","0","0","0","0","1","0","1","0","0","0","0","0","0","0","0","0","-2"
"141565","University of Hawaii at Hilo","2020","First major","'99'","Grand total","Bachelor's degree","637","223","414","1","0","1","133","47","86","9","6","3","83","19","64","54","25","29","124","47","77","212","70","142","2","0","2","19","9","10","-2"
"141565","University of Hawaii at Hilo","2020","First major","'99'","Grand total","Master's degree","79","25","54","1","0","1","10","6","4","0","0","0","10","4","6","7","2","5","23","5","18","27","8","19","0","0","0","1","0","1","-2"
"141565","University of Hawaii at Hilo","2020","First major","'99'","Grand total","Doctor's degree - research/scholarship","2","2","0","0","0","0","0","0","0","0","0","0","0","0","0","0","0","0","0","0","0","1","1","0","0","0","0","1","1","0","-2"
"141565","University of Hawaii at Hilo","2020","First major","'99'","Grand total","Doctor's degree - professional practice","83","39","44","0","0","0","50","25","25","1","1","0","5","2","3","0","0","0","17","8","9","10","3","7","0","0","0","0","0","0","-2"
"141574","University of Hawaii at Manoa","2020","First major","'99'","Grand total","Bachelor's degree","3109","1249","1860","4","0","4","1244","534","710","43","24","19","352","116","236","83","28","55","512","176","336","737","312","425","3","2","1","131","57","74","-2"
"141574","University of Hawaii at Manoa","2020","First major","'99'","Grand total","Master's degree","952","346","606","2","2","0","225","71","154","14","6","8","74","27","47","75","21","54","215","86","129","230","79","151","7","3","4","110","51","59","-2"
"141574","University of Hawaii at Manoa","2020","First major","'99'","Grand total","Doctor's degree - research/scholarship","198","84","114","1","0","1","35","12","23","0","0","0","10","4","6","11","4","7","61","25","36","21","5","16","2","0","2","57","34","23","-2"
"141574","University of Hawaii at Manoa","2020","First major","'99'","Grand total","Doctor's degree - professional practice","206","109","97","0","0","0","87","46","41","3","3","0","13","9","4","7","5","2","38","19","19","50","23","27","1","1","0","7","3","4","-2"
"141644","Hawaii Pacific University","2020","First major","'99'","Grand total","Associate's degree","66","34","32","0","0","0","11","6","5","18","7","11","12","6","6","2","1","1","15","9","6","7","4","3","1","1","0","0","0","0","-2"
"141644","Hawaii Pacific University","2020","First major","'99'","Grand total","Bachelor's degree","565","215","350","3","0","3","123","41","82","23","11","12","84","22","62","14","5","9","191","81","110","62","23","39","21","11","10","44","21","23","-2"
"141644","Hawaii Pacific University","2020","First major","'99'","Grand total","Master's degree","212","78","134","1","0","1","33","16","17","10","2","8","24","12","12","3","2","1","76","24","52","31","14","17","8","2","6","26","6","20","-2"
"141644","Hawaii Pacific University","2020","First major","'99'","Grand total","Doctor's degree - professional practice","3","1","2","0","0","0","2","1","1","0","0","0","0","0","0","0","0","0","1","0","1","0","0","0","0","0","0","0","0","0","-2"
"141644","Hawaii Pacific University","2020","Second major","'99'","Grand total","Bachelor's degree","3","0","3","0","0","0","0","0","0","1","0","1","0","0","0","0","0","0","1","0","1","0","0","0","1","0","1","0","0","0","-2"
"141680","Honolulu Community College","2020","First major","'99'","Grand total","Associate's degree","707","498","209","1","0","1","354","270","84","7","5","2","46","30","16","48","31","17","34","19","15","196","130","66","18","11","7","3","2","1","-2"
"141796","Kapiolani Community College","2020","First major","'99'","Grand total","Associate's degree","915","375","540","0","0","0","385","161","224","6","3","3","92","36","56","9","5","4","71","35","36","216","89","127","2","2","0","134","44","90","-2"
"141802","Kauai Community College","2020","First major","'99'","Grand total","Associate's degree","125","41","84","0","0","0","39","14","25","0","0","0","17","4","13","4","2","2","27","7","20","37","14","23","0","0","0","1","0","1","-2"
"141811","Leeward Community College","2020","First major","'99'","Grand total","Associate's degree","857","332","525","1","0","1","311","133","178","18","7","11","110","34","76","26","4","22","84","43","41","286","104","182","1","1","0","20","6","14","-2"
"141839","University of Hawaii Maui College","2020","First major","'99'","Grand total","Associate's degree","416","140","276","1","0","1","131","45","86","2","2","0","59","20","39","22","6","16","72","30","42","121","35","86","1","0","1","7","2","5","-2"
"141839","University of Hawaii Maui College","2020","First major","'99'","Grand total","Bachelor's degree","18","10","8","0","0","0","4","2","2","0","0","0","2","0","2","0","0","0","5","4","1","7","4","3","0","0","0","0","0","0","-2"
"141981","University of Hawaii-West Oahu","2020","First major","'99'","Grand total","Bachelor's degree","709","239","470","1","0","1","290","99","191","11","9","2","84","23","61","29","9","20","59","23","36","231","73","158","1","1","0","3","2","1","-2"
"141990","Windward Community College","2020","First major","'99'","Grand total","Associate's degree","247","99","148","0","0","0","43","15","28","3","1","2","44","16","28","12","4","8","36","15","21","108","47","61","1","1","0","0","0","0","-2"
"142054","Carrington College-Boise","2020","First major","'99'","Grand total","Associate's degree","136","13","123","3","0","3","19","1","18","5","0","5","18","1","17","1","1","0","87","9","78","1","0","1","1","0","1","1","1","0","-2"
"142090","Boise Bible College","2020","First major","'99'","Grand total","Associate's degree","9","4","5","0","0","0","1","1","0","0","0","0","0","0","0","0","0","0","8","3","5","0","0","0","0","0","0","0","0","0","-2"
"142090","Boise Bible College","2020","First major","'99'","Grand total","Bachelor's degree","12","6","6","0","0","0","1","1","0","0","0","0","0","0","0","0","0","0","11","5","6","0","0","0","0","0","0","0","0","0","-2"
"142115","Boise State University","2020","First major","'99'","Grand total","Associate's degree","111","38","73","0","0","0","3","1","2","2","1","1","18","5","13","0","0","0","79","28","51","3","0","3","6","3","3","0","0","0","-2"
"142115","Boise State University","2020","First major","'99'","Grand total","Bachelor's degree","3552","1446","2106","13","5","8","90","33","57","67","34","33","460","167","293","15","7","8","2644","1078","1566","161","64","97","42","17","25","60","41","19","-2"
"142115","Boise State University","2020","First major","'99'","Grand total","Master's degree","954","345","609","4","2","2","20","10","10","36","13","23","51","14","37","1","1","0","717","252","465","17","3","14","66","24","42","42","26","16","-2"
"142115","Boise State University","2020","First major","'99'","Grand total","Doctor's degree - research/scholarship","46","32","14","0","0","0","0","0","0","1","1","0","6","4","2","0","0","0","28","19","9","1","1","0","0","0","0","10","7","3","-2"
"142115","Boise State University","2020","First major","'99'","Grand total","Doctor's degree - professional practice","7","0","7","0","0","0","0","0","0","1","0","1","0","0","0","0","0","0","5","0","5","0","0","0","1","0","1","0","0","0","-2"
"142115","Boise State University","2020","Second major","'99'","Grand total","Associate's degree","13","4","9","0","0","0","0","0","0","0","0","0","1","0","1","0","0","0","10","4","6","1","0","1","1","0","1","0","0","0","-2"
"142115","Boise State University","2020","Second major","'99'","Grand total","Bachelor's degree","572","208","364","2","0","2","18","7","11","7","5","2","80","25","55","2","0","2","409","151","258","37","10","27","6","2","4","11","8","3","-2"
"142115","Boise State University","2020","Second major","'99'","Grand total","Master's degree","72","18","54","0","0","0","1","0","1","2","1","1","5","2","3","0","0","0","59","13","46","0","0","0","2","1","1","3","1","2","-2"
"142179","College of Eastern Idaho","2020","First major","'99'","Grand total","Associate's degree","166","56","110","4","2","2","2","0","2","2","0","2","18","4","14","0","0","0","135","49","86","2","0","2","3","1","2","0","0","0","-2"
"142276","Idaho State University","2020","First major","'99'","Grand total","Associate's degree","420","209","211","9","4","5","10","1","9","3","3","0","45","22","23","2","0","2","325","170","155","12","3","9","11","5","6","3","1","2","-2"
"142276","Idaho State University","2020","First major","'99'","Grand total","Bachelor's degree","1155","496","659","12","4","8","17","10","7","15","9","6","118","48","70","3","3","0","834","324","510","29","8","21","24","12","12","103","78","25","-2"
"142276","Idaho State University","2020","First major","'99'","Grand total","Master's degree","464","189","275","3","1","2","8","2","6","3","2","1","32","11","21","2","1","1","371","147","224","12","6","6","15","11","4","18","8","10","-2"
"142276","Idaho State University","2020","First major","'99'","Grand total","Doctor's degree - research/scholarship","34","13","21","0","0","0","0","0","0","0","0","0","1","1","0","0","0","0","27","9","18","0","0","0","3","2","1","3","1","2","-2"
"142276","Idaho State University","2020","First major","'99'","Grand total","Doctor's degree - professional practice","129","50","79","1","0","1","10","2","8","3","2","1","8","3","5","1","1","0","98","41","57","2","0","2","4","0","4","2","1","1","-2"
"142276","Idaho State University","2020","Second major","'99'","Grand total","Associate's degree","12","12","0","0","0","0","0","0","0","0","0","0","2","2","0","0","0","0","9","9","0","0","0","0","1","1","0","0","0","0","-2"
"142276","Idaho State University","2020","Second major","'99'","Grand total","Bachelor's degree","59","39","20","0","0","0","0","0","0","2","2","0","8","4","4","0","0","0","35","23","12","0","0","0","1","1","0","13","9","4","-2"
"142285","University of Idaho","2020","First major","'99'","Grand total","Bachelor's degree","1761","879","882","7","3","4","29","14","15","18","12","6","184","79","105","2","2","0","1301","636","665","70","28","42","26","14","12","124","91","33","-2"
"142285","University of Idaho","2020","First major","'99'","Grand total","Master's degree","550","296","254","10","5","5","10","4","6","4","3","1","40","20","20","1","0","1","384","193","191","8","6","2","21","14","7","72","51","21","-2"
"142285","University of Idaho","2020","First major","'99'","Grand total","Doctor's degree - research/scholarship","53","34","19","0","0","0","0","0","0","2","1","1","2","2","0","0","0","0","27","17","10","0","0","0","0","0","0","22","14","8","-2"
"142285","University of Idaho","2020","First major","'99'","Grand total","Doctor's degree - professional practice","110","55","55","0","0","0","1","0","1","1","1","0","7","4","3","1","1","0","92","45","47","3","2","1","1","0","1","4","2","2","-2"
"142285","University of Idaho","2020","Second major","'99'","Grand total","Bachelor's degree","120","47","73","0","0","0","2","2","0","0","0","0","28","8","20","0","0","0","76","33","43","5","1","4","3","1","2","6","2","4","-2"
"142285","University of Idaho","2020","Second major","'99'","Grand total","Doctor's degree - professional practice","2","1","1","0","0","0","0","0","0","0","0","0","1","1","0","0","0","0","1","0","1","0","0","0","0","0","0","0","0","0","-2"
"142294","The College of Idaho","2020","First major","'99'","Grand total","Bachelor's degree","189","87","102","2","0","2","2","0","2","4","3","1","23","10","13","3","2","1","115","52","63","10","6","4","11","4","7","19","10","9","-2"
"142294","The College of Idaho","2020","First major","'99'","Grand total","Master's degree","6","0","6","0","0","0","0","0","0","0","0","0","0","0","0","0","0","0","2","0","2","0","0","0","4","0","4","0","0","0","-2"
"142294","The College of Idaho","2020","Second major","'99'","Grand total","Bachelor's degree","22","11","11","0","0","0","0","0","0","1","1","0","1","1","0","1","1","0","16","7","9","0","0","0","2","0","2","1","1","0","-2"
"142328","Lewis-Clark State College","2020","First major","'99'","Grand total","Associate's degree","365","128","237","7","4","3","6","1","5","1","0","1","20","8","12","1","1","0","309","105","204","11","5","6","7","1","6","3","3","0","-2"
"142328","Lewis-Clark State College","2020","First major","'99'","Grand total","Bachelor's degree","505","153","352","17","5","12","1","1","0","2","2","0","33","8","25","1","0","1","405","116","289","16","4","12","16","5","11","14","12","2","-2"
"142443","North Idaho College","2020","First major","'99'","Grand total","Associate's degree","652","228","424","2","0","2","5","2","3","8","5","3","41","13","28","2","1","1","529","175","354","26","13","13","37","17","20","2","2","0","-2"
"142461","Northwest Nazarene University","2020","First major","'99'","Grand total","Associate's degree","4","0","4","0","0","0","0","0","0","0","0","0","1","0","1","0","0","0","3","0","3","0","0","0","0","0","0","0","0","0","-2"
"142461","Northwest Nazarene University","2020","First major","'99'","Grand total","Bachelor's degree","288","109","179","0","0","0","5","2","3","2","0","2","23","8","15","1","1","0","233","89","144","5","1","4","10","6","4","9","2","7","-2"
"142461","Northwest Nazarene University","2020","First major","'99'","Grand total","Master's degree","195","54","141","1","0","1","1","0","1","4","2","2","11","0","11","0","0","0","170","49","121","6","2","4","2","1","1","0","0","0","-2"
"142461","Northwest Nazarene University","2020","First major","'99'","Grand total","Doctor's degree - research/scholarship","17","10","7","0","0","0","0","0","0","1","0","1","0","0","0","0","0","0","12","7","5","4","3","1","0","0","0","0","0","0","-2"
"142461","Northwest Nazarene University","2020","Second major","'99'","Grand total","Bachelor's degree","34","18","16","0","0","0","0","0","0","0","0","0","1","1","0","0","0","0","31","16","15","1","0","1","1","1","0","0","0","0","-2"
"142522","Brigham Young University-Idaho","2020","First major","'99'","Grand total","Associate's degree","1735","500","1235","5","2","3","19","9","10","1","1","0","44","9","35","7","1","6","1326","367","959","113","27","86","83","21","62","137","63","74","-2"
"142522","Brigham Young University-Idaho","2020","First major","'99'","Grand total","Bachelor's degree","5949","2509","3440","18","9","9","56","25","31","27","11","16","178","82","96","17","10","7","4622","1942","2680","394","138","256","247","105","142","390","187","203","-2"
"142559","College of Southern Idaho","2020","First major","'99'","Grand total","Associate's degree","947","291","656","7","4","3","26","8","18","5","2","3","238","69","169","2","0","2","626","197","429","17","4","13","13","4","9","13","3","10","-2"
"142559","College of Southern Idaho","2020","First major","'99'","Grand total","Bachelor's degree","0","0","0","0","0","0","0","0","0","0","0","0","0","0","0","0","0","0","0","0","0","0","0","0","0","0","0","0","0","0","-2"
"142832","Adler University","2020","First major","'99'","Grand total","Master's degree","385","57","328","0","0","0","29","7","22","30","8","22","52","10","42","3","2","1","180","21","159","15","2","13","73","7","66","3","0","3","-2"
"142832","Adler University","2020","First major","'99'","Grand total","Doctor's degree - professional practice","93","15","78","0","0","0","4","1","3","5","0","5","12","3","9","0","0","0","55","10","45","2","0","2","7","1","6","8","0","8","-2"
"142887","American Academy of Art","2020","First major","'99'","Grand total","Bachelor's degree","43","13","30","0","0","0","4","2","2","2","2","0","16","4","12","0","0","0","18","4","14","3","1","2","0","0","0","0","0","0","-2"
"142957","American Islamic College","2020","First major","'99'","Grand total","Bachelor's degree","0","0","0","0","0","0","0","0","0","0","0","0","0","0","0","0","0","0","0","0","0","0","0","0","0","0","0","0","0","0","-2"
"142957","American Islamic College","2020","First major","'99'","Grand total","Master's degree","0","0","0","0","0","0","0","0","0","0","0","0","0","0","0","0","0","0","0","0","0","0","0","0","0","0","0","0","0","0","-2"
"143048","School of the Art Institute of Chicago","2020","First major","'99'","Grand total","Bachelor's degree","649","154","495","1","1","0","62","16","46","16","3","13","77","18","59","0","0","0","211","50","161","21","3","18","37","9","28","224","54","170","-2"
"143048","School of the Art Institute of Chicago","2020","First major","'99'","Grand total","Master's degree","278","92","186","5","4","1","19","6","13","15","6","9","27","10","17","0","0","0","109","33","76","3","0","3","6","1","5","94","32","62","-2"
"143084","Augustana College","2020","First major","'99'","Grand total","Bachelor's degree","594","239","355","0","0","0","17","1","16","19","9","10","56","14","42","1","0","1","441","186","255","16","6","10","11","4","7","33","19","14","-2"
"143084","Augustana College","2020","First major","'99'","Grand total","Master's degree","0","0","0","0","0","0","0","0","0","0","0","0","0","0","0","0","0","0","0","0","0","0","0","0","0","0","0","0","0","0","-2"
"143084","Augustana College","2020","Second major","'99'","Grand total","Bachelor's degree","300","132","168","0","0","0","6","0","6","6","3","3","29","5","24","0","0","0","224","106","118","9","4","5","5","1","4","21","13","8","-2"
"143118","Aurora University","2020","First major","'99'","Grand total","Bachelor's degree","985","325","660","0","0","0","28","9","19","64","22","42","264","78","186","0","0","0","545","182","363","27","12","15","55","20","35","2","2","0","-2"
"143118","Aurora University","2020","First major","'99'","Grand total","Master's degree","810","169","641","0","0","0","21","10","11","88","19","69","131","20","111","0","0","0","530","116","414","10","0","10","29","4","25","1","0","1","-2"
"143118","Aurora University","2020","First major","'99'","Grand total","Doctor's degree - research/scholarship","40","13","27","0","0","0","0","0","0","3","0","3","3","2","1","0","0","0","30","10","20","0","0","0","4","1","3","0","0","0","-2"
"143118","Aurora University","2020","Second major","'99'","Grand total","Bachelor's degree","86","39","47","0","0","0","1","0","1","6","4","2","30","9","21","0","0","0","43","23","20","0","0","0","6","3","3","0","0","0","-2"
"143215","Southwestern Illinois College","2020","First major","'99'","Grand total","Associate's degree","1046","397","649","1","0","1","10","7","3","128","38","90","47","22","25","3","1","2","753","288","465","52","23","29","48","16","32","4","2","2","-2"
"143233","Bethany Theological Seminary","2020","First major","'99'","Grand total","Master's degree","9","6","3","0","0","0","0","0","0","0","0","0","1","1","0","0","0","0","7","4","3","0","0","0","0","0","0","1","1","0","-2"
"143279","Black Hawk College","2020","First major","'99'","Grand total","Associate's degree","472","163","309","1","0","1","6","1","5","22","9","13","62","18","44","0","0","0","360","131","229","16","4","12","3","0","3","2","0","2","-2"
"143288","Blackburn College","2020","First major","'99'","Grand total","Bachelor's degree","86","35","51","0","0","0","1","1","0","8","6","2","2","1","1","0","0","0","69","26","43","2","0","2","1","0","1","3","1","2","-2"
"143288","Blackburn College","2020","Second major","'99'","Grand total","Bachelor's degree","9","4","5","0","0","0","0","0","0","1","1","0","1","0","1","0","0","0","4","2","2","1","0","1","0","0","0","2","1","1","-2"
"143297","Blessing Rieman College of Nursing and Health Sciences","2020","First major","'99'","Grand total","Associate's degree","7","0","7","0","0","0","0","0","0","0","0","0","0","0","0","0","0","0","6","0","6","1","0","1","0","0","0","0","0","0","-2"
"143297","Blessing Rieman College of Nursing and Health Sciences","2020","First major","'99'","Grand total","Bachelor's degree","91","4","87","1","0","1","2","0","2","3","0","3","2","0","2","0","0","0","82","4","78","1","0","1","0","0","0","0","0","0","-2"
"143297","Blessing Rieman College of Nursing and Health Sciences","2020","First major","'99'","Grand total","Master's degree","8","0","8","0","0","0","0","0","0","0","0","0","0","0","0","0","0","0","8","0","8","0","0","0","0","0","0","0","0","0","-2"
"143358","Bradley University","2020","First major","'99'","Grand total","Bachelor's degree","1035","492","543","0","0","0","36","13","23","52","15","37","92","37","55","0","0","0","773","379","394","49","25","24","10","6","4","23","17","6","-2"
"143358","Bradley University","2020","First major","'99'","Grand total","Master's degree","284","95","189","2","0","2","7","3","4","17","2","15","13","3","10","0","0","0","186","48","138","7","4","3","5","1","4","47","34","13","-2"
"143358","Bradley University","2020","First major","'99'","Grand total","Doctor's degree - professional practice","77","18","59","0","0","0","3","1","2","8","1","7","3","1","2","0","0","0","55","14","41","3","0","3","4","0","4","1","1","0","-2"
"143358","Bradley University","2020","Second major","'99'","Grand total","Bachelor's degree","102","36","66","0","0","0","2","0","2","4","0","4","10","1","9","0","0","0","77","33","44","9","2","7","0","0","0","0","0","0","-2"
"143358","Bradley University","2020","Second major","'99'","Grand total","Master's degree","6","1","5","0","0","0","0","0","0","0","0","0","0","0","0","0","0","0","0","0","0","0","0","0","0","0","0","6","1","5","-2"
"143613","Carl Sandburg College","2020","First major","'99'","Grand total","Associate's degree","304","100","204","0","0","0","2","0","2","29","12","17","18","3","15","0","0","0","234","72","162","12","8","4","9","5","4","0","0","0","-2"
"143659","Catholic Theological Union at Chicago","2020","First major","'99'","Grand total","Master's degree","58","35","23","0","0","0","2","1","1","3","0","3","8","7","1","0","0","0","17","10","7","0","0","0","4","2","2","24","15","9","-2"
"143659","Catholic Theological Union at Chicago","2020","First major","'99'","Grand total","Doctor's degree - other","8","4","4","0","0","0","0","0","0","0","0","0","0","0","0","0","0","0","2","0","2","0","0","0","4","3","1","2","1","1","-2"
"143853","Midwestern University-Downers Grove","2020","First major","'99'","Grand total","Master's degree","217","50","167","0","0","0","33","14","19","7","1","6","19","9","10","0","0","0","145","23","122","6","1","5","6","2","4","1","0","1","-2"
"143853","Midwestern University-Downers Grove","2020","First major","'99'","Grand total","Doctor's degree - professional practice","624","270","354","0","0","0","147","70","77","20","7","13","25","7","18","0","0","0","382","167","215","33","16","17","11","1","10","6","2","4","-2"
"143853","Midwestern University-Downers Grove","2020","First major","'99'","Grand total","Doctor's degree - other","0","0","0","0","0","0","0","0","0","0","0","0","0","0","0","0","0","0","0","0","0","0","0","0","0","0","0","0","0","0","-2"
"143978","The Chicago School of Professional Psychology at Chicago","2020","First major","'99'","Grand total","Bachelor's degree","0","0","0","0","0","0","0","0","0","0","0","0","0","0","0","0","0","0","0","0","0","0","0","0","0","0","0","0","0","0","-2"
"143978","The Chicago School of Professional Psychology at Chicago","2020","First major","'99'","Grand total","Master's degree","164","28","136","0","0","0","10","3","7","17","4","13","20","8","12","0","0","0","88","12","76","9","0","9","4","1","3","16","0","16","-2"
"143978","The Chicago School of Professional Psychology at Chicago","2020","First major","'99'","Grand total","Doctor's degree - research/scholarship","22","11","11","0","0","0","3","1","2","4","2","2","0","0","0","0","0","0","13","7","6","0","0","0","2","1","1","0","0","0","-2"
"143978","The Chicago School of Professional Psychology at Chicago","2020","First major","'99'","Grand total","Doctor's degree - professional practice","95","24","71","1","0","1","8","3","5","9","2","7","9","1","8","1","0","1","60","15","45","2","0","2","2","1","1","3","2","1","-2"
"144005","Chicago State University","2020","First major","'99'","Grand total","Bachelor's degree","386","110","276","1","0","1","2","1","1","260","61","199","48","16","32","0","0","0","17","11","6","0","0","0","42","16","26","16","5","11","-2"
"144005","Chicago State University","2020","First major","'99'","Grand total","Master's degree","152","42","110","1","0","1","19","15","4","87","15","72","20","5","15","0","0","0","17","3","14","0","0","0","6","2","4","2","2","0","-2"
"144005","Chicago State University","2020","First major","'99'","Grand total","Doctor's degree - research/scholarship","9","2","7","0","0","0","0","0","0","6","1","5","2","0","2","0","0","0","1","1","0","0","0","0","0","0","0","0","0","0","-2"
"144005","Chicago State University","2020","First major","'99'","Grand total","Doctor's degree - professional practice","59","29","30","0","0","0","14","8","6","24","11","13","4","1","3","0","0","0","12","5","7","0","0","0","5","4","1","0","0","0","-2"
"144014","Chicago Theological Seminary","2020","First major","'99'","Grand total","Master's degree","15","8","7","0","0","0","0","0","0","4","4","0","1","0","1","0","0","0","10","4","6","0","0","0","0","0","0","0","0","0","-2"
"144014","Chicago Theological Seminary","2020","First major","'99'","Grand total","Doctor's degree - research/scholarship","2","1","1","0","0","0","1","1","0","0","0","0","0","0","0","0","0","0","1","0","1","0","0","0","0","0","0","0","0","0","-2"
"144014","Chicago Theological Seminary","2020","First major","'99'","Grand total","Doctor's degree - other","2","0","2","0","0","0","0","0","0","0","0","0","0","0","0","0","0","0","2","0","2","0","0","0","0","0","0","0","0","0","-2"
"144050","University of Chicago","2020","First major","'99'","Grand total","Bachelor's degree","1527","751","776","1","0","1","290","126","164","85","31","54","191","94","97","0","0","0","647","338","309","82","32","50","30","17","13","201","113","88","-2"
"144050","University of Chicago","2020","First major","'99'","Grand total","Master's degree","3308","1840","1468","3","2","1","378","190","188","107","60","47","178","92","86","1","1","0","1209","677","532","77","34","43","75","57","18","1280","727","553","-2"
"144050","University of Chicago","2020","First major","'99'","Grand total","Doctor's degree - research/scholarship","371","245","126","0","0","0","24","14","10","7","3","4","18","14","4","0","0","0","148","98","50","13","8","5","15","10","5","146","98","48","-2"
"144050","University of Chicago","2020","First major","'99'","Grand total","Doctor's degree - professional practice","288","139","149","0","0","0","35","15","20","14","4","10","42","24","18","0","0","0","168","80","88","17","9","8","7","4","3","5","3","2","-2"
"144050","University of Chicago","2020","Second major","'99'","Grand total","Bachelor's degree","486","253","233","1","0","1","110","53","57","17","7","10","48","28","20","0","0","0","198","98","100","24","15","9","3","1","2","85","51","34","-2"
"144050","University of Chicago","2020","Second major","'99'","Grand total","Master's degree","13","2","11","0","0","0","2","0","2","1","0","1","2","0","2","0","0","0","7","2","5","1","0","1","0","0","0","0","0","0","-2"
"144050","University of Chicago","2020","Second major","'99'","Grand total","Doctor's degree - research/scholarship","7","4","3","0","0","0","0","0","0","0","0","0","0","0","0","0","0","0","3","1","2","0","0","0","1","1","0","3","2","1","-2"
"144157","City Colleges of Chicago-Kennedy-King College","2020","First major","'99'","Grand total","Associate's degree","211","64","147","1","0","1","4","3","1","173","47","126","26","12","14","0","0","0","2","1","1","4","1","3","0","0","0","1","0","1","-2"
"144166","City Colleges of Chicago-Malcolm X College","2020","First major","'99'","Grand total","Associate's degree","605","132","473","2","1","1","28","11","17","193","37","156","303","63","240","1","1","0","54","15","39","16","2","14","3","0","3","5","2","3","-2"
"144175","City Colleges of Chicago-Olive-Harvey College","2020","First major","'99'","Grand total","Associate's degree","206","52","154","0","0","0","0","0","0","156","37","119","41","13","28","0","0","0","2","1","1","6","1","5","1","0","1","0","0","0","-2"
"144184","City Colleges of Chicago-Harry S Truman College","2020","First major","'99'","Grand total","Associate's degree","407","158","249","1","0","1","62","26","36","122","43","79","132","49","83","0","0","0","67","32","35","10","4","6","0","0","0","13","4","9","-2"
"144193","City Colleges of Chicago-Richard J Daley College","2020","First major","'99'","Grand total","Associate's degree","343","136","207","0","0","0","1","0","1","62","18","44","257","105","152","0","0","0","18","10","8","2","1","1","0","0","0","3","2","1","-2"
"144209","City Colleges of Chicago-Harold Washington College","2020","First major","'99'","Grand total","Associate's degree","1085","406","679","2","0","2","77","29","48","228","80","148","578","218","360","0","0","0","142","53","89","28","11","17","3","1","2","27","14","13","-2"
"144218","City Colleges of Chicago-Wilbur Wright College","2020","First major","'99'","Grand total","Associate's degree","905","417","488","0","0","0","80","51","29","48","20","28","489","216","273","2","1","1","242","103","139","24","17","7","3","1","2","17","8","9","-2"
"144281","Columbia College Chicago","2020","First major","'99'","Grand total","Bachelor's degree","1379","586","793","1","0","1","67","30","37","152","60","92","198","87","111","2","2","0","772","324","448","57","18","39","51","24","27","79","41","38","-2"
"144281","Columbia College Chicago","2020","First major","'99'","Grand total","Master's degree","115","36","79","0","0","0","4","0","4","10","2","8","8","2","6","0","0","0","58","21","37","7","2","5","4","2","2","24","7","17","-2"
"144351","Concordia University-Chicago","2020","First major","'99'","Grand total","Associate's degree","0","0","0","0","0","0","0","0","0","0","0","0","0","0","0","0","0","0","0","0","0","0","0","0","0","0","0","0","0","0","-2"
"144351","Concordia University-Chicago","2020","First major","'99'","Grand total","Bachelor's degree","330","104","226","1","0","1","31","8","23","38","15","23","78","23","55","1","1","0","161","49","112","9","5","4","11","3","8","0","0","0","-2"
"144351","Concordia University-Chicago","2020","First major","'99'","Grand total","Master's degree","1374","417","957","2","0","2","118","55","63","156","35","121","117","34","83","3","2","1","909","263","646","32","9","23","37","19","18","0","0","0","-2"
"144351","Concordia University-Chicago","2020","First major","'99'","Grand total","Doctor's degree - research/scholarship","103","47","56","0","0","0","10","7","3","16","4","12","8","4","4","1","0","1","59","30","29","5","1","4","4","1","3","0","0","0","-2"
"144351","Concordia University-Chicago","2020","Second major","'99'","Grand total","Bachelor's degree","29","15","14","1","0","1","1","1","0","2","1","1","4","3","1","0","0","0","20","9","11","1","1","0","0","0","0","0","0","0","-2"
"144485","Coyne College","2020","First major","'99'","Grand total","Associate's degree","17","16","1","0","0","0","0","0","0","9","9","0","5","4","1","0","0","0","3","3","0","0","0","0","0","0","0","0","0","0","-2"
"144564","Danville Area Community College","2020","First major","'99'","Grand total","Associate's degree","330","119","211","1","0","1","2","1","1","39","17","22","14","5","9","0","0","0","252","89","163","3","0","3","19","7","12","0","0","0","-2"
"144740","DePaul University","2020","First major","'99'","Grand total","Bachelor's degree","3311","1526","1785","4","1","3","360","196","164","223","102","121","602","251","351","5","3","2","1805","826","979","115","40","75","97","51","46","100","56","44","-2"
"144740","DePaul University","2020","First major","'99'","Grand total","Master's degree","2468","1073","1395","0","0","0","247","114","133","244","77","167","268","99","169","1","0","1","1169","540","629","66","27","39","202","100","102","271","116","155","-2"
"144740","DePaul University","2020","First major","'99'","Grand total","Doctor's degree - research/scholarship","53","27","26","0","0","0","2","1","1","9","3","6","3","1","2","0","0","0","33","19","14","0","0","0","4","3","1","2","0","2","-2"
"144740","DePaul University","2020","First major","'99'","Grand total","Doctor's degree - professional practice","264","95","169","1","0","1","17","4","13","25","9","16","19","11","8","0","0","0","173","64","109","3","0","3","24","6","18","2","1","1","-2"
"144865","College of DuPage","2020","First major","'99'","Grand total","Associate's degree","1860","834","1026","0","0","0","186","75","111","88","33","55","380","158","222","1","1","0","1113","527","586","47","23","24","11","4","7","34","13","21","-2"
"144883","East-West University","2020","First major","'99'","Grand total","Associate's degree","2","0","2","0","0","0","0","0","0","2","0","2","0","0","0","0","0","0","0","0","0","0","0","0","0","0","0","0","0","0","-2"
"144883","East-West University","2020","First major","'99'","Grand total","Bachelor's degree","56","30","26","1","1","0","2","2","0","21","8","13","11","8","3","0","0","0","1","1","0","1","0","1","0","0","0","19","10","9","-2"
"144892","Eastern Illinois University","2020","First major","'99'","Grand total","Bachelor's degree","1170","468","702","2","0","2","20","5","15","196","84","112","91","36","55","2","2","0","791","306","485","27","12","15","19","9","10","22","14","8","-2"
"144892","Eastern Illinois University","2020","First major","'99'","Grand total","Master's degree","587","192","395","0","0","0","11","6","5","50","19","31","19","5","14","0","0","0","379","92","287","8","2","6","2","1","1","118","67","51","-2"
"144892","Eastern Illinois University","2020","Second major","'99'","Grand total","Bachelor's degree","20","10","10","0","0","0","0","0","0","2","2","0","0","0","0","0","0","0","13","5","8","1","0","1","4","3","1","0","0","0","-2"
"144944","Elgin Community College","2020","First major","'99'","Grand total","Associate's degree","1100","480","620","2","2","0","69","33","36","28","12","16","370","139","231","2","0","2","551","258","293","51","24","27","20","9","11","7","3","4","-2"
"144962","Elmhurst University","2020","First major","'99'","Grand total","Bachelor's degree","697","248","449","1","0","1","37","13","24","19","9","10","142","45","97","0","0","0","459","166","293","21","8","13","17","7","10","1","0","1","-2"
"144962","Elmhurst University","2020","First major","'99'","Grand total","Master's degree","248","89","159","1","1","0","13","8","5","9","6","3","18","7","11","1","0","1","188","57","131","2","2","0","14","7","7","2","1","1","-2"
"144962","Elmhurst University","2020","Second major","'99'","Grand total","Bachelor's degree","103","48","55","0","0","0","2","1","1","1","1","0","20","11","9","0","0","0","73","32","41","4","1","3","3","2","1","0","0","0","-2"
"144971","Eureka College","2020","First major","'99'","Grand total","Bachelor's degree","121","60","61","1","0","1","0","0","0","6","4","2","2","0","2","0","0","0","108","54","54","2","1","1","1","0","1","1","1","0","-2"
"144971","Eureka College","2020","Second major","'99'","Grand total","Bachelor's degree","21","14","7","0","0","0","0","0","0","0","0","0","1","0","1","0","0","0","20","14","6","0","0","0","0","0","0","0","0","0","-2"
"145239","Fox College","2020","First major","'99'","Grand total","Associate's degree","249","46","203","0","0","0","18","8","10","24","2","22","68","6","62","3","0","3","128","30","98","6","0","6","2","0","2","0","0","0","-2"
"145275","Garrett-Evangelical Theological Seminary","2020","First major","'99'","Grand total","Master's degree","51","27","24","0","0","0","3","0","3","6","4","2","5","4","1","0","0","0","28","14","14","0","0","0","0","0","0","9","5","4","-2"
"145275","Garrett-Evangelical Theological Seminary","2020","First major","'99'","Grand total","Doctor's degree - research/scholarship","6","2","4","0","0","0","0","0","0","0","0","0","1","0","1","0","0","0","4","2","2","0","0","0","0","0","0","1","0","1","-2"
"145275","Garrett-Evangelical Theological Seminary","2020","First major","'99'","Grand total","Doctor's degree - other","9","3","6","0","0","0","1","0","1","3","0","3","0","0","0","0","0","0","4","3","1","0","0","0","0","0","0","1","0","1","-2"
"145336","Governors State University","2020","First major","'99'","Grand total","Bachelor's degree","840","293","547","2","0","2","17","10","7","278","60","218","128","32","96","0","0","0","310","145","165","18","7","11","78","31","47","9","8","1","-2"
"145336","Governors State University","2020","First major","'99'","Grand total","Master's degree","405","101","304","0","0","0","10","2","8","121","21","100","35","7","28","0","0","0","181","40","141","9","2","7","17","3","14","32","26","6","-2"
"145336","Governors State University","2020","First major","'99'","Grand total","Doctor's degree - research/scholarship","13","3","10","0","0","0","0","0","0","5","0","5","1","1","0","0","0","0","5","1","4","0","0","0","2","1","1","0","0","0","-2"
"145336","Governors State University","2020","First major","'99'","Grand total","Doctor's degree - professional practice","28","14","14","0","0","0","3","3","0","2","1","1","7","5","2","0","0","0","13","3","10","0","0","0","3","2","1","0","0","0","-2"
"145336","Governors State University","2020","First major","'99'","Grand total","Doctor's degree - other","4","0","4","0","0","0","0","0","0","2","0","2","1","0","1","0","0","0","0","0","0","1","0","1","0","0","0","0","0","0","-2"
"145372","Greenville University","2020","First major","'99'","Grand total","Bachelor's degree","235","112","123","0","0","0","2","2","0","30","21","9","8","5","3","0","0","0","179","75","104","1","1","0","8","4","4","7","4","3","-2"
"145372","Greenville University","2020","First major","'99'","Grand total","Master's degree","78","28","50","0","0","0","1","1","0","6","4","2","3","2","1","0","0","0","60","19","41","2","0","2","1","1","0","5","1","4","-2"
"145372","Greenville University","2020","Second major","'99'","Grand total","Bachelor's degree","38","22","16","0","0","0","1","1","0","0","0","0","3","2","1","0","0","0","32","18","14","0","0","0","0","0","0","2","1","1","-2"
"145497","Hebrew Theological College","2020","First major","'99'","Grand total","Bachelor's degree","24","9","15","0","0","0","0","0","0","0","0","0","0","0","0","0","0","0","22","8","14","0","0","0","2","1","1","0","0","0","-2"
"145497","Hebrew Theological College","2020","Second major","'99'","Grand total","Bachelor's degree","17","6","11","0","0","0","0","0","0","0","0","0","0","0","0","0","0","0","16","6","10","0","0","0","1","0","1","0","0","0","-2"
"145521","Highland Community College","2020","First major","'99'","Grand total","Associate's degree","275","106","169","0","0","0","1","1","0","14","9","5","7","2","5","1","0","1","240","90","150","3","0","3","7","2","5","2","2","0","-2"
"145558","Rosalind Franklin University of Medicine and Science","2020","First major","'99'","Grand total","Bachelor's degree","1","1","0","0","0","0","0","0","0","1","1","0","0","0","0","0","0","0","0","0","0","0","0","0","0","0","0","0","0","0","-2"
"145558","Rosalind Franklin University of Medicine and Science","2020","First major","'99'","Grand total","Master's degree","206","57","149","0","0","0","47","17","30","5","2","3","14","5","9","0","0","0","106","28","78","12","4","8","20","1","19","2","0","2","-2"
"145558","Rosalind Franklin University of Medicine and Science","2020","First major","'99'","Grand total","Doctor's degree - research/scholarship","17","5","12","0","0","0","1","1","0","1","0","1","1","0","1","0","0","0","13","3","10","0","0","0","0","0","0","1","1","0","-2"
"145558","Rosalind Franklin University of Medicine and Science","2020","First major","'99'","Grand total","Doctor's degree - professional practice","416","183","233","1","0","1","125","57","68","15","3","12","16","8","8","1","1","0","205","93","112","12","5","7","30","10","20","11","6","5","-2"
"145600","University of Illinois Chicago","2020","First major","'99'","Grand total","Bachelor's degree","4530","2162","2368","1","0","1","1019","537","482","329","103","226","1264","531","733","3","1","2","1537","817","720","144","56","88","84","35","49","149","82","67","-2"
"145600","University of Illinois Chicago","2020","First major","'99'","Grand total","Master's degree","2164","886","1278","1","1","0","193","71","122","180","43","137","243","78","165","1","1","0","746","256","490","30","10","20","31","14","17","739","412","327","-2"
"145600","University of Illinois Chicago","2020","First major","'99'","Grand total","Doctor's degree - research/scholarship","339","167","172","0","0","0","20","8","12","21","10","11","19","3","16","0","0","0","133","64","69","8","4","4","2","2","0","136","76","60","-2"
"145600","University of Illinois Chicago","2020","First major","'99'","Grand total","Doctor's degree - professional practice","792","298","494","1","0","1","213","85","128","63","22","41","89","43","46","0","0","0","390","132","258","25","11","14","4","3","1","7","2","5","-2"
"145600","University of Illinois Chicago","2020","Second major","'99'","Grand total","Bachelor's degree","170","59","111","0","0","0","25","14","11","8","2","6","71","21","50","0","0","0","51","18","33","6","2","4","3","1","2","6","1","5","-2"
"145619","Benedictine University","2020","First major","'99'","Grand total","Associate's degree","1","0","1","0","0","0","0","0","0","0","0","0","0","0","0","0","0","0","1","0","1","0","0","0","0","0","0","0","0","0","-2"
"145619","Benedictine University","2020","First major","'99'","Grand total","Bachelor's degree","741","280","461","4","1","3","133","58","75","43","19","24","110","34","76","2","0","2","348","131","217","0","0","0","92","31","61","9","6","3","-2"
"145619","Benedictine University","2020","First major","'99'","Grand total","Master's degree","899","266","633","1","1","0","75","20","55","77","23","54","39","13","26","5","0","5","345","76","269","0","0","0","348","130","218","9","3","6","-2"
"145619","Benedictine University","2020","First major","'99'","Grand total","Doctor's degree - research/scholarship","16","7","9","0","0","0","0","0","0","8","4","4","2","2","0","0","0","0","5","1","4","0","0","0","1","0","1","0","0","0","-2"
"145619","Benedictine University","2020","Second major","'99'","Grand total","Bachelor's degree","31","18","13","0","0","0","6","3","3","1","1","0","4","1","3","0","0","0","14","11","3","0","0","0","6","2","4","0","0","0","-2"
"145628","Illinois College of Optometry","2020","First major","'99'","Grand total","Doctor's degree - professional practice","141","37","104","0","0","0","40","12","28","7","0","7","4","2","2","0","0","0","66","17","49","5","2","3","0","0","0","19","4","15","-2"
"145637","University of Illinois Urbana-Champaign","2020","First major","'99'","Grand total","Bachelor's degree","8444","4464","3980","3","2","1","1600","916","684","439","170","269","883","414","469","3","3","0","3846","2011","1835","262","129","133","21","15","6","1387","804","583","-2"
"145637","University of Illinois Urbana-Champaign","2020","First major","'99'","Grand total","Master's degree","4355","2255","2100","1","1","0","392","236","156","165","51","114","229","111","118","1","1","0","1570","763","807","66","28","38","150","110","40","1781","954","827","-2"
"145637","University of Illinois Urbana-Champaign","2020","First major","'99'","Grand total","Doctor's degree - research/scholarship","867","524","343","0","0","0","54","25","29","22","11","11","47","20","27","0","0","0","295","184","111","20","9","11","11","8","3","418","267","151","-2"
"145637","University of Illinois Urbana-Champaign","2020","First major","'99'","Grand total","Doctor's degree - professional practice","312","121","191","0","0","0","25","10","15","11","7","4","22","11","11","0","0","0","228","81","147","5","2","3","8","3","5","13","7","6","-2"
"145637","University of Illinois Urbana-Champaign","2020","Second major","'99'","Grand total","Bachelor's degree","604","259","345","0","0","0","106","40","66","24","6","18","62","23","39","0","0","0","231","102","129","18","8","10","0","0","0","163","80","83","-2"
"145646","Illinois Wesleyan University","2020","First major","'99'","Grand total","Bachelor's degree","404","207","197","0","0","0","24","9","15","23","13","10","32","17","15","0","0","0","298","157","141","0","0","0","1","0","1","26","11","15","-2"
"145646","Illinois Wesleyan University","2020","Second major","'99'","Grand total","Bachelor's degree","38","15","23","0","0","0","1","0","1","0","0","0","4","1","3","0","0","0","29","11","18","0","0","0","0","0","0","4","3","1","-2"
"145682","Illinois Central College","2020","First major","'99'","Grand total","Associate's degree","1266","605","661","4","3","1","27","7","20","88","32","56","90","37","53","0","0","0","996","485","511","37","26","11","3","1","2","21","14","7","-2"
"145691","Illinois College","2020","First major","'99'","Grand total","Bachelor's degree","242","115","127","1","1","0","1","0","1","18","6","12","19","6","13","0","0","0","181","89","92","5","3","2","0","0","0","17","10","7","-2"
"145691","Illinois College","2020","First major","'99'","Grand total","Master's degree","0","0","0","0","0","0","0","0","0","0","0","0","0","0","0","0","0","0","0","0","0","0","0","0","0","0","0","0","0","0","-2"
"145691","Illinois College","2020","Second major","'99'","Grand total","Bachelor's degree","78","29","49","1","1","0","0","0","0","3","1","2","6","0","6","0","0","0","56","22","34","2","1","1","0","0","0","10","4","6","-2"
"145707","Olney Central College","2020","First major","'99'","Grand total","Associate's degree","244","64","180","0","0","0","3","0","3","4","2","2","1","1","0","0","0","0","228","59","169","7","2","5","1","0","1","0","0","0","-2"
"145725","Illinois Institute of Technology","2020","First major","'99'","Grand total","Bachelor's degree","623","430","193","1","1","0","99","63","36","36","23","13","96","70","26","0","0","0","222","161","61","23","16","7","15","8","7","131","88","43","-2"
"145725","Illinois Institute of Technology","2020","First major","'99'","Grand total","Master's degree","1179","716","463","2","1","1","42","24","18","21","11","10","33","22","11","1","1","0","177","115","62","15","12","3","10","6","4","878","524","354","-2"
"145725","Illinois Institute of Technology","2020","First major","'99'","Grand total","Doctor's degree - research/scholarship","83","57","26","0","0","0","3","2","1","0","0","0","1","1","0","0","0","0","14","7","7","1","0","1","7","5","2","57","42","15","-2"
"145725","Illinois Institute of Technology","2020","First major","'99'","Grand total","Doctor's degree - professional practice","223","112","111","1","0","1","15","9","6","13","7","6","30","11","19","0","0","0","136","70","66","12","7","5","8","5","3","8","3","5","-2"
"145813","Illinois State University","2020","First major","'99'","Grand total","Bachelor's degree","4566","1994","2572","5","2","3","101","45","56","290","111","179","441","176","265","5","2","3","3543","1572","1971","117","58","59","44","20","24","20","8","12","-2"
"145813","Illinois State University","2020","First major","'99'","Grand total","Master's degree","805","297","508","0","0","0","17","7","10","30","14","16","43","14","29","1","1","0","540","185","355","14","7","7","23","8","15","137","61","76","-2"
"145813","Illinois State University","2020","First major","'99'","Grand total","Doctor's degree - research/scholarship","55","21","34","0","0","0","2","2","0","5","2","3","5","1","4","0","0","0","38","13","25","0","0","0","1","1","0","4","2","2","-2"
"145813","Illinois State University","2020","First major","'99'","Grand total","Doctor's degree - professional practice","12","1","11","0","0","0","0","0","0","0","0","0","0","0","0","0","0","0","12","1","11","0","0","0","0","0","0","0","0","0","-2"
"145813","Illinois State University","2020","Second major","'99'","Grand total","Bachelor's degree","351","179","172","1","1","0","8","3","5","7","3","4","29","14","15","0","0","0","291","149","142","12","7","5","1","1","0","2","1","1","-2"
"145813","Illinois State University","2020","Second major","'99'","Grand total","Master's degree","10","4","6","0","0","0","0","0","0","0","0","0","2","1","1","0","0","0","5","3","2","0","0","0","0","0","0","3","0","3","-2"
"145831","Illinois Valley Community College","2020","First major","'99'","Grand total","Associate's degree","386","131","255","1","0","1","3","1","2","8","5","3","52","20","32","0","0","0","307","99","208","4","3","1","11","3","8","0","0","0","-2"
"145886","Institute for Clinical Social Work","2020","First major","'99'","Grand total","Master's degree","6","3","3","0","0","0","0","0","0","0","0","0","0","0","0","0","0","0","6","3","3","0","0","0","0","0","0","0","0","0","-2"
"145886","Institute for Clinical Social Work","2020","First major","'99'","Grand total","Doctor's degree - research/scholarship","11","1","10","0","0","0","0","0","0","3","0","3","0","0","0","0","0","0","8","1","7","0","0","0","0","0","0","0","0","0","-2"
"146205","John A Logan College","2020","First major","'99'","Grand total","Associate's degree","439","195","244","0","0","0","3","2","1","27","15","12","9","4","5","0","0","0","379","163","216","2","1","1","19","10","9","0","0","0","-2"
"146278","John Wood Community College","2020","First major","'99'","Grand total","Associate's degree","271","112","159","0","0","0","2","0","2","2","0","2","8","5","3","0","0","0","250","105","145","8","2","6","1","0","1","0","0","0","-2"
"146296","Joliet Junior College","2020","First major","'99'","Grand total","Associate's degree","1560","699","861","4","3","1","40","19","21","113","39","74","334","145","189","1","1","0","991","463","528","60","25","35","15","3","12","2","1","1","-2"
"146339","Judson University","2020","First major","'99'","Grand total","Associate's degree","16","2","14","0","0","0","0","0","0","6","0","6","2","1","1","0","0","0","4","0","4","0","0","0","4","1","3","0","0","0","-2"
"146339","Judson University","2020","First major","'99'","Grand total","Bachelor's degree","204","76","128","0","0","0","3","0","3","17","3","14","33","14","19","0","0","0","107","41","66","0","0","0","38","15","23","6","3","3","-2"
"146339","Judson University","2020","First major","'99'","Grand total","Master's degree","84","32","52","0","0","0","0","0","0","10","2","8","18","10","8","0","0","0","47","18","29","0","0","0","6","2","4","3","0","3","-2"
"146339","Judson University","2020","First major","'99'","Grand total","Doctor's degree - research/scholarship","8","0","8","0","0","0","0","0","0","0","0","0","0","0","0","0","0","0","7","0","7","0","0","0","1","0","1","0","0","0","-2"
"146339","Judson University","2020","Second major","'99'","Grand total","Bachelor's degree","9","7","2","0","0","0","1","0","1","1","1","0","0","0","0","0","0","0","5","4","1","0","0","0","2","2","0","0","0","0","-2"
"146348","Kankakee Community College","2020","First major","'99'","Grand total","Associate's degree","343","123","220","1","0","1","5","0","5","29","5","24","51","14","37","0","0","0","235","92","143","14","9","5","6","2","4","2","1","1","-2"
"146366","Kaskaskia College","2020","First major","'99'","Grand total","Associate's degree","401","142","259","1","0","1","0","0","0","12","3","9","5","2","3","0","0","0","374","132","242","9","5","4","0","0","0","0","0","0","-2"
"146418","Kishwaukee College","2020","First major","'99'","Grand total","Associate's degree","453","159","294","2","1","1","6","4","2","38","9","29","71","25","46","0","0","0","316","113","203","10","2","8","8","4","4","2","1","1","-2"
"146427","Knox College","2020","First major","'99'","Grand total","Bachelor's degree","286","112","174","0","0","0","19","7","12","17","6","11","44","19","25","0","0","0","138","49","89","19","7","12","6","3","3","43","21","22","-2"
"146427","Knox College","2020","Second major","'99'","Grand total","Bachelor's degree","53","20","33","0","0","0","3","2","1","1","0","1","5","1","4","0","0","0","31","10","21","3","1","2","0","0","0","10","6","4","-2"
"146472","College of Lake County","2020","First major","'99'","Grand total","Associate's degree","1416","609","807","4","2","2","93","43","50","72","22","50","432","165","267","6","0","6","697","327","370","44","16","28","58","27","31","10","7","3","-2"
"146481","Lake Forest College","2020","First major","'99'","Grand total","Bachelor's degree","349","127","222","0","0","0","20","9","11","14","5","9","50","18","32","0","0","0","219","81","138","13","3","10","15","4","11","18","7","11","-2"
"146481","Lake Forest College","2020","First major","'99'","Grand total","Master's degree","12","3","9","0","0","0","0","0","0","0","0","0","3","0","3","0","0","0","5","2","3","0","0","0","4","1","3","0","0","0","-2"
"146481","Lake Forest College","2020","Second major","'99'","Grand total","Bachelor's degree","103","35","68","0","0","0","8","3","5","4","2","2","14","1","13","0","0","0","58","22","36","2","1","1","8","2","6","9","4","5","-2"
"146490","Lake Forest Graduate School of Management","2020","First major","'99'","Grand total","Master's degree","100","48","52","0","0","0","9","4","5","4","3","1","1","1","0","1","0","1","74","35","39","5","2","3","6","3","3","0","0","0","-2"
"146506","Lake Land College","2020","First major","'99'","Grand total","Associate's degree","850","414","436","0","0","0","7","3","4","102","80","22","33","21","12","2","2","0","679","292","387","13","6","7","10","8","2","4","2","2","-2"
"146533","Lakeview College of Nursing","2020","First major","'99'","Grand total","Bachelor's degree","68","13","55","0","0","0","9","3","6","8","1","7","1","0","1","0","0","0","49","9","40","0","0","0","1","0","1","0","0","0","-2"
"146603","Lewis and Clark Community College","2020","First major","'99'","Grand total","Associate's degree","656","257","399","5","1","4","3","1","2","53","22","31","10","2","8","0","0","0","541","217","324","1","0","1","43","14","29","0","0","0","-2"
"146612","Lewis University","2020","First major","'99'","Grand total","Associate's degree","3","3","0","0","0","0","1","1","0","0","0","0","1","1","0","0","0","0","1","1","0","0","0","0","0","0","0","0","0","0","-2"
"146612","Lewis University","2020","First major","'99'","Grand total","Bachelor's degree","1146","548","598","2","0","2","62","37","25","44","14","30","223","90","133","1","1","0","691","336","355","34","19","15","53","20","33","36","31","5","-2"
"146612","Lewis University","2020","First major","'99'","Grand total","Master's degree","629","211","418","2","0","2","28","14","14","48","16","32","85","18","67","2","0","2","362","122","240","14","5","9","53","16","37","35","20","15","-2"
"146612","Lewis University","2020","First major","'99'","Grand total","Doctor's degree - research/scholarship","4","0","4","0","0","0","0","0","0","2","0","2","0","0","0","0","0","0","2","0","2","0","0","0","0","0","0","0","0","0","-2"
"146612","Lewis University","2020","First major","'99'","Grand total","Doctor's degree - other","9","0","9","0","0","0","0","0","0","4","0","4","0","0","0","0","0","0","5","0","5","0","0","0","0","0","0","0","0","0","-2"
"146667","Lincoln Christian University","2020","First major","'99'","Grand total","Associate's degree","7","0","7","0","0","0","0","0","0","0","0","0","0","0","0","0","0","0","6","0","6","0","0","0","0","0","0","1","0","1","-2"
"146667","Lincoln Christian University","2020","First major","'99'","Grand total","Bachelor's degree","98","52","46","0","0","0","2","2","0","6","4","2","2","1","1","0","0","0","83","43","40","1","0","1","1","1","0","3","1","2","-2"
"146667","Lincoln Christian University","2020","First major","'99'","Grand total","Master's degree","89","60","29","0","0","0","1","1","0","4","0","4","2","0","2","0","0","0","77","55","22","2","2","0","0","0","0","3","2","1","-2"
"146667","Lincoln Christian University","2020","First major","'99'","Grand total","Doctor's degree - professional practice","2","2","0","0","0","0","0","0","0","0","0","0","0","0","0","0","0","0","2","2","0","0","0","0","0","0","0","0","0","0","-2"
"146676","Lincoln College","2020","First major","'99'","Grand total","Associate's degree","78","36","42","0","0","0","0","0","0","36","21","15","4","2","2","0","0","0","24","7","17","6","1","5","1","0","1","7","5","2","-2"
"146676","Lincoln College","2020","First major","'99'","Grand total","Bachelor's degree","127","47","80","0","0","0","1","0","1","24","9","15","7","3","4","0","0","0","62","23","39","2","0","2","31","12","19","0","0","0","-2"
"146676","Lincoln College","2020","First major","'99'","Grand total","Master's degree","0","0","0","0","0","0","0","0","0","0","0","0","0","0","0","0","0","0","0","0","0","0","0","0","0","0","0","0","0","0","-2"
"146685","Lincoln Land Community College","2020","First major","'99'","Grand total","Associate's degree","821","311","510","5","2","3","13","7","6","51","13","38","19","5","14","0","0","0","651","244","407","29","13","16","53","27","26","0","0","0","-2"
"146700","Lincoln College of Technology-Melrose Park","2020","First major","'99'","Grand total","Associate's degree","147","135","12","2","2","0","2","2","0","32","30","2","80","70","10","0","0","0","24","24","0","5","5","0","2","2","0","0","0","0","-2"
"146719","Loyola University Chicago","2020","First major","'99'","Grand total","Associate's degree","86","35","51","0","0","0","1","1","0","11","4","7","46","23","23","0","0","0","1","0","1","2","2","0","2","0","2","23","5","18","-2"
"146719","Loyola University Chicago","2020","First major","'99'","Grand total","Bachelor's degree","3253","1040","2213","4","1","3","332","107","225","133","41","92","384","116","268","6","2","4","1871","590","1281","117","35","82","249","69","180","157","79","78","-2"
"146719","Loyola University Chicago","2020","First major","'99'","Grand total","Master's degree","1329","406","923","1","0","1","104","31","73","122","37","85","147","42","105","1","0","1","742","221","521","38","15","23","23","7","16","151","53","98","-2"
"146719","Loyola University Chicago","2020","First major","'99'","Grand total","Doctor's degree - research/scholarship","130","43","87","0","0","0","13","4","9","13","5","8","10","0","10","0","0","0","79","27","52","4","2","2","6","4","2","5","1","4","-2"
"146719","Loyola University Chicago","2020","First major","'99'","Grand total","Doctor's degree - professional practice","376","155","221","0","0","0","40","18","22","42","14","28","42","14","28","0","0","0","227","97","130","13","6","7","11","6","5","1","0","1","-2"
"146728","Lutheran School of Theology at Chicago","2020","First major","'99'","Grand total","Master's degree","29","10","19","1","1","0","0","0","0","3","0","3","1","0","1","0","0","0","18","6","12","0","0","0","1","0","1","5","3","2","-2"
"146728","Lutheran School of Theology at Chicago","2020","First major","'99'","Grand total","Doctor's degree - research/scholarship","8","6","2","0","0","0","0","0","0","0","0","0","1","0","1","0","0","0","1","1","0","0","0","0","0","0","0","6","5","1","-2"
"146728","Lutheran School of Theology at Chicago","2020","First major","'99'","Grand total","Doctor's degree - other","2","0","2","0","0","0","0","0","0","0","0","0","0","0","0","0","0","0","1","0","1","0","0","0","0","0","0","1","0","1","-2"
"146755","Trinity College of Nursing & Health Sciences","2020","First major","'99'","Grand total","Associate's degree","21","0","21","0","0","0","1","0","1","0","0","0","0","0","0","0","0","0","17","0","17","3","0","3","0","0","0","0","0","0","-2"
"146755","Trinity College of Nursing & Health Sciences","2020","First major","'99'","Grand total","Bachelor's degree","62","9","53","0","0","0","4","1","3","2","0","2","6","2","4","1","1","0","42","3","39","6","1","5","1","1","0","0","0","0","-2"
"146755","Trinity College of Nursing & Health Sciences","2020","First major","'99'","Grand total","Master's degree","3","0","3","0","0","0","0","0","0","0","0","0","0","0","0","0","0","0","3","0","3","0","0","0","0","0","0","0","0","0","-2"
"146816","MacCormac College","2020","First major","'99'","Grand total","Associate's degree","73","27","46","1","0","1","2","1","1","37","15","22","17","5","12","1","0","1","12","6","6","2","0","2","0","0","0","1","0","1","-2"
"146977","McCormick Theological Seminary","2020","First major","'99'","Grand total","Master's degree","20","8","12","0","0","0","3","1","2","8","1","7","3","1","2","0","0","0","2","1","1","0","0","0","0","0","0","4","4","0","-2"
"146977","McCormick Theological Seminary","2020","First major","'99'","Grand total","Doctor's degree - other","17","10","7","0","0","0","7","7","0","5","2","3","1","1","0","0","0","0","3","0","3","0","0","0","0","0","0","1","0","1","-2"
"147004","McHenry County College","2020","First major","'99'","Grand total","Associate's degree","743","336","407","0","0","0","12","5","7","9","4","5","136","53","83","0","0","0","523","246","277","26","11","15","36","16","20","1","1","0","-2"
"147013","McKendree University","2020","First major","'99'","Grand total","Associate's degree","3","2","1","0","0","0","0","0","0","2","1","1","1","1","0","0","0","0","0","0","0","0","0","0","0","0","0","0","0","0","-2"
"147013","McKendree University","2020","First major","'99'","Grand total","Bachelor's degree","453","185","268","1","1","0","2","1","1","43","20","23","17","9","8","0","0","0","297","101","196","24","15","9","67","36","31","2","2","0","-2"
"147013","McKendree University","2020","First major","'99'","Grand total","Master's degree","185","52","133","0","0","0","2","0","2","12","3","9","4","1","3","0","0","0","149","41","108","4","1","3","13","5","8","1","1","0","-2"
"147013","McKendree University","2020","First major","'99'","Grand total","Doctor's degree - research/scholarship","12","3","9","0","0","0","0","0","0","0","0","0","0","0","0","0","0","0","12","3","9","0","0","0","0","0","0","0","0","0","-2"
"147013","McKendree University","2020","Second major","'99'","Grand total","Bachelor's degree","29","15","14","0","0","0","0","0","0","3","2","1","1","0","1","0","0","0","17","7","10","1","1","0","7","5","2","0","0","0","-2"
"147013","McKendree University","2020","Second major","'99'","Grand total","Master's degree","1","0","1","0","0","0","0","0","0","0","0","0","0","0","0","0","0","0","1","0","1","0","0","0","0","0","0","0","0","0","-2"
"147031","Meadville Lombard Theological School","2020","First major","'99'","Grand total","Master's degree","23","5","18","0","0","0","0","0","0","2","0","2","1","0","1","0","0","0","15","3","12","1","0","1","1","1","0","3","1","2","-2"
"147129","Methodist College","2020","First major","'99'","Grand total","Bachelor's degree","177","20","157","1","0","1","6","1","5","14","1","13","6","0","6","0","0","0","148","17","131","2","1","1","0","0","0","0","0","0","-2"
"147129","Methodist College","2020","First major","'99'","Grand total","Master's degree","3","0","3","0","0","0","0","0","0","1","0","1","0","0","0","0","0","0","2","0","2","0","0","0","0","0","0","0","0","0","-2"
"147244","Millikin University","2020","First major","'99'","Grand total","Bachelor's degree","395","143","252","0","0","0","4","2","2","36","16","20","23","11","12","0","0","0","307","106","201","9","3","6","7","2","5","9","3","6","-2"
"147244","Millikin University","2020","First major","'99'","Grand total","Master's degree","38","14","24","0","0","0","0","0","0","7","4","3","1","0","1","0","0","0","30","10","20","0","0","0","0","0","0","0","0","0","-2"
"147244","Millikin University","2020","First major","'99'","Grand total","Doctor's degree - professional practice","10","4","6","0","0","0","1","1","0","3","1","2","1","0","1","0","0","0","5","2","3","0","0","0","0","0","0","0","0","0","-2"
"147244","Millikin University","2020","Second major","'99'","Grand total","Bachelor's degree","27","10","17","0","0","0","0","0","0","1","0","1","4","1","3","0","0","0","18","8","10","0","0","0","4","1","3","0","0","0","-2"
"147341","Monmouth College","2020","First major","'99'","Grand total","Bachelor's degree","194","97","97","0","0","0","7","4","3","20","5","15","17","10","7","0","0","0","133","70","63","4","2","2","7","2","5","6","4","2","-2"
"147341","Monmouth College","2020","Second major","'99'","Grand total","Bachelor's degree","35","18","17","0","0","0","1","1","0","3","0","3","4","2","2","0","0","0","24","13","11","0","0","0","1","0","1","2","2","0","-2"
"147369","Moody Bible Institute","2020","First major","'99'","Grand total","Associate's degree","6","4","2","0","0","0","0","0","0","1","1","0","0","0","0","0","0","0","4","2","2","0","0","0","0","0","0","1","1","0","-2"
"147369","Moody Bible Institute","2020","First major","'99'","Grand total","Bachelor's degree","512","266","246","1","0","1","17","9","8","14","9","5","36","25","11","3","1","2","300","152","148","19","12","7","76","32","44","46","26","20","-2"
"147369","Moody Bible Institute","2020","First major","'99'","Grand total","Master's degree","183","120","63","0","0","0","10","6","4","18","8","10","5","5","0","0","0","0","101","71","30","2","2","0","21","14","7","26","14","12","-2"
"147378","Moraine Valley Community College","2020","First major","'99'","Grand total","Associate's degree","1904","847","1057","2","2","0","50","13","37","102","36","66","444","195","249","2","1","1","1094","503","591","41","22","19","131","53","78","38","22","16","-2"
"147396","Morrison Institute of Technology","2020","First major","'99'","Grand total","Associate's degree","43","41","2","0","0","0","0","0","0","0","0","0","5","5","0","1","1","0","36","34","2","0","0","0","1","1","0","0","0","0","-2"
"147411","Morton College","2020","First major","'99'","Grand total","Associate's degree","466","186","280","0","0","0","14","6","8","14","7","7","393","152","241","0","0","0","23","11","12","2","1","1","20","9","11","0","0","0","-2"
"147536","National Louis University","2020","First major","'99'","Grand total","Associate's degree","60","33","27","1","0","1","4","3","1","2","1","1","7","2","5","0","0","0","23","15","8","1","1","0","1","0","1","21","11","10","-2"
"147536","National Louis University","2020","First major","'99'","Grand total","Bachelor's degree","691","136","555","0","0","0","25","10","15","169","22","147","229","40","189","2","0","2","202","44","158","9","0","9","17","3","14","38","17","21","-2"
"147536","National Louis University","2020","First major","'99'","Grand total","Master's degree","963","178","785","2","0","2","22","7","15","171","19","152","180","29","151","1","0","1","521","106","415","18","3","15","43","13","30","5","1","4","-2"
"147536","National Louis University","2020","First major","'99'","Grand total","Doctor's degree - research/scholarship","116","31","85","0","0","0","1","0","1","39","9","30","8","1","7","0","0","0","59","19","40","3","0","3","6","2","4","0","0","0","-2"
"147590","National University of Health Sciences","2020","First major","'99'","Grand total","Associate's degree","1","0","1","0","0","0","0","0","0","0","0","0","0","0","0","0","0","0","1","0","1","0","0","0","0","0","0","0","0","0","-2"
"147590","National University of Health Sciences","2020","First major","'99'","Grand total","Bachelor's degree","15","5","10","0","0","0","2","2","0","2","0","2","3","0","3","0","0","0","5","1","4","1","1","0","1","0","1","1","1","0","-2"
"147590","National University of Health Sciences","2020","First major","'99'","Grand total","Master's degree","18","7","11","0","0","0","5","2","3","4","0","4","0","0","0","0","0","0","8","4","4","0","0","0","0","0","0","1","1","0","-2"
"147590","National University of Health Sciences","2020","First major","'99'","Grand total","Doctor's degree - professional practice","149","66","83","0","0","0","11","6","5","11","4","7","10","1","9","1","0","1","108","53","55","4","1","3","2","1","1","2","0","2","-2"
"147660","North Central College","2020","First major","'99'","Grand total","Bachelor's degree","691","313","378","0","0","0","26","10","16","23","15","8","97","40","57","1","1","0","469","214","255","26","10","16","32","15","17","17","8","9","-2"
"147660","North Central College","2020","First major","'99'","Grand total","Master's degree","81","36","45","0","0","0","2","1","1","6","1","5","4","2","2","1","1","0","62","28","34","1","1","0","1","0","1","4","2","2","-2"
"147660","North Central College","2020","Second major","'99'","Grand total","Bachelor's degree","140","67","73","0","0","0","8","2","6","5","4","1","21","8","13","0","0","0","90","46","44","6","2","4","4","3","1","6","2","4","-2"
"147679","North Park University","2020","First major","'99'","Grand total","Bachelor's degree","445","149","296","0","0","0","40","12","28","30","16","14","112","33","79","4","3","1","197","62","135","13","5","8","16","7","9","33","11","22","-2"
"147679","North Park University","2020","First major","'99'","Grand total","Master's degree","247","77","170","2","1","1","19","6","13","28","7","21","27","3","24","1","1","0","134","42","92","5","3","2","20","8","12","11","6","5","-2"
"147679","North Park University","2020","First major","'99'","Grand total","Doctor's degree - professional practice","0","0","0","0","0","0","0","0","0","0","0","0","0","0","0","0","0","0","0","0","0","0","0","0","0","0","0","0","0","0","-2"
"147679","North Park University","2020","First major","'99'","Grand total","Doctor's degree - other","4","2","2","0","0","0","0","0","0","1","1","0","0","0","0","0","0","0","3","1","2","0","0","0","0","0","0","0","0","0","-2"
"147679","North Park University","2020","Second major","'99'","Grand total","Bachelor's degree","25","10","15","0","0","0","0","0","0","0","0","0","9","3","6","0","0","0","16","7","9","0","0","0","0","0","0","0","0","0","-2"
"147697","Northern Baptist Theological Seminary","2020","First major","'99'","Grand total","Master's degree","31","20","11","0","0","0","0","0","0","5","3","2","0","0","0","0","0","0","26","17","9","0","0","0","0","0","0","0","0","0","-2"
"147697","Northern Baptist Theological Seminary","2020","First major","'99'","Grand total","Doctor's degree - other","8","5","3","0","0","0","0","0","0","2","1","1","0","0","0","0","0","0","4","2","2","0","0","0","0","0","0","2","2","0","-2"
"147703","Northern Illinois University","2020","First major","'99'","Grand total","Bachelor's degree","3177","1564","1613","1","1","0","207","109","98","339","126","213","561","279","282","4","1","3","1871","949","922","112","47","65","5","2","3","77","50","27","-2"
"147703","Northern Illinois University","2020","First major","'99'","Grand total","Master's degree","1179","546","633","1","0","1","61","28","33","50","21","29","114","47","67","0","0","0","649","268","381","37","21","16","2","1","1","265","160","105","-2"
"147703","Northern Illinois University","2020","First major","'99'","Grand total","Doctor's degree - research/scholarship","107","40","67","0","0","0","4","0","4","9","3","6","7","2","5","0","0","0","65","23","42","2","1","1","3","2","1","17","9","8","-2"
"147703","Northern Illinois University","2020","First major","'99'","Grand total","Doctor's degree - professional practice","118","67","51","0","0","0","5","1","4","7","4","3","12","10","2","0","0","0","89","47","42","2","2","0","3","3","0","0","0","0","-2"
"147703","Northern Illinois University","2020","Second major","'99'","Grand total","Bachelor's degree","49","19","30","0","0","0","4","2","2","1","0","1","11","5","6","0","0","0","29","12","17","2","0","2","1","0","1","1","0","1","-2"
"147767","Northwestern University","2020","First major","'99'","Grand total","Bachelor's degree","2202","1092","1110","2","0","2","381","192","189","114","50","64","278","123","155","0","0","0","1062","541","521","120","52","68","58","33","25","187","101","86","-2"
"147767","Northwestern University","2020","First major","'99'","Grand total","Master's degree","4332","2201","2131","5","2","3","445","244","201","205","80","125","226","108","118","2","1","1","1695","890","805","100","43","57","469","222","247","1185","611","574","-2"
"147767","Northwestern University","2020","First major","'99'","Grand total","Doctor's degree - research/scholarship","467","248","219","1","1","0","40","22","18","20","8","12","18","6","12","0","0","0","180","98","82","13","7","6","36","11","25","159","95","64","-2"
"147767","Northwestern University","2020","First major","'99'","Grand total","Doctor's degree - professional practice","525","236","289","0","0","0","97","49","48","27","9","18","55","21","34","3","0","3","264","123","141","8","4","4","50","24","26","21","6","15","-2"
"147767","Northwestern University","2020","Second major","'99'","Grand total","Bachelor's degree","566","272","294","0","0","0","92","48","44","17","5","12","71","27","44","0","0","0","282","144","138","28","15","13","7","3","4","69","30","39","-2"
"147767","Northwestern University","2020","Second major","'99'","Grand total","Master's degree","488","333","155","0","0","0","56","35","21","10","5","5","18","10","8","0","0","0","158","122","36","4","2","2","2","1","1","240","158","82","-2"
"147776","Northeastern Illinois University","2020","First major","'99'","Grand total","Bachelor's degree","1397","611","786","6","4","2","135","75","60","124","51","73","461","162","299","6","2","4","465","238","227","30","10","20","151","59","92","19","10","9","-2"
"147776","Northeastern Illinois University","2020","First major","'99'","Grand total","Master's degree","518","176","342","0","0","0","28","10","18","32","13","19","127","39","88","1","1","0","253","84","169","4","1","3","54","21","33","19","7","12","-2"
"147776","Northeastern Illinois University","2020","Second major","'99'","Grand total","Bachelor's degree","31","12","19","0","0","0","1","0","1","4","2","2","8","2","6","0","0","0","11","5","6","0","0","0","6","3","3","1","0","1","-2"
"147800","Oakton Community College","2020","First major","'99'","Grand total","Associate's degree","774","338","436","1","0","1","162","75","87","42","15","27","141","59","82","4","3","1","369","150","219","27","18","9","14","10","4","14","8","6","-2"
"147828","Olivet Nazarene University","2020","First major","'99'","Grand total","Bachelor's degree","741","291","450","1","1","0","12","4","8","49","16","33","66","22","44","0","0","0","581","236","345","18","6","12","5","1","4","9","5","4","-2"
"147828","Olivet Nazarene University","2020","First major","'99'","Grand total","Master's degree","529","89","440","0","0","0","20","2","18","32","1","31","36","2","34","0","0","0","386","71","315","14","2","12","40","10","30","1","1","0","-2"
"147828","Olivet Nazarene University","2020","First major","'99'","Grand total","Doctor's degree - research/scholarship","14","2","12","1","1","0","0","0","0","2","0","2","1","0","1","0","0","0","10","1","9","0","0","0","0","0","0","0","0","0","-2"
"147828","Olivet Nazarene University","2020","Second major","'99'","Grand total","Bachelor's degree","69","33","36","0","0","0","2","0","2","5","2","3","5","2","3","0","0","0","54","27","27","1","0","1","0","0","0","2","2","0","-2"
"147916","Parkland College","2020","First major","'99'","Grand total","Associate's degree","811","371","440","0","0","0","35","15","20","60","27","33","70","30","40","0","0","0","558","256","302","26","13","13","43","21","22","19","9","10","-2"
"148007","Prairie State College","2020","First major","'99'","Grand total","Associate's degree","391","135","256","3","0","3","6","3","3","180","55","125","86","37","49","0","0","0","95","35","60","3","0","3","12","1","11","6","4","2","-2"
"148016","Principia College","2020","First major","'99'","Grand total","Bachelor's degree","100","46","54","0","0","0","4","1","3","1","1","0","3","0","3","0","0","0","79","37","42","1","0","1","2","1","1","10","6","4","-2"
"148016","Principia College","2020","Second major","'99'","Grand total","Bachelor's degree","24","7","17","0","0","0","2","0","2","0","0","0","0","0","0","0","0","0","17","4","13","0","0","0","0","0","0","5","3","2","-2"
"148131","Quincy University","2020","First major","'99'","Grand total","Associate's degree","0","0","0","0","0","0","0","0","0","0","0","0","0","0","0","0","0","0","0","0","0","0","0","0","0","0","0","0","0","0","-2"
"148131","Quincy University","2020","First major","'99'","Grand total","Bachelor's degree","240","89","151","1","0","1","0","0","0","10","3","7","9","3","6","0","0","0","191","74","117","0","0","0","22","6","16","7","3","4","-2"
"148131","Quincy University","2020","First major","'99'","Grand total","Master's degree","34","11","23","0","0","0","0","0","0","4","0","4","1","0","1","0","0","0","27","10","17","0","0","0","2","1","1","0","0","0","-2"
"148131","Quincy University","2020","Second major","'99'","Grand total","Bachelor's degree","24","8","16","0","0","0","0","0","0","0","0","0","0","0","0","0","0","0","22","8","14","0","0","0","1","0","1","1","0","1","-2"
"148256","Rend Lake College","2020","First major","'99'","Grand total","Associate's degree","552","277","275","0","0","0","6","0","6","19","8","11","7","2","5","0","0","0","514","265","249","5","1","4","1","1","0","0","0","0","-2"
"148292","Richland Community College","2020","First major","'99'","Grand total","Associate's degree","338","112","226","1","0","1","6","0","6","32","10","22","8","3","5","1","1","0","272","95","177","9","0","9","8","2","6","1","1","0","-2"
"148380","Rock Valley College","2020","First major","'99'","Grand total","Associate's degree","902","370","532","1","0","1","30","16","14","52","19","33","166","48","118","2","0","2","602","269","333","20","7","13","25","10","15","4","1","3","-2"
"148405","Rockford University","2020","First major","'99'","Grand total","Bachelor's degree","224","79","145","1","0","1","10","5","5","15","4","11","35","7","28","0","0","0","141","50","91","7","2","5","1","1","0","14","10","4","-2"
"148405","Rockford University","2020","First major","'99'","Grand total","Master's degree","83","31","52","0","0","0","2","0","2","6","0","6","8","5","3","0","0","0","57","23","34","6","2","4","2","1","1","2","0","2","-2"
"148487","Roosevelt University","2020","First major","'99'","Grand total","Associate's degree","139","74","65","0","0","0","0","0","0","36","19","17","57","26","31","0","0","0","31","21","10","1","0","1","13","7","6","1","1","0","-2"
"148487","Roosevelt University","2020","First major","'99'","Grand total","Bachelor's degree","964","379","585","3","1","2","58","24","34","131","50","81","262","91","171","2","2","0","412","164","248","21","10","11","39","18","21","36","19","17","-2"
"148487","Roosevelt University","2020","First major","'99'","Grand total","Master's degree","671","210","461","7","0","7","43","12","31","122","36","86","85","24","61","0","0","0","292","98","194","24","6","18","36","10","26","62","24","38","-2"
"148487","Roosevelt University","2020","First major","'99'","Grand total","Doctor's degree - research/scholarship","5","2","3","0","0","0","0","0","0","2","0","2","0","0","0","0","0","0","2","1","1","0","0","0","1","1","0","0","0","0","-2"
"148487","Roosevelt University","2020","First major","'99'","Grand total","Doctor's degree - professional practice","76","29","47","0","0","0","13","5","8","6","4","2","6","2","4","0","0","0","48","18","30","1","0","1","0","0","0","2","0","2","-2"
"148487","Roosevelt University","2020","Second major","'99'","Grand total","Bachelor's degree","16","5","11","1","1","0","2","1","1","0","0","0","5","1","4","0","0","0","8","2","6","0","0","0","0","0","0","0","0","0","-2"
"148496","Dominican University","2020","First major","'99'","Grand total","Bachelor's degree","495","147","348","1","0","1","10","2","8","27","6","21","246","63","183","1","0","1","166","54","112","5","1","4","16","5","11","23","16","7","-2"
"148496","Dominican University","2020","First major","'99'","Grand total","Master's degree","291","62","229","0","0","0","10","3","7","27","5","22","77","14","63","1","0","1","134","28","106","2","0","2","25","6","19","15","6","9","-2"
"148496","Dominican University","2020","First major","'99'","Grand total","Doctor's degree - research/scholarship","1","0","1","0","0","0","0","0","0","0","0","0","0","0","0","0","0","0","1","0","1","0","0","0","0","0","0","0","0","0","-2"
"148496","Dominican University","2020","Second major","'99'","Grand total","Bachelor's degree","80","24","56","0","0","0","1","0","1","5","0","5","43","10","33","0","0","0","26","10","16","0","0","0","0","0","0","5","4","1","-2"
"148511","Rush University","2020","First major","'99'","Grand total","Bachelor's degree","47","18","29","0","0","0","6","3","3","5","1","4","12","5","7","0","0","0","21","8","13","0","0","0","3","1","2","0","0","0","-2"
"148511","Rush University","2020","First major","'99'","Grand total","Master's degree","385","87","298","0","0","0","35","6","29","34","9","25","44","9","35","0","0","0","219","43","176","8","2","6","38","15","23","7","3","4","-2"
"148511","Rush University","2020","First major","'99'","Grand total","Doctor's degree - research/scholarship","15","9","6","0","0","0","3","1","2","0","0","0","0","0","0","0","0","0","7","4","3","0","0","0","1","0","1","4","4","0","-2"
"148511","Rush University","2020","First major","'99'","Grand total","Doctor's degree - professional practice","397","103","294","0","0","0","53","25","28","13","1","12","23","6","17","0","0","0","280","66","214","8","2","6","20","3","17","0","0","0","-2"
"148575","Saint Francis Medical Center College of Nursing","2020","First major","'99'","Grand total","Bachelor's degree","148","18","130","0","0","0","5","2","3","6","1","5","4","0","4","0","0","0","127","15","112","4","0","4","1","0","1","1","0","1","-2"
"148575","Saint Francis Medical Center College of Nursing","2020","First major","'99'","Grand total","Master's degree","41","9","32","0","0","0","0","0","0","2","1","1","0","0","0","0","0","0","39","8","31","0","0","0","0","0","0","0","0","0","-2"
"148575","Saint Francis Medical Center College of Nursing","2020","First major","'99'","Grand total","Doctor's degree - other","3","1","2","0","0","0","0","0","0","0","0","0","0","0","0","0","0","0","3","1","2","0","0","0","0","0","0","0","0","0","-2"
"148584","University of St Francis","2020","First major","'99'","Grand total","Bachelor's degree","406","137","269","1","1","0","8","1","7","34","17","17","72","23","49","0","0","0","273","83","190","9","5","4","2","0","2","7","7","0","-2"
"148584","University of St Francis","2020","First major","'99'","Grand total","Master's degree","505","100","405","1","0","1","13","4","9","38","10","28","46","9","37","1","0","1","378","66","312","5","0","5","2","0","2","21","11","10","-2"
"148584","University of St Francis","2020","First major","'99'","Grand total","Doctor's degree - research/scholarship","30","10","20","0","0","0","1","1","0","11","2","9","1","0","1","0","0","0","17","7","10","0","0","0","0","0","0","0","0","0","-2"
"148584","University of St Francis","2020","First major","'99'","Grand total","Doctor's degree - other","2","0","2","0","0","0","0","0","0","0","0","0","0","0","0","0","0","0","2","0","2","0","0","0","0","0","0","0","0","0","-2"
"148584","University of St Francis","2020","Second major","'99'","Grand total","Bachelor's degree","20","10","10","0","0","0","0","0","0","0","0","0","6","1","5","0","0","0","10","6","4","0","0","0","1","0","1","3","3","0","-2"
"148593","St. John's College-Department of Nursing","2020","First major","'99'","Grand total","Bachelor's degree","57","4","53","1","0","1","0","0","0","6","1","5","1","0","1","0","0","0","49","3","46","0","0","0","0","0","0","0","0","0","-2"
"148593","St. John's College-Department of Nursing","2020","First major","'99'","Grand total","Master's degree","9","1","8","0","0","0","0","0","0","1","0","1","0","0","0","0","0","0","8","1","7","0","0","0","0","0","0","0","0","0","-2"
"148627","Saint Xavier University","2020","First major","'99'","Grand total","Bachelor's degree","664","222","442","0","0","0","18","8","10","68","19","49","221","76","145","0","0","0","323","108","215","12","1","11","22","10","12","0","0","0","-2"
"148627","Saint Xavier University","2020","First major","'99'","Grand total","Master's degree","260","64","196","0","0","0","8","1","7","26","7","19","27","8","19","0","0","0","152","37","115","3","1","2","44","10","34","0","0","0","-2"
"148627","Saint Xavier University","2020","Second major","'99'","Grand total","Bachelor's degree","75","34","41","0","0","0","0","0","0","9","2","7","29","14","15","0","0","0","35","17","18","0","0","0","2","1","1","0","0","0","-2"
"148627","Saint Xavier University","2020","Second major","'99'","Grand total","Master's degree","4","3","1","0","0","0","1","1","0","1","1","0","2","1","1","0","0","0","0","0","0","0","0","0","0","0","0","0","0","0","-2"
"148654","University of Illinois Springfield","2020","First major","'99'","Grand total","Bachelor's degree","619","315","304","2","1","1","21","12","9","73","32","41","39","20","19","0","0","0","426","220","206","25","13","12","6","2","4","27","15","12","-2"
"148654","University of Illinois Springfield","2020","First major","'99'","Grand total","Master's degree","528","256","272","0","0","0","32","21","11","45","16","29","17","6","11","0","0","0","258","126","132","9","3","6","5","1","4","162","83","79","-2"
"148654","University of Illinois Springfield","2020","First major","'99'","Grand total","Doctor's degree - research/scholarship","8","4","4","0","0","0","0","0","0","3","2","1","0","0","0","0","0","0","5","2","3","0","0","0","0","0","0","0","0","0","-2"
"148672","Sauk Valley Community College","2020","First major","'99'","Grand total","Associate's degree","249","81","168","0","0","0","4","1","3","3","0","3","38","12","26","0","0","0","195","65","130","3","2","1","6","1","5","0","0","0","-2"
"148821","Shawnee Community College","2020","First major","'99'","Grand total","Associate's degree","269","87","182","1","0","1","1","0","1","23","3","20","13","6","7","0","0","0","223","76","147","0","0","0","8","2","6","0","0","0","-2"
"148876","Saint Augustine College","2020","First major","'99'","Grand total","Associate's degree","177","50","127","0","0","0","9","7","2","5","0","5","151","39","112","0","0","0","2","0","2","0","0","0","3","1","2","7","3","4","-2"
"148876","Saint Augustine College","2020","First major","'99'","Grand total","Bachelor's degree","51","4","47","0","0","0","4","1","3","1","0","1","45","3","42","0","0","0","0","0","0","0","0","0","0","0","0","1","0","1","-2"
"148885","University of Saint Mary of the Lake","2020","First major","'99'","Grand total","Master's degree","51","51","0","0","0","0","6","6","0","1","1","0","6","6","0","0","0","0","33","33","0","1","1","0","0","0","0","4","4","0","-2"
"148885","University of Saint Mary of the Lake","2020","First major","'99'","Grand total","Doctor's degree - other","5","4","1","0","0","0","0","0","0","0","0","0","0","0","0","0","0","0","4","3","1","0","0","0","0","0","0","1","1","0","-2"
"148937","Southeastern Illinois College","2020","First major","'99'","Grand total","Associate's degree","168","71","97","0","0","0","2","0","2","1","1","0","3","3","0","0","0","0","150","60","90","6","3","3","2","1","1","4","3","1","-2"
"148982","Spertus College","2020","First major","'99'","Grand total","Master's degree","21","4","17","0","0","0","0","0","0","0","0","0","0","0","0","0","0","0","21","4","17","0","0","0","0","0","0","0","0","0","-2"
"148982","Spertus College","2020","First major","'99'","Grand total","Doctor's degree - research/scholarship","2","1","1","0","0","0","0","0","0","0","0","0","0","0","0","0","0","0","2","1","1","0","0","0","0","0","0","0","0","0","-2"
"148991","Spoon River College","2020","First major","'99'","Grand total","Associate's degree","201","75","126","0","0","0","2","2","0","15","3","12","8","2","6","0","0","0","173","66","107","2","2","0","1","0","1","0","0","0","-2"
"149028","Saint Anthony College of Nursing","2020","First major","'99'","Grand total","Bachelor's degree","81","11","70","2","0","2","3","1","2","3","1","2","8","0","8","1","1","0","61","7","54","2","0","2","0","0","0","1","1","0","-2"
"149028","Saint Anthony College of Nursing","2020","First major","'99'","Grand total","Master's degree","3","2","1","0","0","0","0","0","0","0","0","0","0","0","0","0","0","0","3","2","1","0","0","0","0","0","0","0","0","0","-2"
"149028","Saint Anthony College of Nursing","2020","First major","'99'","Grand total","Doctor's degree - other","8","1","7","0","0","0","0","0","0","1","0","1","0","0","0","0","0","0","7","1","6","0","0","0","0","0","0","0","0","0","-2"
"149222","Southern Illinois University-Carbondale","2020","First major","'99'","Grand total","Associate's degree","93","48","45","0","0","0","0","0","0","0","0","0","10","6","4","0","0","0","79","39","40","3","2","1","0","0","0","1","1","0","-2"
"149222","Southern Illinois University-Carbondale","2020","First major","'99'","Grand total","Bachelor's degree","2588","1422","1166","10","7","3","63","36","27","348","174","174","232","125","107","1","1","0","1731","963","768","90","41","49","6","3","3","107","72","35","-2"
"149222","Southern Illinois University-Carbondale","2020","First major","'99'","Grand total","Master's degree","762","329","433","2","0","2","18","11","7","108","36","72","29","19","10","0","0","0","448","181","267","13","3","10","2","2","0","142","77","65","-2"
"149222","Southern Illinois University-Carbondale","2020","First major","'99'","Grand total","Doctor's degree - research/scholarship","135","60","75","0","0","0","5","1","4","12","6","6","1","0","1","0","0","0","52","21","31","5","1","4","0","0","0","60","31","29","-2"
"149222","Southern Illinois University-Carbondale","2020","First major","'99'","Grand total","Doctor's degree - professional practice","170","94","76","0","0","0","7","3","4","13","2","11","5","3","2","0","0","0","136","78","58","6","6","0","0","0","0","3","2","1","-2"
"149222","Southern Illinois University-Carbondale","2020","Second major","'99'","Grand total","Bachelor's degree","47","23","24","0","0","0","1","1","0","9","5","4","2","1","1","0","0","0","32","15","17","1","0","1","0","0","0","2","1","1","-2"
"149222","Southern Illinois University-Carbondale","2020","Second major","'99'","Grand total","Master's degree","8","4","4","0","0","0","0","0","0","0","0","0","0","0","0","0","0","0","2","0","2","0","0","0","0","0","0","6","4","2","-2"
"149231","Southern Illinois University-Edwardsville","2020","First major","'99'","Grand total","Bachelor's degree","2558","1074","1484","6","3","3","46","25","21","261","84","177","103","46","57","4","2","2","1992","846","1146","89","29","60","25","14","11","32","25","7","-2"
"149231","Southern Illinois University-Edwardsville","2020","First major","'99'","Grand total","Master's degree","637","262","375","0","0","0","11","4","7","54","12","42","18","11","7","1","1","0","435","169","266","21","6","15","10","3","7","87","56","31","-2"
"149231","Southern Illinois University-Edwardsville","2020","First major","'99'","Grand total","Doctor's degree - research/scholarship","6","6","0","0","0","0","0","0","0","0","0","0","0","0","0","0","0","0","6","6","0","0","0","0","0","0","0","0","0","0","-2"
"149231","Southern Illinois University-Edwardsville","2020","First major","'99'","Grand total","Doctor's degree - professional practice","140","64","76","1","0","1","9","2","7","4","1","3","5","1","4","0","0","0","96","46","50","1","0","1","23","13","10","1","1","0","-2"
"149231","Southern Illinois University-Edwardsville","2020","First major","'99'","Grand total","Doctor's degree - other","67","12","55","0","0","0","4","0","4","2","0","2","2","0","2","0","0","0","57","12","45","1","0","1","1","0","1","0","0","0","-2"
"149231","Southern Illinois University-Edwardsville","2020","Second major","'99'","Grand total","Bachelor's degree","39","13","26","0","0","0","1","0","1","4","0","4","0","0","0","0","0","0","31","13","18","2","0","2","1","0","1","0","0","0","-2"
"149310","Taylor Business Institute","2020","First major","'99'","Grand total","Associate's degree","41","28","13","0","0","0","0","0","0","1","1","0","2","1","1","0","0","0","1","0","1","0","0","0","0","0","0","37","26","11","-2"
"149329","Telshe Yeshiva-Chicago","2020","First major","'99'","Grand total","Bachelor's degree","0","0","0","0","0","0","0","0","0","0","0","0","0","0","0","0","0","0","0","0","0","0","0","0","0","0","0","0","0","0","-2"
"149329","Telshe Yeshiva-Chicago","2020","First major","'99'","Grand total","Master's degree","0","0","0","0","0","0","0","0","0","0","0","0","0","0","0","0","0","0","0","0","0","0","0","0","0","0","0","0","0","0","-2"
"149365","South Suburban College","2020","First major","'99'","Grand total","Associate's degree","312","92","220","2","1","1","6","4","2","146","31","115","85","29","56","0","0","0","67","25","42","5","2","3","1","0","1","0","0","0","-2"
"149505","Trinity Christian College","2020","First major","'99'","Grand total","Bachelor's degree","232","75","157","2","1","1","5","1","4","15","2","13","41","13","28","0","0","0","151","52","99","2","1","1","9","1","8","7","4","3","-2"
"149505","Trinity Christian College","2020","First major","'99'","Grand total","Master's degree","17","0","17","0","0","0","0","0","0","1","0","1","2","0","2","0","0","0","10","0","10","0","0","0","4","0","4","0","0","0","-2"
"149505","Trinity Christian College","2020","Second major","'99'","Grand total","Bachelor's degree","34","8","26","0","0","0","3","0","3","0","0","0","2","0","2","0","0","0","23","7","16","0","0","0","4","0","4","2","1","1","-2"
"149514","Trinity International University-Illinois","2020","First major","'99'","Grand total","Bachelor's degree","112","53","59","0","0","0","4","3","1","9","5","4","6","3","3","0","0","0","81","34","47","6","2","4","2","2","0","4","4","0","-2"
"149514","Trinity International University-Illinois","2020","First major","'99'","Grand total","Master's degree","175","115","60","0","0","0","12","8","4","11","6","5","5","4","1","0","0","0","105","75","30","6","3","3","9","5","4","27","14","13","-2"
"149514","Trinity International University-Illinois","2020","First major","'99'","Grand total","Doctor's degree - research/scholarship","31","27","4","0","0","0","5","4","1","1","1","0","0","0","0","0","0","0","17","15","2","0","0","0","2","2","0","6","5","1","-2"
"149514","Trinity International University-Illinois","2020","Second major","'99'","Grand total","Bachelor's degree","11","6","5","0","0","0","0","0","0","1","1","0","1","1","0","0","0","0","8","3","5","0","0","0","0","0","0","1","1","0","-2"
"149532","Triton College","2020","First major","'99'","Grand total","Associate's degree","932","388","544","0","0","0","33","15","18","113","34","79","400","149","251","1","1","0","329","165","164","22","11","11","22","8","14","12","5","7","-2"
"149639","VanderCook College of Music","2020","First major","'99'","Grand total","Bachelor's degree","19","9","10","0","0","0","0","0","0","2","2","0","3","3","0","0","0","0","13","4","9","1","0","1","0","0","0","0","0","0","-2"
"149639","VanderCook College of Music","2020","First major","'99'","Grand total","Master's degree","32","13","19","0","0","0","1","1","0","1","0","1","1","1","0","0","0","0","28","10","18","0","0","0","1","1","0","0","0","0","-2"
"149727","Waubonsee Community College","2020","First major","'99'","Grand total","Associate's degree","1020","480","540","1","0","1","32","12","20","52","16","36","317","140","177","0","0","0","587","298","289","18","8","10","10","6","4","3","0","3","-2"
"149763","Resurrection University","2020","First major","'99'","Grand total","Bachelor's degree","453","79","374","2","0","2","67","11","56","81","13","68","135","26","109","2","1","1","128","20","108","16","1","15","22","7","15","0","0","0","-2"
"149763","Resurrection University","2020","First major","'99'","Grand total","Master's degree","41","6","35","0","0","0","9","1","8","8","1","7","8","2","6","0","0","0","15","2","13","1","0","1","0","0","0","0","0","0","-2"
"149763","Resurrection University","2020","First major","'99'","Grand total","Doctor's degree - professional practice","11","1","10","0","0","0","1","0","1","2","0","2","1","0","1","0","0","0","5","1","4","2","0","2","0","0","0","0","0","0","-2"
"149772","Western Illinois University","2020","First major","'99'","Grand total","Bachelor's degree","1644","776","868","2","0","2","19","6","13","240","93","147","184","78","106","1","1","0","1114","548","566","44","25","19","24","13","11","16","12","4","-2"
"149772","Western Illinois University","2020","First major","'99'","Grand total","Master's degree","593","265","328","2","1","1","11","3","8","58","31","27","35","7","28","0","0","0","339","135","204","10","3","7","10","5","5","128","80","48","-2"
"149772","Western Illinois University","2020","First major","'99'","Grand total","Doctor's degree - research/scholarship","12","6","6","0","0","0","0","0","0","0","0","0","0","0","0","0","0","0","12","6","6","0","0","0","0","0","0","0","0","0","-2"
"149772","Western Illinois University","2020","Second major","'99'","Grand total","Bachelor's degree","38","9","29","0","0","0","1","1","0","1","1","0","9","2","7","0","0","0","27","5","22","0","0","0","0","0","0","0","0","0","-2"
"149781","Wheaton College","2020","First major","'99'","Grand total","Bachelor's degree","559","246","313","2","0","2","57","23","34","15","6","9","27","13","14","0","0","0","417","180","237","25","14","11","2","1","1","14","9","5","-2"
"149781","Wheaton College","2020","First major","'99'","Grand total","Master's degree","183","83","100","1","0","1","19","8","11","7","4","3","5","2","3","0","0","0","96","40","56","9","2","7","12","7","5","34","20","14","-2"
"149781","Wheaton College","2020","First major","'99'","Grand total","Doctor's degree - research/scholarship","5","3","2","0","0","0","0","0","0","0","0","0","0","0","0","0","0","0","4","3","1","0","0","0","0","0","0","1","0","1","-2"
"149781","Wheaton College","2020","First major","'99'","Grand total","Doctor's degree - professional practice","15","6","9","0","0","0","1","0","1","0","0","0","0","0","0","0","0","0","11","6","5","0","0","0","3","0","3","0","0","0","-2"
"149781","Wheaton College","2020","Second major","'99'","Grand total","Bachelor's degree","87","36","51","0","0","0","10","2","8","1","1","0","7","1","6","0","0","0","67","31","36","1","0","1","0","0","0","1","1","0","-2"
"149842","William Rainey Harper College","2020","First major","'99'","Grand total","Associate's degree","1881","860","1021","1","1","0","243","118","125","41","15","26","411","167","244","2","2","0","1100","513","587","39","19","20","28","15","13","16","10","6","-2"
"150048","Ancilla College","2020","First major","'99'","Grand total","Associate's degree","103","22","81","0","0","0","0","0","0","26","0","26","9","4","5","0","0","0","60","14","46","5","2","3","0","0","0","3","2","1","-2"
"150048","Ancilla College","2020","Second major","'99'","Grand total","Associate's degree","2","0","2","0","0","0","0","0","0","0","0","0","0","0","0","0","0","0","2","0","2","0","0","0","0","0","0","0","0","0","-2"
"150066","Anderson University","2020","First major","'99'","Grand total","Associate's degree","7","4","3","0","0","0","0","0","0","1","1","0","0","0","0","0","0","0","4","3","1","2","0","2","0","0","0","0","0","0","-2"
"150066","Anderson University","2020","First major","'99'","Grand total","Bachelor's degree","303","111","192","0","0","0","1","1","0","18","6","12","5","3","2","0","0","0","256","89","167","16","8","8","2","2","0","5","2","3","-2"
"150066","Anderson University","2020","First major","'99'","Grand total","Master's degree","85","51","34","0","0","0","2","1","1","11","6","5","1","1","0","0","0","0","59","32","27","0","0","0","3","3","0","9","8","1","-2"
"150066","Anderson University","2020","First major","'99'","Grand total","Doctor's degree - research/scholarship","11","7","4","0","0","0","0","0","0","1","0","1","0","0","0","0","0","0","8","5","3","0","0","0","2","2","0","0","0","0","-2"
"150066","Anderson University","2020","Second major","'99'","Grand total","Bachelor's degree","21","13","8","0","0","0","0","0","0","0","0","0","0","0","0","0","0","0","19","11","8","1","1","0","1","1","0","0","0","0","-2"
"150136","Ball State University","2020","First major","'99'","Grand total","Associate's degree","56","14","42","0","0","0","0","0","0","6","3","3","3","0","3","0","0","0","45","10","35","2","1","1","0","0","0","0","0","0","-2"
"150136","Ball State University","2020","First major","'99'","Grand total","Bachelor's degree","3359","1337","2022","2","2","0","36","10","26","240","95","145","143","57","86","2","2","0","2726","1080","1646","103","42","61","35","19","16","72","30","42","-2"
"150136","Ball State University","2020","First major","'99'","Grand total","Master's degree","2266","416","1850","1","0","1","72","8","64","112","18","94","178","30","148","3","0","3","1718","305","1413","60","12","48","60","16","44","62","27","35","-2"
"150136","Ball State University","2020","First major","'99'","Grand total","Doctor's degree - research/scholarship","78","28","50","0","0","0","1","0","1","4","3","1","2","0","2","0","0","0","64","22","42","0","0","0","1","1","0","6","2","4","-2"
"150136","Ball State University","2020","First major","'99'","Grand total","Doctor's degree - professional practice","0","0","0","0","0","0","0","0","0","0","0","0","0","0","0","0","0","0","0","0","0","0","0","0","0","0","0","0","0","0","-2"
"150136","Ball State University","2020","Second major","'99'","Grand total","Bachelor's degree","272","131","141","0","0","0","2","0","2","16","7","9","11","5","6","0","0","0","232","115","117","9","2","7","2","2","0","0","0","0","-2"
"150136","Ball State University","2020","Second major","'99'","Grand total","Master's degree","16","2","14","1","0","1","0","0","0","2","0","2","2","1","1","0","0","0","7","0","7","1","0","1","1","0","1","2","1","1","-2"
"150145","Bethel University","2020","First major","'99'","Grand total","Associate's degree","24","3","21","0","0","0","0","0","0","6","1","5","1","0","1","0","0","0","15","1","14","2","1","1","0","0","0","0","0","0","-2"
"150145","Bethel University","2020","First major","'99'","Grand total","Bachelor's degree","280","107","173","0","0","0","1","0","1","30","9","21","30","16","14","0","0","0","186","74","112","26","6","20","1","0","1","6","2","4","-2"
"150145","Bethel University","2020","First major","'99'","Grand total","Master's degree","81","33","48","1","0","1","3","2","1","9","4","5","8","4","4","0","0","0","58","22","36","1","0","1","0","0","0","1","1","0","-2"
"150145","Bethel University","2020","Second major","'99'","Grand total","Bachelor's degree","8","5","3","0","0","0","0","0","0","1","1","0","0","0","0","0","0","0","6","4","2","1","0","1","0","0","0","0","0","0","-2"
"150163","Butler University","2020","First major","'99'","Grand total","Associate's degree","2","0","2","0","0","0","0","0","0","0","0","0","0","0","0","0","0","0","2","0","2","0","0","0","0","0","0","0","0","0","-2"
"150163","Butler University","2020","First major","'99'","Grand total","Bachelor's degree","955","373","582","1","0","1","30","10","20","29","12","17","33","13","20","1","0","1","797","310","487","39","14","25","14","7","7","11","7","4","-2"
"150163","Butler University","2020","First major","'99'","Grand total","Master's degree","226","80","146","0","0","0","7","3","4","5","3","2","5","2","3","0","0","0","187","62","125","5","2","3","9","5","4","8","3","5","-2"
"150163","Butler University","2020","First major","'99'","Grand total","Doctor's degree - professional practice","98","35","63","0","0","0","8","2","6","1","0","1","5","2","3","0","0","0","77","27","50","4","3","1","3","1","2","0","0","0","-2"
"150163","Butler University","2020","Second major","'99'","Grand total","Bachelor's degree","220","100","120","0","0","0","7","3","4","2","1","1","9","2","7","1","0","1","183","87","96","10","3","7","4","0","4","4","4","0","-2"
"150163","Butler University","2020","Second major","'99'","Grand total","Master's degree","1","0","1","0","0","0","0","0","0","1","0","1","0","0","0","0","0","0","0","0","0","0","0","0","0","0","0","0","0","0","-2"
"150172","Calumet College of Saint Joseph","2020","First major","'99'","Grand total","Associate's degree","7","2","5","0","0","0","0","0","0","2","1","1","1","1","0","0","0","0","4","0","4","0","0","0","0","0","0","0","0","0","-2"
"150172","Calumet College of Saint Joseph","2020","First major","'99'","Grand total","Bachelor's degree","88","45","43","0","0","0","1","1","0","25","16","9","26","13","13","0","0","0","36","15","21","0","0","0","0","0","0","0","0","0","-2"
"150172","Calumet College of Saint Joseph","2020","First major","'99'","Grand total","Master's degree","68","44","24","0","0","0","0","0","0","14","7","7","17","13","4","0","0","0","37","24","13","0","0","0","0","0","0","0","0","0","-2"
"150215","Christian Theological Seminary","2020","First major","'99'","Grand total","Master's degree","28","8","20","0","0","0","0","0","0","9","1","8","1","0","1","0","0","0","18","7","11","0","0","0","0","0","0","0","0","0","-2"
"150215","Christian Theological Seminary","2020","First major","'99'","Grand total","Doctor's degree - research/scholarship","0","0","0","0","0","0","0","0","0","0","0","0","0","0","0","0","0","0","0","0","0","0","0","0","0","0","0","0","0","0","-2"
"150215","Christian Theological Seminary","2020","First major","'99'","Grand total","Doctor's degree - professional practice","4","4","0","0","0","0","0","0","0","0","0","0","0","0","0","0","0","0","4","4","0","0","0","0","0","0","0","0","0","0","-2"
"150251","College of Court Reporting Inc","2020","First major","'99'","Grand total","Associate's degree","11","2","9","0","0","0","0","0","0","1","0","1","1","0","1","1","0","1","8","2","6","0","0","0","0","0","0","0","0","0","-2"
"150288","Concordia Theological Seminary","2020","First major","'99'","Grand total","Master's degree","54","48","6","0","0","0","0","0","0","0","0","0","0","0","0","0","0","0","49","44","5","0","0","0","3","2","1","2","2","0","-2"
"150288","Concordia Theological Seminary","2020","First major","'99'","Grand total","Doctor's degree - research/scholarship","12","12","0","0","0","0","0","0","0","0","0","0","0","0","0","0","0","0","11","11","0","0","0","0","0","0","0","1","1","0","-2"
"150400","DePauw University","2020","First major","'99'","Grand total","Bachelor's degree","455","194","261","0","0","0","18","7","11","23","11","12","44","15","29","0","0","0","297","130","167","15","6","9","6","2","4","52","23","29","-2"
"150400","DePauw University","2020","Second major","'99'","Grand total","Bachelor's degree","95","34","61","0","0","0","4","1","3","7","2","5","11","4","7","0","0","0","51","18","33","2","1","1","0","0","0","20","8","12","-2"
"150455","Earlham College","2020","First major","'99'","Grand total","Bachelor's degree","264","111","153","0","0","0","12","7","5","19","5","14","15","5","10","0","0","0","136","60","76","0","0","0","10","2","8","72","32","40","-2"
"150455","Earlham College","2020","First major","'99'","Grand total","Master's degree","19","8","11","0","0","0","0","0","0","0","0","0","0","0","0","0","0","0","13","4","9","0","0","0","3","2","1","3","2","1","-2"
"150455","Earlham College","2020","Second major","'99'","Grand total","Master's degree","3","1","2","0","0","0","0","0","0","0","0","0","0","0","0","0","0","0","3","1","2","0","0","0","0","0","0","0","0","0","-2"
"150534","University of Evansville","2020","First major","'99'","Grand total","Associate's degree","13","4","9","0","0","0","0","0","0","0","0","0","1","1","0","0","0","0","12","3","9","0","0","0","0","0","0","0","0","0","-2"
"150534","University of Evansville","2020","First major","'99'","Grand total","Bachelor's degree","445","185","260","0","0","0","8","4","4","18","6","12","8","6","2","0","0","0","323","116","207","10","5","5","10","3","7","68","45","23","-2"
"150534","University of Evansville","2020","First major","'99'","Grand total","Master's degree","66","18","48","0","0","0","0","0","0","1","0","1","0","0","0","1","1","0","28","6","22","0","0","0","28","7","21","8","4","4","-2"
"150534","University of Evansville","2020","First major","'99'","Grand total","Doctor's degree - professional practice","41","10","31","0","0","0","0","0","0","0","0","0","0","0","0","0","0","0","29","6","23","1","1","0","11","3","8","0","0","0","-2"
"150534","University of Evansville","2020","Second major","'99'","Grand total","Bachelor's degree","44","18","26","0","0","0","2","0","2","4","1","3","2","2","0","0","0","0","26","9","17","2","1","1","2","0","2","6","5","1","-2"
"150604","Franklin College","2020","First major","'99'","Grand total","Bachelor's degree","187","97","90","0","0","0","2","0","2","5","4","1","4","1","3","0","0","0","167","86","81","7","4","3","1","1","0","1","1","0","-2"
"150604","Franklin College","2020","First major","'99'","Grand total","Master's degree","10","7","3","0","0","0","0","0","0","0","0","0","0","0","0","0","0","0","6","4","2","1","1","0","3","2","1","0","0","0","-2"
"150604","Franklin College","2020","Second major","'99'","Grand total","Bachelor's degree","33","18","15","0","0","0","0","0","0","1","1","0","2","0","2","0","0","0","28","15","13","2","2","0","0","0","0","0","0","0","-2"
"150668","Goshen College","2020","First major","'99'","Grand total","Bachelor's degree","184","59","125","0","0","0","6","1","5","12","5","7","30","7","23","0","0","0","115","36","79","1","0","1","1","0","1","19","10","9","-2"
"150668","Goshen College","2020","First major","'99'","Grand total","Master's degree","22","5","17","0","0","0","0","0","0","2","0","2","1","0","1","0","0","0","19","5","14","0","0","0","0","0","0","0","0","0","-2"
"150668","Goshen College","2020","First major","'99'","Grand total","Doctor's degree - other","0","0","0","0","0","0","0","0","0","0","0","0","0","0","0","0","0","0","0","0","0","0","0","0","0","0","0","0","0","0","-2"
"150668","Goshen College","2020","Second major","'99'","Grand total","Bachelor's degree","11","4","7","0","0","0","0","0","0","1","0","1","1","0","1","0","0","0","8","4","4","0","0","0","0","0","0","1","0","1","-2"
"150677","Grace College and Theological Seminary","2020","First major","'99'","Grand total","Associate's degree","16","6","10","0","0","0","0","0","0","1","0","1","0","0","0","0","0","0","13","6","7","0","0","0","2","0","2","0","0","0","-2"
"150677","Grace College and Theological Seminary","2020","First major","'99'","Grand total","Bachelor's degree","378","157","221","0","0","0","4","3","1","8","3","5","18","9","9","0","0","0","325","132","193","10","5","5","6","2","4","7","3","4","-2"
"150677","Grace College and Theological Seminary","2020","First major","'99'","Grand total","Master's degree","122","55","67","1","0","1","2","1","1","4","1","3","4","1","3","0","0","0","103","48","55","2","1","1","1","1","0","5","2","3","-2"
"150677","Grace College and Theological Seminary","2020","First major","'99'","Grand total","Doctor's degree - other","17","15","2","0","0","0","2","2","0","1","1","0","0","0","0","0","0","0","2","2","0","1","1","0","1","1","0","10","8","2","-2"
"150677","Grace College and Theological Seminary","2020","Second major","'99'","Grand total","Bachelor's degree","48","21","27","0","0","0","0","0","0","1","0","1","2","1","1","0","0","0","41","17","24","2","2","0","1","0","1","1","1","0","-2"
"150756","Hanover College","2020","First major","'99'","Grand total","Bachelor's degree","234","105","129","0","0","0","1","0","1","15","7","8","8","3","5","1","1","0","185","82","103","4","3","1","16","6","10","4","3","1","-2"
"150756","Hanover College","2020","Second major","'99'","Grand total","Bachelor's degree","28","7","21","0","0","0","0","0","0","1","0","1","1","0","1","0","0","0","24","6","18","1","0","1","0","0","0","1","1","0","-2"
"150774","Holy Cross College","2020","First major","'99'","Grand total","Associate's degree","72","46","26","0","0","0","0","0","0","9","6","3","14","6","8","0","0","0","32","22","10","7","5","2","7","5","2","3","2","1","-2"
"150774","Holy Cross College","2020","First major","'99'","Grand total","Bachelor's degree","85","48","37","0","0","0","1","1","0","5","3","2","19","7","12","0","0","0","50","34","16","3","1","2","6","1","5","1","1","0","-2"
"150774","Holy Cross College","2020","Second major","'99'","Grand total","Bachelor's degree","6","4","2","0","0","0","0","0","0","1","0","1","0","0","0","0","0","0","4","4","0","0","0","0","1","0","1","0","0","0","-2"
"150941","Huntington University","2020","First major","'99'","Grand total","Associate's degree","0","0","0","0","0","0","0","0","0","0","0","0","0","0","0","0","0","0","0","0","0","0","0","0","0","0","0","0","0","0","-2"
"150941","Huntington University","2020","First major","'99'","Grand total","Bachelor's degree","179","73","106","0","0","0","0","0","0","4","2","2","7","4","3","0","0","0","149","58","91","7","1","6","0","0","0","12","8","4","-2"
"150941","Huntington University","2020","First major","'99'","Grand total","Master's degree","55","20","35","0","0","0","1","0","1","3","1","2","0","0","0","0","0","0","50","19","31","1","0","1","0","0","0","0","0","0","-2"
"150941","Huntington University","2020","First major","'99'","Grand total","Doctor's degree - professional practice","35","1","34","0","0","0","2","0","2","1","0","1","0","0","0","0","0","0","31","1","30","1","0","1","0","0","0","0","0","0","-2"
"150941","Huntington University","2020","Second major","'99'","Grand total","Bachelor's degree","34","14","20","0","0","0","0","0","0","0","0","0","0","0","0","0","0","0","28","12","16","1","0","1","0","0","0","5","2","3","-2"
"150987","Ivy Tech Community College","2020","First major","'99'","Grand total","Associate's degree","9038","3479","5559","32","16","16","189","63","126","740","204","536","277","83","194","10","2","8","7128","2855","4273","273","91","182","271","109","162","118","56","62","-2"
"151102","Purdue University Fort Wayne","2020","First major","'99'","Grand total","Associate's degree","59","40","19","0","0","0","2","2","0","3","2","1","2","2","0","0","0","0","50","32","18","0","0","0","1","1","0","1","1","0","-2"
"151102","Purdue University Fort Wayne","2020","First major","'99'","Grand total","Bachelor's degree","1238","529","709","2","0","2","33","11","22","41","14","27","59","28","31","1","1","0","1011","433","578","36","9","27","5","2","3","50","31","19","-2"
"151102","Purdue University Fort Wayne","2020","First major","'99'","Grand total","Master's degree","191","92","99","1","0","1","7","3","4","8","4","4","12","4","8","0","0","0","124","53","71","4","3","1","0","0","0","35","25","10","-2"
"151102","Purdue University Fort Wayne","2020","Second major","'99'","Grand total","Bachelor's degree","21","10","11","0","0","0","1","0","1","0","0","0","3","1","2","0","0","0","17","9","8","0","0","0","0","0","0","0","0","0","-2"
"151111","Indiana University-Purdue University-Indianapolis","2020","First major","'99'","Grand total","Associate's degree","77","16","61","0","0","0","4","0","4","9","1","8","3","1","2","0","0","0","54","9","45","4","3","1","1","0","1","2","2","0","-2"
"151111","Indiana University-Purdue University-Indianapolis","2020","First major","'99'","Grand total","Bachelor's degree","4486","1784","2702","2","0","2","239","109","130","397","124","273","304","106","198","2","1","1","3108","1233","1875","199","69","130","18","10","8","217","132","85","-2"
"151111","Indiana University-Purdue University-Indianapolis","2020","First major","'99'","Grand total","Master's degree","1898","688","1210","2","0","2","84","40","44","165","42","123","76","14","62","1","0","1","1214","410","804","47","12","35","11","3","8","298","167","131","-2"
"151111","Indiana University-Purdue University-Indianapolis","2020","First major","'99'","Grand total","Doctor's degree - research/scholarship","109","48","61","0","0","0","11","6","5","10","3","7","3","2","1","0","0","0","49","21","28","1","1","0","1","0","1","34","15","19","-2"
"151111","Indiana University-Purdue University-Indianapolis","2020","First major","'99'","Grand total","Doctor's degree - professional practice","747","380","367","0","0","0","80","41","39","47","13","34","59","31","28","0","0","0","513","274","239","27","9","18","7","5","2","14","7","7","-2"
"151111","Indiana University-Purdue University-Indianapolis","2020","Second major","'99'","Grand total","Bachelor's degree","27","6","21","0","0","0","1","1","0","4","0","4","0","0","0","0","0","0","18","4","14","3","1","2","0","0","0","1","0","1","-2"
"151263","University of Indianapolis","2020","First major","'99'","Grand total","Associate's degree","30","14","16","0","0","0","0","0","0","2","0","2","2","1","1","0","0","0","21","9","12","2","2","0","3","2","1","0","0","0","-2"
"151263","University of Indianapolis","2020","First major","'99'","Grand total","Bachelor's degree","949","313","636","1","1","0","16","4","12","69","24","45","50","12","38","0","0","0","636","179","457","18","6","12","25","7","18","134","80","54","-2"
"151263","University of Indianapolis","2020","First major","'99'","Grand total","Master's degree","391","116","275","1","1","0","13","2","11","40","12","28","20","5","15","0","0","0","280","82","198","3","1","2","14","6","8","20","7","13","-2"
"151263","University of Indianapolis","2020","First major","'99'","Grand total","Doctor's degree - research/scholarship","31","8","23","0","0","0","3","1","2","0","0","0","0","0","0","0","0","0","26","6","20","1","1","0","0","0","0","1","0","1","-2"
"151263","University of Indianapolis","2020","First major","'99'","Grand total","Doctor's degree - professional practice","100","21","79","0","0","0","2","0","2","0","0","0","1","0","1","0","0","0","93","21","72","0","0","0","3","0","3","1","0","1","-2"
"151263","University of Indianapolis","2020","Second major","'99'","Grand total","Bachelor's degree","37","10","27","0","0","0","1","0","1","3","0","3","1","0","1","0","0","0","27","8","19","1","1","0","1","0","1","3","1","2","-2"
"151290","Indiana Institute of Technology","2020","First major","'99'","Grand total","Associate's degree","7","4","3","0","0","0","0","0","0","3","1","2","0","0","0","0","0","0","4","3","1","0","0","0","0","0","0","0","0","0","-2"
"151290","Indiana Institute of Technology","2020","First major","'99'","Grand total","Bachelor's degree","276","197","79","0","0","0","4","3","1","29","16","13","13","8","5","0","0","0","131","85","46","8","7","1","8","7","1","83","71","12","-2"
"151290","Indiana Institute of Technology","2020","First major","'99'","Grand total","Master's degree","186","95","91","1","1","0","3","2","1","43","14","29","3","2","1","1","1","0","91","42","49","1","0","1","6","3","3","37","30","7","-2"
"151290","Indiana Institute of Technology","2020","First major","'99'","Grand total","Doctor's degree - research/scholarship","19","10","9","0","0","0","0","0","0","5","1","4","1","1","0","0","0","0","7","4","3","1","0","1","3","2","1","2","2","0","-2"
"151306","University of Southern Indiana","2020","First major","'99'","Grand total","Associate's degree","45","4","41","0","0","0","1","0","1","1","0","1","1","0","1","0","0","0","37","3","34","5","1","4","0","0","0","0","0","0","-2"
"151306","University of Southern Indiana","2020","First major","'99'","Grand total","Bachelor's degree","1573","562","1011","3","0","3","17","6","11","65","27","38","69","38","31","1","1","0","1356","457","899","31","9","22","1","0","1","30","24","6","-2"
"151306","University of Southern Indiana","2020","First major","'99'","Grand total","Master's degree","674","255","419","4","2","2","19","10","9","37","15","22","17","5","12","0","0","0","554","199","355","17","7","10","0","0","0","26","17","9","-2"
"151306","University of Southern Indiana","2020","First major","'99'","Grand total","Doctor's degree - research/scholarship","0","0","0","0","0","0","0","0","0","0","0","0","0","0","0","0","0","0","0","0","0","0","0","0","0","0","0","0","0","0","-2"
"151306","University of Southern Indiana","2020","First major","'99'","Grand total","Doctor's degree - professional practice","4","0","4","0","0","0","0","0","0","0","0","0","0","0","0","0","0","0","4","0","4","0","0","0","0","0","0","0","0","0","-2"
"151306","University of Southern Indiana","2020","Second major","'99'","Grand total","Bachelor's degree","63","21","42","0","0","0","0","0","0","3","1","2","5","2","3","0","0","0","54","17","37","1","1","0","0","0","0","0","0","0","-2"
"151324","Indiana State University","2020","First major","'99'","Grand total","Bachelor's degree","1969","818","1151","5","2","3","16","5","11","272","103","169","85","32","53","0","0","0","1402","560","842","71","26","45","9","4","5","109","86","23","-2"
"151324","Indiana State University","2020","First major","'99'","Grand total","Master's degree","499","179","320","0","0","0","6","1","5","48","18","30","12","5","7","0","0","0","372","126","246","13","4","9","4","2","2","44","23","21","-2"
"151324","Indiana State University","2020","First major","'99'","Grand total","Doctor's degree - research/scholarship","59","28","31","0","0","0","1","1","0","6","2","4","3","1","2","0","0","0","38","19","19","3","0","3","0","0","0","8","5","3","-2"
"151324","Indiana State University","2020","First major","'99'","Grand total","Doctor's degree - professional practice","66","32","34","0","0","0","2","1","1","1","0","1","2","1","1","0","0","0","53","25","28","4","2","2","2","1","1","2","2","0","-2"
"151324","Indiana State University","2020","Second major","'99'","Grand total","Bachelor's degree","103","64","39","0","0","0","0","0","0","2","1","1","1","0","1","0","0","0","93","58","35","2","2","0","0","0","0","5","3","2","-2"
"151333","Indiana University-Kokomo","2020","First major","'99'","Grand total","Associate's degree","11","0","11","0","0","0","0","0","0","0","0","0","0","0","0","0","0","0","11","0","11","0","0","0","0","0","0","0","0","0","-2"
"151333","Indiana University-Kokomo","2020","First major","'99'","Grand total","Bachelor's degree","559","146","413","2","1","1","9","1","8","19","8","11","30","7","23","0","0","0","467","118","349","13","6","7","11","2","9","8","3","5","-2"
"151333","Indiana University-Kokomo","2020","First major","'99'","Grand total","Master's degree","57","12","45","0","0","0","0","0","0","2","1","1","2","0","2","0","0","0","35","7","28","3","1","2","2","1","1","13","2","11","-2"
"151342","Indiana University-South Bend","2020","First major","'99'","Grand total","Associate's degree","17","4","13","0","0","0","0","0","0","2","1","1","0","0","0","0","0","0","14","2","12","1","1","0","0","0","0","0","0","0","-2"
"151342","Indiana University-South Bend","2020","First major","'99'","Grand total","Bachelor's degree","808","297","511","1","0","1","19","7","12","51","12","39","83","31","52","2","1","1","578","205","373","27","11","16","4","1","3","43","29","14","-2"
"151342","Indiana University-South Bend","2020","First major","'99'","Grand total","Master's degree","105","35","70","0","0","0","6","2","4","14","5","9","4","1","3","0","0","0","73","22","51","2","1","1","0","0","0","6","4","2","-2"
"151342","Indiana University-South Bend","2020","Second major","'99'","Grand total","Bachelor's degree","7","2","5","0","0","0","0","0","0","1","0","1","0","0","0","0","0","0","4","1","3","0","0","0","0","0","0","2","1","1","-2"
"151342","Indiana University-South Bend","2020","Second major","'99'","Grand total","Master's degree","1","1","0","0","0","0","0","0","0","0","0","0","0","0","0","0","0","0","0","0","0","0","0","0","0","0","0","1","1","0","-2"
"151351","Indiana University-Bloomington","2020","First major","'99'","Grand total","Associate's degree","1","1","0","0","0","0","0","0","0","0","0","0","0","0","0","0","0","0","1","1","0","0","0","0","0","0","0","0","0","0","-2"
"151351","Indiana University-Bloomington","2020","First major","'99'","Grand total","Bachelor's degree","7635","3839","3796","5","2","3","443","248","195","296","132","164","470","222","248","2","1","1","5295","2668","2627","307","147","160","16","12","4","801","407","394","-2"
"151351","Indiana University-Bloomington","2020","First major","'99'","Grand total","Master's degree","2702","1535","1167","2","1","1","174","97","77","105","54","51","103","62","41","1","0","1","1513","852","661","68","38","30","46","32","14","690","399","291","-2"
"151351","Indiana University-Bloomington","2020","First major","'99'","Grand total","Doctor's degree - research/scholarship","472","239","233","1","0","1","19","8","11","23","8","15","13","8","5","0","0","0","257","127","130","9","4","5","0","0","0","150","84","66","-2"
"151351","Indiana University-Bloomington","2020","First major","'99'","Grand total","Doctor's degree - professional practice","235","97","138","0","0","0","14","2","12","9","4","5","10","5","5","0","0","0","174","78","96","4","1","3","5","1","4","19","6","13","-2"
"151351","Indiana University-Bloomington","2020","Second major","'99'","Grand total","Bachelor's degree","199","66","133","0","0","0","8","2","6","5","3","2","12","3","9","0","0","0","149","47","102","13","5","8","0","0","0","12","6","6","-2"
"151351","Indiana University-Bloomington","2020","Second major","'99'","Grand total","Doctor's degree - research/scholarship","30","18","12","0","0","0","0","0","0","0","0","0","0","0","0","0","0","0","21","12","9","0","0","0","0","0","0","9","6","3","-2"
"151360","Indiana University-Northwest","2020","First major","'99'","Grand total","Associate's degree","47","2","45","1","0","1","1","0","1","5","0","5","5","0","5","0","0","0","33","2","31","1","0","1","1","0","1","0","0","0","-2"
"151360","Indiana University-Northwest","2020","First major","'99'","Grand total","Bachelor's degree","533","137","396","0","0","0","19","8","11","56","11","45","125","28","97","0","0","0","305","84","221","23","3","20","3","1","2","2","2","0","-2"
"151360","Indiana University-Northwest","2020","First major","'99'","Grand total","Master's degree","93","36","57","0","0","0","2","2","0","16","4","12","14","8","6","0","0","0","60","21","39","1","1","0","0","0","0","0","0","0","-2"
"151360","Indiana University-Northwest","2020","Second major","'99'","Grand total","Bachelor's degree","9","4","5","0","0","0","1","0","1","0","0","0","2","2","0","0","0","0","6","2","4","0","0","0","0","0","0","0","0","0","-2"
"151379","Indiana University-Southeast","2020","First major","'99'","Grand total","Associate's degree","7","2","5","0","0","0","0","0","0","1","0","1","0","0","0","0","0","0","5","1","4","0","0","0","1","1","0","0","0","0","-2"
"151379","Indiana University-Southeast","2020","First major","'99'","Grand total","Bachelor's degree","814","285","529","0","0","0","12","7","5","28","10","18","28","7","21","0","0","0","708","245","463","31","11","20","4","4","0","3","1","2","-2"
"151379","Indiana University-Southeast","2020","First major","'99'","Grand total","Master's degree","102","39","63","0","0","0","2","1","1","3","2","1","8","3","5","0","0","0","85","32","53","2","0","2","0","0","0","2","1","1","-2"
"151379","Indiana University-Southeast","2020","Second major","'99'","Grand total","Bachelor's degree","15","5","10","0","0","0","0","0","0","0","0","0","1","0","1","0","0","0","12","4","8","2","1","1","0","0","0","0","0","0","-2"
"151388","Indiana University-East","2020","First major","'99'","Grand total","Bachelor's degree","748","244","504","5","2","3","9","6","3","28","7","21","17","7","10","0","0","0","594","180","414","29","7","22","51","23","28","15","12","3","-2"
"151388","Indiana University-East","2020","First major","'99'","Grand total","Master's degree","71","17","54","0","0","0","0","0","0","5","1","4","2","1","1","0","0","0","61","13","48","2","1","1","0","0","0","1","1","0","-2"
"151467","International Business College-Indianapolis","2020","First major","'99'","Grand total","Associate's degree","136","24","112","0","0","0","3","2","1","10","2","8","12","3","9","0","0","0","99","14","85","10","2","8","2","1","1","0","0","0","-2"
"151661","Lincoln College of Technology-Indianapolis","2020","First major","'99'","Grand total","Associate's degree","88","80","8","2","0","2","6","6","0","10","10","0","15","15","0","0","0","0","52","47","5","1","0","1","2","2","0","0","0","0","-2"
"151777","Manchester University","2020","First major","'99'","Grand total","Associate's degree","0","0","0","0","0","0","0","0","0","0","0","0","0","0","0","0","0","0","0","0","0","0","0","0","0","0","0","0","0","0","-2"
"151777","Manchester University","2020","First major","'99'","Grand total","Bachelor's degree","216","89","127","0","0","0","3","0","3","14","6","8","11","5","6","0","0","0","161","64","97","9","6","3","4","2","2","14","6","8","-2"
"151777","Manchester University","2020","First major","'99'","Grand total","Master's degree","31","14","17","0","0","0","1","1","0","2","0","2","3","2","1","0","0","0","16","8","8","2","1","1","3","0","3","4","2","2","-2"
"151777","Manchester University","2020","First major","'99'","Grand total","Doctor's degree - professional practice","63","27","36","0","0","0","6","3","3","5","0","5","4","2","2","0","0","0","48","22","26","0","0","0","0","0","0","0","0","0","-2"
"151777","Manchester University","2020","Second major","'99'","Grand total","Bachelor's degree","54","24","30","0","0","0","0","0","0","0","0","0","1","1","0","0","0","0","43","19","24","3","2","1","0","0","0","7","2","5","-2"
"151786","Marian University","2020","First major","'99'","Grand total","Associate's degree","12","0","12","0","0","0","0","0","0","1","0","1","1","0","1","0","0","0","9","0","9","0","0","0","1","0","1","0","0","0","-2"
"151786","Marian University","2020","First major","'99'","Grand total","Bachelor's degree","633","185","448","1","0","1","17","1","16","52","17","35","31","11","20","0","0","0","490","143","347","16","4","12","18","6","12","8","3","5","-2"
"151786","Marian University","2020","First major","'99'","Grand total","Master's degree","182","53","129","0","0","0","9","1","8","27","9","18","11","2","9","0","0","0","121","36","85","8","5","3","6","0","6","0","0","0","-2"
"151786","Marian University","2020","First major","'99'","Grand total","Doctor's degree - professional practice","174","80","94","1","0","1","15","4","11","3","0","3","8","3","5","0","0","0","128","64","64","9","3","6","6","5","1","4","1","3","-2"
"151786","Marian University","2020","Second major","'99'","Grand total","Bachelor's degree","25","14","11","0","0","0","0","0","0","0","0","0","2","1","1","0","0","0","19","11","8","0","0","0","1","1","0","3","1","2","-2"
"151801","Indiana Wesleyan University-Marion","2020","First major","'99'","Grand total","Associate's degree","3","0","3","0","0","0","0","0","0","0","0","0","0","0","0","0","0","0","3","0","3","0","0","0","0","0","0","0","0","0","-2"
"151801","Indiana Wesleyan University-Marion","2020","First major","'99'","Grand total","Bachelor's degree","555","181","374","1","0","1","9","2","7","8","3","5","23","9","14","0","0","0","470","154","316","23","4","19","11","3","8","10","6","4","-2"
"151801","Indiana Wesleyan University-Marion","2020","First major","'99'","Grand total","Master's degree","96","18","78","0","0","0","1","1","0","7","0","7","1","1","0","0","0","0","69","12","57","2","0","2","16","4","12","0","0","0","-2"
"151801","Indiana Wesleyan University-Marion","2020","Second major","'99'","Grand total","Bachelor's degree","109","47","62","0","0","0","3","0","3","2","2","0","1","0","1","0","0","0","89","41","48","10","2","8","2","1","1","2","1","1","-2"
"151810","Martin University","2020","First major","'99'","Grand total","Bachelor's degree","31","5","26","0","0","0","0","0","0","28","5","23","0","0","0","0","0","0","2","0","2","1","0","1","0","0","0","0","0","0","-2"
"151810","Martin University","2020","First major","'99'","Grand total","Master's degree","12","3","9","0","0","0","0","0","0","11","3","8","0","0","0","0","0","0","1","0","1","0","0","0","0","0","0","0","0","0","-2"
"151865","Anabaptist Mennonite Biblical Seminary","2020","First major","'99'","Grand total","Master's degree","13","6","7","0","0","0","0","0","0","0","0","0","0","0","0","0","0","0","10","4","6","0","0","0","0","0","0","3","2","1","-2"
"151962","Mid-America College of Funeral Service","2020","First major","'99'","Grand total","Associate's degree","30","12","18","0","0","0","0","0","0","2","1","1","0","0","0","0","0","0","28","11","17","0","0","0","0","0","0","0","0","0","-2"
"151962","Mid-America College of Funeral Service","2020","First major","'99'","Grand total","Bachelor's degree","15","8","7","0","0","0","0","0","0","1","1","0","0","0","0","0","0","0","14","7","7","0","0","0","0","0","0","0","0","0","-2"
"152080","University of Notre Dame","2020","First major","'99'","Grand total","Bachelor's degree","2223","1176","1047","0","0","0","111","48","63","92","43","49","226","103","123","1","1","0","1530","855","675","113","44","69","11","7","4","139","75","64","-2"
"152080","University of Notre Dame","2020","First major","'99'","Grand total","Master's degree","1160","678","482","2","1","1","50","30","20","24","11","13","72","37","35","0","0","0","652","396","256","42","22","20","16","8","8","302","173","129","-2"
"152080","University of Notre Dame","2020","First major","'99'","Grand total","Doctor's degree - research/scholarship","239","154","85","0","0","0","9","6","3","4","1","3","14","10","4","0","0","0","125","78","47","2","2","0","7","5","2","78","52","26","-2"
"152080","University of Notre Dame","2020","First major","'99'","Grand total","Doctor's degree - professional practice","201","111","90","1","1","0","14","4","10","10","7","3","18","9","9","0","0","0","137","77","60","12","6","6","5","4","1","4","3","1","-2"
"152080","University of Notre Dame","2020","Second major","'99'","Grand total","Bachelor's degree","661","326","335","0","0","0","34","16","18","20","5","15","70","26","44","0","0","0","462","251","211","30","8","22","4","2","2","41","18","23","-2"
"152099","Oakland City University","2020","First major","'99'","Grand total","Associate's degree","73","34","39","0","0","0","2","1","1","4","3","1","2","1","1","0","0","0","61","28","33","1","1","0","3","0","3","0","0","0","-2"
"152099","Oakland City University","2020","First major","'99'","Grand total","Bachelor's degree","111","47","64","0","0","0","0","0","0","12","6","6","2","1","1","0","0","0","83","35","48","0","0","0","14","5","9","0","0","0","-2"
"152099","Oakland City University","2020","First major","'99'","Grand total","Master's degree","45","26","19","0","0","0","0","0","0","6","3","3","0","0","0","0","0","0","35","20","15","0","0","0","4","3","1","0","0","0","-2"
"152099","Oakland City University","2020","First major","'99'","Grand total","Doctor's degree - research/scholarship","22","9","13","0","0","0","0","0","0","6","3","3","0","0","0","0","0","0","15","6","9","0","0","0","1","0","1","0","0","0","-2"
"152099","Oakland City University","2020","First major","'99'","Grand total","Doctor's degree - professional practice","0","0","0","0","0","0","0","0","0","0","0","0","0","0","0","0","0","0","0","0","0","0","0","0","0","0","0","0","0","0","-2"
"152318","Rose-Hulman Institute of Technology","2020","First major","'99'","Grand total","Bachelor's degree","469","334","135","2","1","1","24","15","9","14","13","1","17","7","10","3","2","1","304","215","89","23","16","7","1","1","0","81","64","17","-2"
"152318","Rose-Hulman Institute of Technology","2020","First major","'99'","Grand total","Master's degree","29","19","10","0","0","0","3","1","2","0","0","0","1","1","0","0","0","0","15","11","4","1","1","0","1","1","0","8","4","4","-2"
"152318","Rose-Hulman Institute of Technology","2020","Second major","'99'","Grand total","Bachelor's degree","73","52","21","0","0","0","7","5","2","2","2","0","2","1","1","0","0","0","41","26","15","3","2","1","1","1","0","17","15","2","-2"
"152336","University of Saint Francis-Fort Wayne","2020","First major","'99'","Grand total","Associate's degree","88","6","82","0","0","0","3","0","3","2","0","2","11","0","11","0","0","0","69","5","64","1","0","1","2","1","1","0","0","0","-2"
"152336","University of Saint Francis-Fort Wayne","2020","First major","'99'","Grand total","Bachelor's degree","360","115","245","0","0","0","4","1","3","12","9","3","20","10","10","0","0","0","302","89","213","7","2","5","12","2","10","3","2","1","-2"
"152336","University of Saint Francis-Fort Wayne","2020","First major","'99'","Grand total","Master's degree","186","69","117","0","0","0","4","3","1","21","7","14","11","5","6","1","0","1","142","51","91","3","1","2","2","2","0","2","0","2","-2"
"152336","University of Saint Francis-Fort Wayne","2020","First major","'99'","Grand total","Doctor's degree - professional practice","0","0","0","0","0","0","0","0","0","0","0","0","0","0","0","0","0","0","0","0","0","0","0","0","0","0","0","0","0","0","-2"
"152336","University of Saint Francis-Fort Wayne","2020","Second major","'99'","Grand total","Bachelor's degree","1","0","1","0","0","0","0","0","0","0","0","0","0","0","0","0","0","0","1","0","1","0","0","0","0","0","0","0","0","0","-2"
"152381","Saint Mary-of-the-Woods College","2020","First major","'99'","Grand total","Associate's degree","5","0","5","0","0","0","0","0","0","1","0","1","1","0","1","0","0","0","3","0","3","0","0","0","0","0","0","0","0","0","-2"
"152381","Saint Mary-of-the-Woods College","2020","First major","'99'","Grand total","Bachelor's degree","166","27","139","0","0","0","0","0","0","6","1","5","5","0","5","0","0","0","137","25","112","8","0","8","9","1","8","1","0","1","-2"
"152381","Saint Mary-of-the-Woods College","2020","First major","'99'","Grand total","Master's degree","54","6","48","1","0","1","2","0","2","4","1","3","0","0","0","0","0","0","34","3","31","0","0","0","13","2","11","0","0","0","-2"
"152381","Saint Mary-of-the-Woods College","2020","Second major","'99'","Grand total","Bachelor's degree","9","3","6","0","0","0","0","0","0","0","0","0","0","0","0","0","0","0","9","3","6","0","0","0","0","0","0","0","0","0","-2"
"152390","Saint Mary's College","2020","First major","'99'","Grand total","Bachelor's degree","340","0","340","1","0","1","9","0","9","5","0","5","37","0","37","1","0","1","264","0","264","6","0","6","9","0","9","8","0","8","-2"
"152390","Saint Mary's College","2020","First major","'99'","Grand total","Master's degree","31","1","30","0","0","0","1","0","1","0","0","0","5","1","4","0","0","0","22","0","22","1","0","1","2","0","2","0","0","0","-2"
"152390","Saint Mary's College","2020","First major","'99'","Grand total","Doctor's degree - professional practice","3","0","3","0","0","0","0","0","0","0","0","0","0","0","0","0","0","0","3","0","3","0","0","0","0","0","0","0","0","0","-2"
"152390","Saint Mary's College","2020","Second major","'99'","Grand total","Bachelor's degree","44","0","44","0","0","0","2","0","2","0","0","0","8","0","8","0","0","0","32","0","32","0","0","0","1","0","1","1","0","1","-2"
"152451","Saint Meinrad School of Theology","2020","First major","'99'","Grand total","Master's degree","60","51","9","0","0","0","0","0","0","2","1","1","1","1","0","0","0","0","47","40","7","0","0","0","0","0","0","10","9","1","-2"
"152530","Taylor University","2020","First major","'99'","Grand total","Associate's degree","1","0","1","0","0","0","0","0","0","0","0","0","0","0","0","0","0","0","1","0","1","0","0","0","0","0","0","0","0","0","-2"
"152530","Taylor University","2020","First major","'99'","Grand total","Bachelor's degree","410","173","237","0","0","0","13","7","6","10","4","6","12","6","6","1","0","1","348","146","202","0","0","0","0","0","0","26","10","16","-2"
"152530","Taylor University","2020","First major","'99'","Grand total","Master's degree","7","4","3","0","0","0","0","0","0","0","0","0","1","0","1","0","0","0","6","4","2","0","0","0","0","0","0","0","0","0","-2"
"152530","Taylor University","2020","Second major","'99'","Grand total","Bachelor's degree","34","17","17","0","0","0","1","0","1","0","0","0","0","0","0","0","0","0","28","15","13","0","0","0","0","0","0","5","2","3","-2"
"152567","Trine University","2020","First major","'99'","Grand total","Associate's degree","6","0","6","0","0","0","0","0","0","1","0","1","0","0","0","0","0","0","4","0","4","0","0","0","1","0","1","0","0","0","-2"
"152567","Trine University","2020","First major","'99'","Grand total","Bachelor's degree","404","279","125","1","0","1","6","4","2","14","12","2","12","10","2","0","0","0","328","216","112","10","9","1","10","7","3","23","21","2","-2"
"152567","Trine University","2020","First major","'99'","Grand total","Master's degree","1","1","0","0","0","0","0","0","0","0","0","0","0","0","0","0","0","0","0","0","0","0","0","0","1","1","0","0","0","0","-2"
"152567","Trine University","2020","First major","'99'","Grand total","Doctor's degree - professional practice","34","8","26","0","0","0","1","0","1","0","0","0","0","0","0","0","0","0","13","4","9","0","0","0","19","4","15","1","0","1","-2"
"152567","Trine University","2020","Second major","'99'","Grand total","Bachelor's degree","17","5","12","0","0","0","1","1","0","0","0","0","2","1","1","0","0","0","13","3","10","1","0","1","0","0","0","0","0","0","-2"
"152600","Valparaiso University","2020","First major","'99'","Grand total","Associate's degree","1","0","1","0","0","0","0","0","0","0","0","0","0","0","0","0","0","0","1","0","1","0","0","0","0","0","0","0","0","0","-2"
"152600","Valparaiso University","2020","First major","'99'","Grand total","Bachelor's degree","806","321","485","1","1","0","17","5","12","33","14","19","67","28","39","0","0","0","603","232","371","21","3","18","31","12","19","33","26","7","-2"
"152600","Valparaiso University","2020","First major","'99'","Grand total","Master's degree","198","93","105","0","0","0","2","1","1","11","3","8","13","4","9","1","0","1","62","21","41","5","2","3","25","13","12","79","49","30","-2"
"152600","Valparaiso University","2020","First major","'99'","Grand total","Doctor's degree - professional practice","42","10","32","0","0","0","0","0","0","6","0","6","2","0","2","0","0","0","30","10","20","1","0","1","3","0","3","0","0","0","-2"
"152600","Valparaiso University","2020","Second major","'99'","Grand total","Bachelor's degree","123","47","76","0","0","0","2","1","1","3","2","1","11","2","9","0","0","0","99","38","61","1","0","1","4","2","2","3","2","1","-2"
"152637","Vincennes University","2020","First major","'99'","Grand total","Associate's degree","1527","807","720","7","2","5","37","21","16","122","55","67","193","88","105","3","2","1","1074","582","492","35","22","13","36","22","14","20","13","7","-2"
"152637","Vincennes University","2020","First major","'99'","Grand total","Bachelor's degree","189","95","94","0","0","0","0","0","0","7","4","3","13","8","5","0","0","0","163","78","85","4","3","1","2","2","0","0","0","0","-2"
"152673","Wabash College","2020","First major","'99'","Grand total","Bachelor's degree","177","177","0","0","0","0","4","4","0","12","12","0","11","11","0","0","0","0","133","133","0","4","4","0","5","5","0","8","8","0","-2"
"152673","Wabash College","2020","Second major","'99'","Grand total","Bachelor's degree","19","19","0","0","0","0","0","0","0","0","0","0","0","0","0","0","0","0","18","18","0","1","1","0","0","0","0","0","0","0","-2"
"152798","Allen College","2020","First major","'99'","Grand total","Associate's degree","10","2","8","0","0","0","0","0","0","0","0","0","0","0","0","0","0","0","9","2","7","0","0","0","1","0","1","0","0","0","-2"
"152798","Allen College","2020","First major","'99'","Grand total","Bachelor's degree","146","7","139","0","0","0","1","0","1","1","0","1","4","0","4","0","0","0","125","7","118","4","0","4","11","0","11","0","0","0","-2"
"152798","Allen College","2020","First major","'99'","Grand total","Master's degree","65","6","59","0","0","0","2","0","2","0","0","0","1","1","0","0","0","0","56","5","51","2","0","2","4","0","4","0","0","0","-2"
"152798","Allen College","2020","First major","'99'","Grand total","Doctor's degree - research/scholarship","1","0","1","0","0","0","0","0","0","0","0","0","0","0","0","0","0","0","1","0","1","0","0","0","0","0","0","0","0","0","-2"
"152798","Allen College","2020","First major","'99'","Grand total","Doctor's degree - other","0","0","0","0","0","0","0","0","0","0","0","0","0","0","0","0","0","0","0","0","0","0","0","0","0","0","0","0","0","0","-2"
"152992","Briar Cliff University","2020","First major","'99'","Grand total","Associate's degree","0","0","0","0","0","0","0","0","0","0","0","0","0","0","0","0","0","0","0","0","0","0","0","0","0","0","0","0","0","0","-2"
"152992","Briar Cliff University","2020","First major","'99'","Grand total","Bachelor's degree","222","80","142","1","1","0","4","1","3","22","10","12","34","13","21","3","1","2","150","48","102","1","1","0","0","0","0","7","5","2","-2"
"152992","Briar Cliff University","2020","First major","'99'","Grand total","Master's degree","49","13","36","1","0","1","2","1","1","4","3","1","4","0","4","0","0","0","38","9","29","0","0","0","0","0","0","0","0","0","-2"
"152992","Briar Cliff University","2020","First major","'99'","Grand total","Doctor's degree - professional practice","40","17","23","1","0","1","2","1","1","5","0","5","1","1","0","0","0","0","29","15","14","1","0","1","1","0","1","0","0","0","-2"
"152992","Briar Cliff University","2020","Second major","'99'","Grand total","Bachelor's degree","22","14","8","1","1","0","0","0","0","1","0","1","3","1","2","1","1","0","14","9","5","0","0","0","0","0","0","2","2","0","-2"
"153001","Buena Vista University","2020","First major","'99'","Grand total","Bachelor's degree","436","135","301","0","0","0","4","1","3","7","4","3","17","5","12","0","0","0","333","102","231","18","6","12","55","17","38","2","0","2","-2"
"153001","Buena Vista University","2020","First major","'99'","Grand total","Master's degree","104","15","89","0","0","0","0","0","0","1","0","1","3","1","2","0","0","0","79","12","67","1","0","1","20","2","18","0","0","0","-2"
"153001","Buena Vista University","2020","Second major","'99'","Grand total","Bachelor's degree","113","37","76","0","0","0","0","0","0","1","0","1","5","3","2","0","0","0","83","25","58","5","2","3","19","7","12","0","0","0","-2"
"153108","Central College","2020","First major","'99'","Grand total","Bachelor's degree","252","117","135","1","0","1","3","1","2","1","1","0","12","6","6","0","0","0","226","103","123","5","3","2","4","3","1","0","0","0","-2"
"153108","Central College","2020","Second major","'99'","Grand total","Bachelor's degree","48","23","25","0","0","0","0","0","0","0","0","0","2","1","1","0","0","0","45","21","24","1","1","0","0","0","0","0","0","0","-2"
"153126","Clarke University","2020","First major","'99'","Grand total","Associate's degree","0","0","0","0","0","0","0","0","0","0","0","0","0","0","0","0","0","0","0","0","0","0","0","0","0","0","0","0","0","0","-2"
"153126","Clarke University","2020","First major","'99'","Grand total","Bachelor's degree","140","45","95","0","0","0","1","1","0","9","5","4","6","4","2","3","2","1","112","27","85","3","2","1","3","1","2","3","3","0","-2"
"153126","Clarke University","2020","First major","'99'","Grand total","Master's degree","48","5","43","0","0","0","0","0","0","0","0","0","3","1","2","0","0","0","41","3","38","1","0","1","2","1","1","1","0","1","-2"
"153126","Clarke University","2020","First major","'99'","Grand total","Doctor's degree - professional practice","42","8","34","0","0","0","0","0","0","0","0","0","1","0","1","0","0","0","40","8","32","1","0","1","0","0","0","0","0","0","-2"
"153126","Clarke University","2020","Second major","'99'","Grand total","Bachelor's degree","29","12","17","0","0","0","0","0","0","3","2","1","2","2","0","2","1","1","21","6","15","1","1","0","0","0","0","0","0","0","-2"
"153144","Coe College","2020","First major","'99'","Grand total","Bachelor's degree","302","140","162","3","2","1","12","4","8","19","3","16","26","9","17","1","1","0","208","105","103","11","5","6","6","1","5","16","10","6","-2"
"153144","Coe College","2020","Second major","'99'","Grand total","Bachelor's degree","160","66","94","0","0","0","8","2","6","6","0","6","12","3","9","1","1","0","107","51","56","7","3","4","6","0","6","13","6","7","-2"
"153162","Cornell College","2020","First major","'99'","Grand total","Bachelor's degree","234","117","117","2","1","1","8","3","5","9","6","3","22","6","16","0","0","0","165","87","78","2","0","2","9","5","4","17","9","8","-2"
"153162","Cornell College","2020","First major","'99'","Grand total","Master's degree","0","0","0","0","0","0","0","0","0","0","0","0","0","0","0","0","0","0","0","0","0","0","0","0","0","0","0","0","0","0","-2"
"153162","Cornell College","2020","Second major","'99'","Grand total","Bachelor's degree","63","20","43","1","1","0","4","0","4","2","1","1","5","2","3","0","0","0","44","15","29","0","0","0","2","0","2","5","1","4","-2"
"153214","Des Moines Area Community College","2020","First major","'99'","Grand total","Associate's degree","2199","924","1275","5","4","1","85","36","49","97","42","55","172","66","106","0","0","0","1591","682","909","72","31","41","156","53","103","21","10","11","-2"
"153241","Divine Word College","2020","First major","'99'","Grand total","Associate's degree","6","5","1","0","0","0","0","0","0","0","0","0","0","0","0","0","0","0","0","0","0","0","0","0","0","0","0","6","5","1","-2"
"153241","Divine Word College","2020","First major","'99'","Grand total","Bachelor's degree","8","5","3","0","0","0","0","0","0","1","1","0","0","0","0","0","0","0","0","0","0","0","0","0","0","0","0","7","4","3","-2"
"153250","Dordt University","2020","First major","'99'","Grand total","Associate's degree","16","15","1","0","0","0","0","0","0","0","0","0","0","0","0","0","0","0","15","14","1","0","0","0","0","0","0","1","1","0","-2"
"153250","Dordt University","2020","First major","'99'","Grand total","Bachelor's degree","288","137","151","1","1","0","2","0","2","1","1","0","10","5","5","1","1","0","243","115","128","1","0","1","5","2","3","24","12","12","-2"
"153250","Dordt University","2020","First major","'99'","Grand total","Master's degree","69","37","32","0","0","0","0","0","0","0","0","0","0","0","0","0","0","0","61","30","31","1","1","0","7","6","1","0","0","0","-2"
"153250","Dordt University","2020","Second major","'99'","Grand total","Bachelor's degree","85","30","55","0","0","0","1","0","1","0","0","0","5","2","3","1","1","0","71","24","47","0","0","0","0","0","0","7","3","4","-2"
"153269","Drake University","2020","First major","'99'","Grand total","Bachelor's degree","714","288","426","1","0","1","22","8","14","28","10","18","33","9","24","0","0","0","572","237","335","28","5","23","1","0","1","29","19","10","-2"
"153269","Drake University","2020","First major","'99'","Grand total","Master's degree","355","112","243","0","0","0","10","5","5","11","4","7","10","6","4","0","0","0","310","92","218","7","1","6","1","1","0","6","3","3","-2"
"153269","Drake University","2020","First major","'99'","Grand total","Doctor's degree - research/scholarship","40","11","29","0","0","0","0","0","0","1","1","0","1","1","0","0","0","0","37","9","28","0","0","0","1","0","1","0","0","0","-2"
"153269","Drake University","2020","First major","'99'","Grand total","Doctor's degree - professional practice","225","87","138","0","0","0","17","5","12","7","3","4","7","1","6","0","0","0","188","77","111","2","0","2","1","0","1","3","1","2","-2"
"153269","Drake University","2020","Second major","'99'","Grand total","Bachelor's degree","131","63","68","0","0","0","4","1","3","2","1","1","5","3","2","0","0","0","111","53","58","2","0","2","0","0","0","7","5","2","-2"
"153278","University of Dubuque","2020","First major","'99'","Grand total","Associate's degree","0","0","0","0","0","0","0","0","0","0","0","0","0","0","0","0","0","0","0","0","0","0","0","0","0","0","0","0","0","0","-2"
"153278","University of Dubuque","2020","First major","'99'","Grand total","Bachelor's degree","371","197","174","2","1","1","5","4","1","26","18","8","23","17","6","2","2","0","256","106","150","7","3","4","8","5","3","42","41","1","-2"
"153278","University of Dubuque","2020","First major","'99'","Grand total","Master's degree","155","74","81","0","0","0","2","0","2","7","3","4","7","2","5","0","0","0","107","49","58","2","2","0","28","16","12","2","2","0","-2"
"153278","University of Dubuque","2020","First major","'99'","Grand total","Doctor's degree - professional practice","3","2","1","0","0","0","1","1","0","0","0","0","0","0","0","0","0","0","2","1","1","0","0","0","0","0","0","0","0","0","-2"
"153278","University of Dubuque","2020","Second major","'99'","Grand total","Bachelor's degree","42","19","23","0","0","0","0","0","0","1","1","0","1","1","0","0","0","0","36","15","21","2","1","1","1","0","1","1","1","0","-2"
"153296","Ellsworth Community College","2020","First major","'99'","Grand total","Associate's degree","161","69","92","1","1","0","0","0","0","20","19","1","9","5","4","0","0","0","123","38","85","0","0","0","2","1","1","6","5","1","-2"
"153302","Emmaus Bible College","2020","First major","'99'","Grand total","Associate's degree","13","2","11","0","0","0","1","1","0","1","0","1","1","0","1","0","0","0","8","1","7","1","0","1","0","0","0","1","0","1","-2"
"153302","Emmaus Bible College","2020","First major","'99'","Grand total","Bachelor's degree","34","15","19","1","1","0","0","0","0","1","0","1","1","1","0","0","0","0","30","13","17","0","0","0","1","0","1","0","0","0","-2"
"153302","Emmaus Bible College","2020","Second major","'99'","Grand total","Bachelor's degree","27","12","15","1","1","0","0","0","0","1","0","1","1","1","0","0","0","0","23","10","13","0","0","0","1","0","1","0","0","0","-2"
"153311","Eastern Iowa Community College District","2020","First major","'99'","Grand total","Associate's degree","839","304","535","1","0","1","28","13","15","37","11","26","78","28","50","2","1","1","642","233","409","26","5","21","22","11","11","3","2","1","-2"
"153320","Faith Baptist Bible College and Theological Seminary","2020","First major","'99'","Grand total","Associate's degree","14","5","9","0","0","0","0","0","0","0","0","0","0","0","0","0","0","0","12","5","7","2","0","2","0","0","0","0","0","0","-2"
"153320","Faith Baptist Bible College and Theological Seminary","2020","First major","'99'","Grand total","Bachelor's degree","32","10","22","1","0","1","1","0","1","0","0","0","0","0","0","0","0","0","28","9","19","2","1","1","0","0","0","0","0","0","-2"
"153320","Faith Baptist Bible College and Theological Seminary","2020","First major","'99'","Grand total","Master's degree","13","11","2","0","0","0","0","0","0","0","0","0","0","0","0","0","0","0","13","11","2","0","0","0","0","0","0","0","0","0","-2"
"153320","Faith Baptist Bible College and Theological Seminary","2020","First major","'99'","Grand total","Doctor's degree - research/scholarship","0","0","0","0","0","0","0","0","0","0","0","0","0","0","0","0","0","0","0","0","0","0","0","0","0","0","0","0","0","0","-2"
"153366","Graceland University-Lamoni","2020","First major","'99'","Grand total","Bachelor's degree","294","107","187","2","1","1","5","2","3","9","3","6","27","14","13","3","3","0","212","64","148","7","4","3","12","5","7","17","11","6","-2"
"153366","Graceland University-Lamoni","2020","First major","'99'","Grand total","Master's degree","228","33","195","2","1","1","4","0","4","9","2","7","15","3","12","0","0","0","165","21","144","7","1","6","25","5","20","1","0","1","-2"
"153366","Graceland University-Lamoni","2020","First major","'99'","Grand total","Doctor's degree - other","6","0","6","1","0","1","0","0","0","0","0","0","1","0","1","0","0","0","4","0","4","0","0","0","0","0","0","0","0","0","-2"
"153366","Graceland University-Lamoni","2020","Second major","'99'","Grand total","Bachelor's degree","42","21","21","1","1","0","2","2","0","1","1","0","1","0","1","0","0","0","30","13","17","3","1","2","0","0","0","4","3","1","-2"
"153375","Grand View University","2020","First major","'99'","Grand total","Bachelor's degree","467","183","284","2","2","0","19","6","13","31","18","13","29","8","21","1","1","0","326","130","196","12","2","10","31","7","24","16","9","7","-2"
"153375","Grand View University","2020","First major","'99'","Grand total","Master's degree","52","19","33","1","0","1","2","0","2","1","0","1","1","0","1","0","0","0","40","14","26","3","2","1","0","0","0","4","3","1","-2"
"153375","Grand View University","2020","Second major","'99'","Grand total","Bachelor's degree","65","23","42","0","0","0","2","1","1","2","1","1","3","0","3","0","0","0","45","17","28","4","0","4","3","1","2","6","3","3","-2"
"153384","Grinnell College","2020","First major","'99'","Grand total","Bachelor's degree","386","183","203","0","0","0","31","14","17","18","9","9","29","14","15","0","0","0","186","86","100","12","7","5","23","14","9","87","39","48","-2"
"153384","Grinnell College","2020","Second major","'99'","Grand total","Bachelor's degree","130","53","77","0","0","0","8","5","3","3","0","3","7","5","2","0","0","0","64","21","43","3","0","3","6","5","1","39","17","22","-2"
"153427","Hamilton Technical College","2020","First major","'99'","Grand total","Associate's degree","35","29","6","0","0","0","0","0","0","1","1","0","4","4","0","0","0","0","27","23","4","3","1","2","0","0","0","0","0","0","-2"
"153427","Hamilton Technical College","2020","First major","'99'","Grand total","Bachelor's degree","23","22","1","0","0","0","1","1","0","1","1","0","2","2","0","0","0","0","18","17","1","1","1","0","0","0","0","0","0","0","-2"
"153445","Hawkeye Community College","2020","First major","'99'","Grand total","Associate's degree","639","277","362","2","1","1","10","3","7","23","12","11","27","12","15","0","0","0","556","238","318","16","7","9","0","0","0","5","4","1","-2"
"153472","Indian Hills Community College","2020","First major","'99'","Grand total","Associate's degree","627","272","355","0","0","0","5","4","1","33","21","12","37","17","20","1","0","1","484","196","288","21","8","13","4","3","1","42","23","19","-2"
"153524","Iowa Central Community College","2020","First major","'99'","Grand total","Associate's degree","792","381","411","4","2","2","6","2","4","86","58","28","53","25","28","0","0","0","559","243","316","16","10","6","29","10","19","39","31","8","-2"
"153533","Iowa Lakes Community College","2020","First major","'99'","Grand total","Associate's degree","309","143","166","3","0","3","3","1","2","14","10","4","16","4","12","0","0","0","250","115","135","8","7","1","15","6","9","0","0","0","-2"
"153603","Iowa State University","2020","First major","'99'","Grand total","Bachelor's degree","6835","3738","3097","12","7","5","218","127","91","152","93","59","367","166","201","6","5","1","5119","2795","2324","136","56","80","342","189","153","483","300","183","-2"
"153603","Iowa State University","2020","First major","'99'","Grand total","Master's degree","941","500","441","1","1","0","15","3","12","27","16","11","40","13","27","3","1","2","516","260","256","8","2","6","38","19","19","293","185","108","-2"
"153603","Iowa State University","2020","First major","'99'","Grand total","Doctor's degree - research/scholarship","407","257","150","2","0","2","7","5","2","7","5","2","9","3","6","0","0","0","136","80","56","2","1","1","31","17","14","213","146","67","-2"
"153603","Iowa State University","2020","First major","'99'","Grand total","Doctor's degree - professional practice","138","32","106","1","1","0","0","0","0","0","0","0","2","1","1","0","0","0","63","14","49","2","0","2","70","16","54","0","0","0","-2"
"153603","Iowa State University","2020","Second major","'99'","Grand total","Bachelor's degree","470","231","239","1","1","0","13","7","6","7","3","4","33","15","18","1","0","1","361","178","183","10","5","5","17","9","8","27","13","14","-2"
"153603","Iowa State University","2020","Second major","'99'","Grand total","Master's degree","21","17","4","0","0","0","0","0","0","0","0","0","4","3","1","0","0","0","10","8","2","0","0","0","1","0","1","6","6","0","-2"
"153603","Iowa State University","2020","Second major","'99'","Grand total","Doctor's degree - research/scholarship","22","14","8","0","0","0","0","0","0","0","0","0","0","0","0","0","0","0","9","6","3","1","1","0","2","1","1","10","6","4","-2"
"153621","Iowa Wesleyan University","2020","First major","'99'","Grand total","Bachelor's degree","91","31","60","0","0","0","2","0","2","13","5","8","10","2","8","1","1","0","40","9","31","2","2","0","11","4","7","12","8","4","-2"
"153621","Iowa Wesleyan University","2020","First major","'99'","Grand total","Master's degree","9","3","6","0","0","0","0","0","0","0","0","0","0","0","0","0","0","0","6","2","4","1","0","1","1","1","0","1","0","1","-2"
"153621","Iowa Wesleyan University","2020","Second major","'99'","Grand total","Bachelor's degree","3","2","1","0","0","0","0","0","0","0","0","0","0","0","0","0","0","0","1","0","1","1","1","0","1","1","0","0","0","0","-2"
"153630","Iowa Western Community College","2020","First major","'99'","Grand total","Associate's degree","778","347","431","6","4","2","10","0","10","85","48","37","51","22","29","1","1","0","563","239","324","3","2","1","16","6","10","43","25","18","-2"
"153658","University of Iowa","2020","First major","'99'","Grand total","Bachelor's degree","5586","2592","2994","12","5","7","217","97","120","156","66","90","388","156","232","3","1","2","4018","1834","2184","174","73","101","81","49","32","537","311","226","-2"
"153658","University of Iowa","2020","First major","'99'","Grand total","Master's degree","1396","659","737","3","1","2","59","28","31","46","23","23","60","27","33","0","0","0","977","443","534","33","15","18","54","28","26","164","94","70","-2"
"153658","University of Iowa","2020","First major","'99'","Grand total","Doctor's degree - research/scholarship","428","194","234","1","1","0","13","4","9","16","8","8","18","9","9","0","0","0","246","97","149","1","0","1","30","12","18","103","63","40","-2"
"153658","University of Iowa","2020","First major","'99'","Grand total","Doctor's degree - professional practice","477","236","241","2","1","1","47","20","27","17","8","9","20","11","9","0","0","0","350","181","169","15","4","11","20","9","11","6","2","4","-2"
"153658","University of Iowa","2020","Second major","'99'","Grand total","Bachelor's degree","642","296","346","1","0","1","20","7","13","11","4","7","46","20","26","0","0","0","451","205","246","19","10","9","13","7","6","81","43","38","-2"
"153658","University of Iowa","2020","Second major","'99'","Grand total","Master's degree","2","2","0","0","0","0","0","0","0","0","0","0","0","0","0","0","0","0","1","1","0","0","0","0","0","0","0","1","1","0","-2"
"153658","University of Iowa","2020","Second major","'99'","Grand total","Doctor's degree - research/scholarship","8","0","8","0","0","0","0","0","0","0","0","0","0","0","0","0","0","0","8","0","8","0","0","0","0","0","0","0","0","0","-2"
"153737","Kirkwood Community College","2020","First major","'99'","Grand total","Associate's degree","1610","684","926","1","1","0","29","11","18","118","54","64","65","23","42","1","0","1","1300","552","748","27","8","19","56","30","26","13","5","8","-2"
"153825","Loras College","2020","First major","'99'","Grand total","Bachelor's degree","274","146","128","0","0","0","1","1","0","3","2","1","25","13","12","0","0","0","224","122","102","7","2","5","9","4","5","5","2","3","-2"
"153825","Loras College","2020","First major","'99'","Grand total","Master's degree","27","12","15","0","0","0","0","0","0","0","0","0","0","0","0","0","0","0","25","12","13","1","0","1","1","0","1","0","0","0","-2"
"153825","Loras College","2020","Second major","'99'","Grand total","Bachelor's degree","83","43","40","0","0","0","0","0","0","1","1","0","4","1","3","0","0","0","67","38","29","4","1","3","2","0","2","5","2","3","-2"
"153834","Luther College","2020","First major","'99'","Grand total","Bachelor's degree","405","172","233","3","3","0","5","3","2","8","1","7","14","8","6","0","0","0","335","132","203","3","1","2","2","1","1","35","23","12","-2"
"153834","Luther College","2020","Second major","'99'","Grand total","Bachelor's degree","64","25","39","1","1","0","0","0","0","1","0","1","2","0","2","0","0","0","53","19","34","0","0","0","0","0","0","7","5","2","-2"
"153861","Maharishi International University","2020","First major","'99'","Grand total","Bachelor's degree","85","23","62","1","1","0","2","2","0","9","4","5","5","2","3","0","0","0","17","8","9","4","2","2","43","4","39","4","0","4","-2"
"153861","Maharishi International University","2020","First major","'99'","Grand total","Master's degree","402","316","86","0","0","0","9","4","5","31","23","8","6","3","3","0","0","0","41","17","24","2","2","0","3","1","2","310","266","44","-2"
"153861","Maharishi International University","2020","First major","'99'","Grand total","Doctor's degree - research/scholarship","6","1","5","0","0","0","0","0","0","0","0","0","0","0","0","0","0","0","1","0","1","1","0","1","0","0","0","4","1","3","-2"
"153861","Maharishi International University","2020","Second major","'99'","Grand total","Bachelor's degree","1","1","0","0","0","0","0","0","0","0","0","0","0","0","0","0","0","0","1","1","0","0","0","0","0","0","0","0","0","0","-2"
"153922","Marshalltown Community College","2020","First major","'99'","Grand total","Associate's degree","207","84","123","6","2","4","7","1","6","11","8","3","42","17","25","0","0","0","113","39","74","3","1","2","5","2","3","20","14","6","-2"
"153977","Mercy College of Health Sciences","2020","First major","'99'","Grand total","Associate's degree","59","6","53","1","0","1","0","0","0","3","1","2","2","0","2","1","1","0","50","3","47","2","1","1","0","0","0","0","0","0","-2"
"153977","Mercy College of Health Sciences","2020","First major","'99'","Grand total","Bachelor's degree","203","20","183","1","0","1","7","1","6","16","1","15","7","2","5","1","0","1","154","14","140","9","1","8","8","1","7","0","0","0","-2"
"154004","Morningside College","2020","First major","'99'","Grand total","Bachelor's degree","281","138","143","1","1","0","2","0","2","6","4","2","13","6","7","0","0","0","218","101","117","7","4","3","17","10","7","17","12","5","-2"
"154004","Morningside College","2020","First major","'99'","Grand total","Master's degree","364","42","322","1","0","1","3","0","3","5","0","5","9","2","7","0","0","0","341","38","303","1","0","1","4","2","2","0","0","0","-2"
"154004","Morningside College","2020","First major","'99'","Grand total","Doctor's degree - other","0","0","0","0","0","0","0","0","0","0","0","0","0","0","0","0","0","0","0","0","0","0","0","0","0","0","0","0","0","0","-2"
"154004","Morningside College","2020","Second major","'99'","Grand total","Bachelor's degree","63","21","42","0","0","0","0","0","0","2","1","1","2","1","1","0","0","0","51","13","38","1","0","1","2","2","0","5","4","1","-2"
"154013","Mount Mercy University","2020","First major","'99'","Grand total","Bachelor's degree","415","143","272","6","2","4","6","4","2","38","18","20","2","1","1","2","0","2","320","96","224","8","1","7","18","9","9","15","12","3","-2"
"154013","Mount Mercy University","2020","First major","'99'","Grand total","Master's degree","165","55","110","1","1","0","3","0","3","10","5","5","2","1","1","0","0","0","135","44","91","3","1","2","9","2","7","2","1","1","-2"
"154013","Mount Mercy University","2020","First major","'99'","Grand total","Doctor's degree - research/scholarship","0","0","0","0","0","0","0","0","0","0","0","0","0","0","0","0","0","0","0","0","0","0","0","0","0","0","0","0","0","0","-2"
"154013","Mount Mercy University","2020","First major","'99'","Grand total","Doctor's degree - professional practice","4","1","3","0","0","0","1","1","0","1","0","1","0","0","0","0","0","0","2","0","2","0","0","0","0","0","0","0","0","0","-2"
"154013","Mount Mercy University","2020","Second major","'99'","Grand total","Bachelor's degree","96","43","53","2","1","1","0","0","0","2","0","2","0","0","0","0","0","0","84","35","49","0","0","0","1","1","0","7","6","1","-2"
"154022","Ashford University","2020","First major","'99'","Grand total","Associate's degree","301","23","278","3","1","2","5","0","5","111","6","105","36","3","33","2","0","2","123","11","112","8","0","8","13","2","11","0","0","0","-2"
"154022","Ashford University","2020","First major","'99'","Grand total","Bachelor's degree","6626","2261","4365","47","12","35","139","60","79","1963","557","1406","921","322","599","59","22","37","2996","1107","1889","264","106","158","229","73","156","8","2","6","-2"
"154022","Ashford University","2020","First major","'99'","Grand total","Master's degree","2977","798","2179","17","3","14","94","49","45","1197","254","943","301","81","220","22","6","16","1063","332","731","94","27","67","181","41","140","8","5","3","-2"
"154022","Ashford University","2020","First major","'99'","Grand total","Doctor's degree - research/scholarship","81","22","59","2","0","2","1","1","0","22","6","16","8","2","6","0","0","0","42","13","29","2","0","2","4","0","4","0","0","0","-2"
"154022","Ashford University","2020","Second major","'99'","Grand total","Bachelor's degree","34","8","26","1","0","1","1","0","1","8","2","6","6","2","4","0","0","0","15","3","12","2","0","2","1","1","0","0","0","0","-2"
"154059","North Iowa Area Community College","2020","First major","'99'","Grand total","Associate's degree","596","240","356","0","0","0","4","3","1","14","9","5","43","19","24","0","0","0","498","194","304","17","6","11","0","0","0","20","9","11","-2"
"154095","University of Northern Iowa","2020","First major","'99'","Grand total","Bachelor's degree","2235","940","1295","5","1","4","28","7","21","43","25","18","91","31","60","4","2","2","1865","775","1090","48","22","26","79","35","44","72","42","30","-2"
"154095","University of Northern Iowa","2020","First major","'99'","Grand total","Master's degree","444","131","313","0","0","0","3","1","2","9","5","4","17","6","11","0","0","0","355","95","260","3","0","3","14","4","10","43","20","23","-2"
"154095","University of Northern Iowa","2020","First major","'99'","Grand total","Doctor's degree - other","11","4","7","0","0","0","0","0","0","2","0","2","0","0","0","0","0","0","6","1","5","0","0","0","0","0","0","3","3","0","-2"
"154095","University of Northern Iowa","2020","Second major","'99'","Grand total","Bachelor's degree","363","157","206","1","0","1","6","1","5","5","3","2","12","8","4","0","0","0","305","131","174","7","3","4","14","4","10","13","7","6","-2"
"154095","University of Northern Iowa","2020","Second major","'99'","Grand total","Master's degree","8","2","6","0","0","0","0","0","0","0","0","0","0","0","0","0","0","0","7","2","5","0","0","0","0","0","0","1","0","1","-2"
"154101","Northwestern College","2020","First major","'99'","Grand total","Bachelor's degree","215","79","136","1","0","1","4","0","4","2","1","1","7","4","3","0","0","0","180","63","117","3","2","1","12","5","7","6","4","2","-2"
"154101","Northwestern College","2020","First major","'99'","Grand total","Master's degree","100","17","83","0","0","0","0","0","0","0","0","0","1","1","0","0","0","0","93","15","78","0","0","0","6","1","5","0","0","0","-2"
"154101","Northwestern College","2020","Second major","'99'","Grand total","Bachelor's degree","45","22","23","0","0","0","0","0","0","0","0","0","0","0","0","0","0","0","43","22","21","0","0","0","2","0","2","0","0","0","-2"
"154110","Northeast Iowa Community College","2020","First major","'99'","Grand total","Associate's degree","417","151","266","1","1","0","2","1","1","8","4","4","13","5","8","0","0","0","377","135","242","4","1","3","12","4","8","0","0","0","-2"
"154129","Northwest Iowa Community College","2020","First major","'99'","Grand total","Associate's degree","222","104","118","3","2","1","4","4","0","11","5","6","15","6","9","1","1","0","176","81","95","3","1","2","9","4","5","0","0","0","-2"
"154156","Des Moines University-Osteopathic Medical Center","2020","First major","'99'","Grand total","Master's degree","146","44","102","0","0","0","10","2","8","6","3","3","9","1","8","0","0","0","116","36","80","2","0","2","3","2","1","0","0","0","-2"
"154156","Des Moines University-Osteopathic Medical Center","2020","First major","'99'","Grand total","Doctor's degree - professional practice","308","169","139","1","0","1","47","26","21","1","0","1","9","3","6","0","0","0","230","130","100","7","5","2","13","5","8","0","0","0","-2"
"154174","Palmer College of Chiropractic","2020","First major","'99'","Grand total","Bachelor's degree","56","30","26","0","0","0","1","1","0","2","1","1","2","2","0","0","0","0","51","26","25","0","0","0","0","0","0","0","0","0","-2"
"154174","Palmer College of Chiropractic","2020","First major","'99'","Grand total","Doctor's degree - professional practice","582","342","240","3","3","0","38","27","11","20","14","6","69","38","31","6","3","3","420","244","176","23","10","13","3","3","0","0","0","0","-2"
"154235","Saint Ambrose University","2020","First major","'99'","Grand total","Bachelor's degree","489","218","271","2","1","1","2","0","2","11","7","4","42","16","26","0","0","0","368","148","220","10","3","7","16","6","10","38","37","1","-2"
"154235","Saint Ambrose University","2020","First major","'99'","Grand total","Master's degree","164","39","125","1","0","1","3","2","1","7","1","6","11","2","9","0","0","0","125","26","99","2","0","2","10","5","5","5","3","2","-2"
"154235","Saint Ambrose University","2020","First major","'99'","Grand total","Doctor's degree - research/scholarship","2","1","1","0","0","0","0","0","0","0","0","0","0","0","0","0","0","0","2","1","1","0","0","0","0","0","0","0","0","0","-2"
"154235","Saint Ambrose University","2020","First major","'99'","Grand total","Doctor's degree - professional practice","102","21","81","0","0","0","4","1","3","0","0","0","2","0","2","0","0","0","91","19","72","4","1","3","1","0","1","0","0","0","-2"
"154235","Saint Ambrose University","2020","Second major","'99'","Grand total","Bachelor's degree","72","35","37","0","0","0","0","0","0","1","1","0","7","1","6","0","0","0","50","23","27","3","1","2","3","1","2","8","8","0","-2"
"154235","Saint Ambrose University","2020","Second major","'99'","Grand total","Master's degree","1","0","1","0","0","0","0","0","0","0","0","0","0","0","0","0","0","0","1","0","1","0","0","0","0","0","0","0","0","0","-2"
"154262","St Luke's College","2020","First major","'99'","Grand total","Associate's degree","66","4","62","1","0","1","1","0","1","1","0","1","5","0","5","1","0","1","54","3","51","3","1","2","0","0","0","0","0","0","-2"
"154262","St Luke's College","2020","First major","'99'","Grand total","Bachelor's degree","43","2","41","0","0","0","3","0","3","0","0","0","1","1","0","0","0","0","39","1","38","0","0","0","0","0","0","0","0","0","-2"
"154350","Simpson College","2020","First major","'99'","Grand total","Bachelor's degree","323","137","186","0","0","0","2","2","0","7","5","2","21","7","14","1","1","0","267","112","155","9","4","5","15","5","10","1","1","0","-2"
"154350","Simpson College","2020","First major","'99'","Grand total","Master's degree","15","6","9","0","0","0","0","0","0","0","0","0","0","0","0","0","0","0","9","3","6","0","0","0","6","3","3","0","0","0","-2"
"154350","Simpson College","2020","Second major","'99'","Grand total","Bachelor's degree","94","39","55","0","0","0","0","0","0","1","1","0","7","3","4","0","0","0","79","33","46","2","0","2","4","1","3","1","1","0","-2"
"154378","Southeastern Community College","2020","First major","'99'","Grand total","Associate's degree","365","152","213","4","1","3","6","3","3","17","7","10","12","7","5","0","0","0","164","61","103","6","3","3","144","61","83","12","9","3","-2"
"154396","Southwestern Community College","2020","First major","'99'","Grand total","Associate's degree","263","89","174","1","0","1","2","1","1","12","3","9","16","9","7","1","1","0","220","72","148","3","0","3","5","2","3","3","1","2","-2"
"154493","Upper Iowa University","2020","First major","'99'","Grand total","Associate's degree","135","47","88","0","0","0","1","0","1","63","18","45","7","2","5","1","0","1","52","24","28","7","2","5","4","1","3","0","0","0","-2"
"154493","Upper Iowa University","2020","First major","'99'","Grand total","Bachelor's degree","962","332","630","3","1","2","22","3","19","158","55","103","59","23","36","3","0","3","654","228","426","23","5","18","13","6","7","27","11","16","-2"
"154493","Upper Iowa University","2020","First major","'99'","Grand total","Master's degree","266","83","183","1","0","1","3","0","3","24","7","17","11","3","8","1","0","1","216","69","147","1","0","1","1","0","1","8","4","4","-2"
"154493","Upper Iowa University","2020","Second major","'99'","Grand total","Bachelor's degree","129","48","81","0","0","0","1","0","1","10","4","6","4","1","3","2","0","2","103","40","63","1","0","1","0","0","0","8","3","5","-2"
"154518","Waldorf University","2020","First major","'99'","Grand total","Associate's degree","178","117","61","1","0","1","1","1","0","14","5","9","9","8","1","0","0","0","52","31","21","0","0","0","101","72","29","0","0","0","-2"
"154518","Waldorf University","2020","First major","'99'","Grand total","Bachelor's degree","695","461","234","5","4","1","10","6","4","57","26","31","44","28","16","0","0","0","330","221","109","4","4","0","239","166","73","6","6","0","-2"
"154518","Waldorf University","2020","First major","'99'","Grand total","Master's degree","186","121","65","1","0","1","2","2","0","28","15","13","8","3","5","0","0","0","103","72","31","0","0","0","44","29","15","0","0","0","-2"
"154527","Wartburg College","2020","First major","'99'","Grand total","Bachelor's degree","317","149","168","0","0","0","7","3","4","9","7","2","10","3","7","0","0","0","241","110","131","14","9","5","6","4","2","30","13","17","-2"
"154527","Wartburg College","2020","First major","'99'","Grand total","Master's degree","0","0","0","0","0","0","0","0","0","0","0","0","0","0","0","0","0","0","0","0","0","0","0","0","0","0","0","0","0","0","-2"
"154527","Wartburg College","2020","Second major","'99'","Grand total","Bachelor's degree","63","25","38","0","0","0","1","0","1","1","1","0","7","3","4","0","0","0","40","14","26","1","0","1","2","0","2","11","7","4","-2"
"154536","Wartburg Theological Seminary","2020","First major","'99'","Grand total","Master's degree","34","13","21","0","0","0","1","1","0","0","0","0","0","0","0","0","0","0","32","12","20","0","0","0","1","0","1","0","0","0","-2"
"154572","Western Iowa Tech Community College","2020","First major","'99'","Grand total","Associate's degree","489","186","303","7","1","6","14","9","5","20","11","9","77","30","47","0","0","0","328","116","212","14","5","9","6","2","4","23","12","11","-2"
"154590","William Penn University","2020","First major","'99'","Grand total","Associate's degree","1","0","1","0","0","0","0","0","0","0","0","0","1","0","1","0","0","0","0","0","0","0","0","0","0","0","0","0","0","0","-2"
"154590","William Penn University","2020","First major","'99'","Grand total","Bachelor's degree","207","100","107","2","0","2","5","2","3","34","24","10","23","9","14","0","0","0","124","54","70","3","3","0","10","2","8","6","6","0","-2"
"154590","William Penn University","2020","First major","'99'","Grand total","Master's degree","18","11","7","0","0","0","0","0","0","0","0","0","2","2","0","0","0","0","13","7","6","2","1","1","0","0","0","1","1","0","-2"
"154590","William Penn University","2020","Second major","'99'","Grand total","Bachelor's degree","37","14","23","0","0","0","1","0","1","8","6","2","3","0","3","0","0","0","24","8","16","0","0","0","1","0","1","0","0","0","-2"
"154642","Allen County Community College","2020","First major","'99'","Grand total","Associate's degree","314","135","179","7","4","3","3","2","1","23","14","9","34","18","16","1","0","1","241","95","146","3","0","3","2","2","0","0","0","0","-2"
"154688","Baker University","2020","First major","'99'","Grand total","Associate's degree","17","10","7","0","0","0","0","0","0","4","1","3","0","0","0","0","0","0","13","9","4","0","0","0","0","0","0","0","0","0","-2"
"154688","Baker University","2020","First major","'99'","Grand total","Bachelor's degree","352","128","224","4","1","3","4","0","4","25","9","16","30","8","22","1","0","1","261","97","164","17","8","9","8","3","5","2","2","0","-2"
"154688","Baker University","2020","First major","'99'","Grand total","Master's degree","350","116","234","7","3","4","3","0","3","33","13","20","16","5","11","2","0","2","275","87","188","7","3","4","6","4","2","1","1","0","-2"
"154688","Baker University","2020","First major","'99'","Grand total","Doctor's degree - research/scholarship","22","9","13","1","0","1","0","0","0","1","0","1","2","1","1","0","0","0","17","8","9","0","0","0","1","0","1","0","0","0","-2"
"154688","Baker University","2020","Second major","'99'","Grand total","Bachelor's degree","24","11","13","0","0","0","0","0","0","0","0","0","1","0","1","1","0","1","19","9","10","1","0","1","1","1","0","1","1","0","-2"
"154697","Barton County Community College","2020","First major","'99'","Grand total","Associate's degree","511","200","311","7","3","4","11","4","7","74","35","39","73","24","49","4","1","3","316","121","195","20","8","12","6","4","2","0","0","0","-2"
"154712","Benedictine College","2020","First major","'99'","Grand total","Bachelor's degree","428","185","243","3","2","1","5","3","2","6","5","1","28","14","14","3","3","0","360","148","212","1","1","0","14","4","10","8","5","3","-2"
"154712","Benedictine College","2020","First major","'99'","Grand total","Master's degree","29","23","6","0","0","0","0","0","0","1","1","0","1","0","1","0","0","0","27","22","5","0","0","0","0","0","0","0","0","0","-2"
"154712","Benedictine College","2020","Second major","'99'","Grand total","Bachelor's degree","117","46","71","1","0","1","1","0","1","2","1","1","8","2","6","0","0","0","99","40","59","1","1","0","2","0","2","3","2","1","-2"
"154721","Bethany College","2020","First major","'99'","Grand total","Bachelor's degree","88","49","39","0","0","0","0","0","0","12","9","3","10","7","3","2","2","0","57","30","27","7","1","6","0","0","0","0","0","0","-2"
"154721","Bethany College","2020","Second major","'99'","Grand total","Bachelor's degree","3","3","0","0","0","0","0","0","0","1","1","0","1","1","0","0","0","0","1","1","0","0","0","0","0","0","0","0","0","0","-2"
"154749","Bethel College-North Newton","2020","First major","'99'","Grand total","Bachelor's degree","103","33","70","1","0","1","0","0","0","11","9","2","9","4","5","0","0","0","77","18","59","3","1","2","2","1","1","0","0","0","-2"
"154749","Bethel College-North Newton","2020","Second major","'99'","Grand total","Bachelor's degree","8","4","4","0","0","0","0","0","0","0","0","0","1","0","1","0","0","0","7","4","3","0","0","0","0","0","0","0","0","0","-2"
"154800","Butler Community College","2020","First major","'99'","Grand total","Associate's degree","1149","443","706","13","6","7","56","24","32","89","49","40","98","35","63","3","0","3","779","293","486","0","0","0","88","27","61","23","9","14","-2"
"154855","Central Christian College of Kansas","2020","First major","'99'","Grand total","Associate's degree","30","9","21","1","0","1","0","0","0","4","0","4","1","0","1","0","0","0","21","6","15","1","1","0","1","1","0","1","1","0","-2"
"154855","Central Christian College of Kansas","2020","First major","'99'","Grand total","Bachelor's degree","126","61","65","3","3","0","0","0","0","27","13","14","10","6","4","1","0","1","75","31","44","5","4","1","4","4","0","1","0","1","-2"
"154907","Cloud County Community College","2020","First major","'99'","Grand total","Associate's degree","270","108","162","1","1","0","1","0","1","21","6","15","14","5","9","0","0","0","174","71","103","8","1","7","26","9","17","25","15","10","-2"
"154925","Coffeyville Community College","2020","First major","'99'","Grand total","Associate's degree","267","135","132","12","1","11","2","1","1","70","47","23","22","12","10","2","1","1","127","59","68","21","9","12","0","0","0","11","5","6","-2"
"154934","Colby Community College","2020","First major","'99'","Grand total","Associate's degree","230","67","163","0","0","0","2","0","2","11","2","9","9","4","5","0","0","0","160","37","123","20","8","12","7","2","5","21","14","7","-2"
"154952","Cowley County Community College","2020","First major","'99'","Grand total","Associate's degree","417","177","240","12","6","6","4","2","2","15","10","5","44","19","25","1","0","1","295","116","179","23","11","12","3","2","1","20","11","9","-2"
"154998","Dodge City Community College","2020","First major","'99'","Grand total","Associate's degree","189","88","101","3","1","2","3","3","0","23","16","7","83","32","51","0","0","0","71","34","37","3","2","1","3","0","3","0","0","0","-2"
"155007","Donnelly College","2020","First major","'99'","Grand total","Associate's degree","38","8","30","0","0","0","6","1","5","8","2","6","19","3","16","0","0","0","3","1","2","2","1","1","0","0","0","0","0","0","-2"
"155007","Donnelly College","2020","First major","'99'","Grand total","Bachelor's degree","5","1","4","0","0","0","1","0","1","1","0","1","2","1","1","0","0","0","1","0","1","0","0","0","0","0","0","0","0","0","-2"
"155025","Emporia State University","2020","First major","'99'","Grand total","Bachelor's degree","720","244","476","2","0","2","6","2","4","26","13","13","50","22","28","0","0","0","519","163","356","56","16","40","11","5","6","50","23","27","-2"
"155025","Emporia State University","2020","First major","'99'","Grand total","Master's degree","883","227","656","2","0","2","1","0","1","9","5","4","18","4","14","0","0","0","344","77","267","14","2","12","458","126","332","37","13","24","-2"
"155025","Emporia State University","2020","First major","'99'","Grand total","Doctor's degree - research/scholarship","3","0","3","0","0","0","0","0","0","0","0","0","0","0","0","0","0","0","3","0","3","0","0","0","0","0","0","0","0","0","-2"
"155025","Emporia State University","2020","Second major","'99'","Grand total","Bachelor's degree","24","11","13","0","0","0","0","0","0","0","0","0","1","0","1","0","0","0","19","9","10","2","0","2","0","0","0","2","2","0","-2"
"155052","Flint Hills Technical College","2020","First major","'99'","Grand total","Associate's degree","101","43","58","1","0","1","1","0","1","1","0","1","25","12","13","0","0","0","71","30","41","2","1","1","0","0","0","0","0","0","-2"
"155061","Fort Hays State University","2020","First major","'99'","Grand total","Associate's degree","102","29","73","1","1","0","0","0","0","4","4","0","10","2","8","0","0","0","82","20","62","4","1","3","1","1","0","0","0","0","-2"
"155061","Fort Hays State University","2020","First major","'99'","Grand total","Bachelor's degree","2942","1118","1824","7","4","3","26","8","18","70","33","37","166","66","100","0","0","0","1451","507","944","55","17","38","12","3","9","1155","480","675","-2"
"155061","Fort Hays State University","2020","First major","'99'","Grand total","Master's degree","847","291","556","2","0","2","15","6","9","32","15","17","45","18","27","0","0","0","695","231","464","19","6","13","9","4","5","30","11","19","-2"
"155061","Fort Hays State University","2020","First major","'99'","Grand total","Doctor's degree - professional practice","19","0","19","0","0","0","0","0","0","0","0","0","1","0","1","0","0","0","18","0","18","0","0","0","0","0","0","0","0","0","-2"
"155061","Fort Hays State University","2020","Second major","'99'","Grand total","Bachelor's degree","18","13","5","0","0","0","0","0","0","0","0","0","2","2","0","0","0","0","16","11","5","0","0","0","0","0","0","0","0","0","-2"
"155070","Barclay College","2020","First major","'99'","Grand total","Associate's degree","3","1","2","0","0","0","0","0","0","1","0","1","0","0","0","0","0","0","2","1","1","0","0","0","0","0","0","0","0","0","-2"
"155070","Barclay College","2020","First major","'99'","Grand total","Bachelor's degree","54","25","29","1","1","0","1","1","0","6","4","2","4","0","4","0","0","0","39","18","21","3","1","2","0","0","0","0","0","0","-2"
"155070","Barclay College","2020","First major","'99'","Grand total","Master's degree","9","7","2","0","0","0","0","0","0","2","1","1","0","0","0","0","0","0","6","5","1","0","0","0","0","0","0","1","1","0","-2"
"155070","Barclay College","2020","Second major","'99'","Grand total","Bachelor's degree","35","18","17","1","1","0","1","1","0","3","3","0","2","0","2","0","0","0","26","12","14","2","1","1","0","0","0","0","0","0","-2"
"155089","Friends University","2020","First major","'99'","Grand total","Bachelor's degree","269","117","152","3","1","2","6","5","1","31","13","18","17","9","8","0","0","0","165","68","97","5","1","4","33","11","22","9","9","0","-2"
"155089","Friends University","2020","First major","'99'","Grand total","Master's degree","251","83","168","1","0","1","4","3","1","17","5","12","11","2","9","1","1","0","174","53","121","3","0","3","24","9","15","16","10","6","-2"
"155089","Friends University","2020","Second major","'99'","Grand total","Bachelor's degree","27","14","13","0","0","0","1","1","0","2","2","0","3","2","1","0","0","0","16","8","8","0","0","0","4","0","4","1","1","0","-2"
"155098","Fort Scott Community College","2020","First major","'99'","Grand total","Associate's degree","208","87","121","1","1","0","3","2","1","21","17","4","12","5","7","0","0","0","165","60","105","6","2","4","0","0","0","0","0","0","-2"
"155104","Garden City Community College","2020","First major","'99'","Grand total","Associate's degree","313","135","178","2","2","0","6","2","4","31","22","9","147","51","96","1","1","0","110","45","65","2","1","1","0","0","0","14","11","3","-2"
"155140","Haskell Indian Nations University","2020","First major","'99'","Grand total","Associate's degree","91","36","55","91","36","55","0","0","0","0","0","0","0","0","0","0","0","0","0","0","0","0","0","0","0","0","0","0","0","0","-2"
"155140","Haskell Indian Nations University","2020","First major","'99'","Grand total","Bachelor's degree","71","32","39","71","32","39","0","0","0","0","0","0","0","0","0","0","0","0","0","0","0","0","0","0","0","0","0","0","0","0","-2"
"155177","Hesston College","2020","First major","'99'","Grand total","Associate's degree","75","36","39","1","0","1","1","1","0","7","2","5","7","4","3","0","0","0","42","20","22","1","1","0","0","0","0","16","8","8","-2"
"155177","Hesston College","2020","First major","'99'","Grand total","Bachelor's degree","55","8","47","0","0","0","0","0","0","0","0","0","4","1","3","0","0","0","51","7","44","0","0","0","0","0","0","0","0","0","-2"
"155186","Highland Community College","2020","First major","'99'","Grand total","Associate's degree","214","86","128","7","2","5","4","2","2","47","30","17","6","1","5","1","0","1","124","43","81","14","6","8","11","2","9","0","0","0","-2"
"155195","Hutchinson Community College","2020","First major","'99'","Grand total","Associate's degree","905","377","528","7","3","4","4","1","3","68","42","26","89","43","46","0","0","0","630","243","387","30","11","19","66","30","36","11","4","7","-2"
"155201","Independence Community College","2020","First major","'99'","Grand total","Associate's degree","113","63","50","2","1","1","0","0","0","41","37","4","14","5","9","3","3","0","40","12","28","8","1","7","3","3","0","2","1","1","-2"
"155210","Johnson County Community College","2020","First major","'99'","Grand total","Associate's degree","1713","719","994","8","2","6","75","27","48","108","41","67","166","63","103","4","2","2","1152","503","649","81","27","54","74","37","37","45","17","28","-2"
"155283","Concorde Career College-Kansas City","2020","First major","'99'","Grand total","Associate's degree","77","14","63","2","0","2","1","0","1","9","2","7","11","3","8","0","0","0","33","4","29","0","0","0","21","5","16","0","0","0","-2"
"155283","Concorde Career College-Kansas City","2020","First major","'99'","Grand total","Bachelor's degree","13","6","7","0","0","0","1","1","0","5","1","4","4","2","2","0","0","0","0","0","0","0","0","0","3","2","1","0","0","0","-2"
"155292","Kansas City Kansas Community College","2020","First major","'99'","Grand total","Associate's degree","455","154","301","2","1","1","22","7","15","71","23","48","76","18","58","0","0","0","242","91","151","22","6","16","3","1","2","17","7","10","-2"
"155308","Kansas Christian College","2020","First major","'99'","Grand total","Associate's degree","20","9","11","0","0","0","1","1","0","8","3","5","1","1","0","0","0","0","6","3","3","2","0","2","1","0","1","1","1","0","-2"
"155308","Kansas Christian College","2020","First major","'99'","Grand total","Bachelor's degree","10","8","2","0","0","0","0","0","0","3","3","0","1","0","1","0","0","0","4","3","1","0","0","0","0","0","0","2","2","0","-2"
"155317","University of Kansas","2020","First major","'99'","Grand total","Bachelor's degree","4336","2014","2322","10","2","8","208","92","116","153","79","74","366","148","218","1","1","0","3127","1454","1673","206","92","114","18","10","8","247","136","111","-2"
"155317","University of Kansas","2020","First major","'99'","Grand total","Master's degree","1675","704","971","18","7","11","57","20","37","61","23","38","103","46","57","2","2","0","1163","445","718","67","29","38","21","13","8","183","119","64","-2"
"155317","University of Kansas","2020","First major","'99'","Grand total","Doctor's degree - research/scholarship","366","209","157","2","1","1","16","7","9","8","3","5","4","1","3","0","0","0","170","86","84","9","3","6","11","8","3","146","100","46","-2"
"155317","University of Kansas","2020","First major","'99'","Grand total","Doctor's degree - professional practice","585","244","341","3","0","3","39","20","19","17","7","10","22","13","9","1","0","1","450","179","271","35","17","18","15","6","9","3","2","1","-2"
"155317","University of Kansas","2020","Second major","'99'","Grand total","Bachelor's degree","305","131","174","0","0","0","9","6","3","1","0","1","25","9","16","0","0","0","244","97","147","3","1","2","1","0","1","22","18","4","-2"
"155335","Newman University","2020","First major","'99'","Grand total","Associate's degree","33","5","28","0","0","0","1","0","1","0","0","0","2","1","1","0","0","0","29","4","25","0","0","0","1","0","1","0","0","0","-2"
"155335","Newman University","2020","First major","'99'","Grand total","Bachelor's degree","212","70","142","2","0","2","6","0","6","7","4","3","33","9","24","0","0","0","136","40","96","5","4","1","1","1","0","22","12","10","-2"
"155335","Newman University","2020","First major","'99'","Grand total","Master's degree","150","47","103","2","1","1","3","3","0","9","1","8","14","3","11","1","1","0","109","33","76","2","2","0","7","3","4","3","0","3","-2"
"155335","Newman University","2020","Second major","'99'","Grand total","Bachelor's degree","15","6","9","0","0","0","0","0","0","0","0","0","2","1","1","0","0","0","7","2","5","1","1","0","0","0","0","5","2","3","-2"
"155399","Kansas State University","2020","First major","'99'","Grand total","Associate's degree","21","16","5","0","0","0","1","0","1","1","1","0","3","1","2","0","0","0","14","12","2","1","1","0","1","1","0","0","0","0","-2"
"155399","Kansas State University","2020","First major","'99'","Grand total","Bachelor's degree","4015","2004","2011","22","8","14","56","30","26","115","58","57","282","142","140","5","3","2","3199","1568","1631","126","57","69","50","36","14","160","102","58","-2"
"155399","Kansas State University","2020","First major","'99'","Grand total","Master's degree","1130","460","670","3","1","2","20","7","13","44","19","25","70","27","43","0","0","0","828","314","514","32","12","20","22","10","12","111","70","41","-2"
"155399","Kansas State University","2020","First major","'99'","Grand total","Doctor's degree - research/scholarship","211","114","97","1","1","0","4","2","2","2","2","0","9","2","7","0","0","0","76","38","38","5","4","1","6","3","3","108","62","46","-2"
"155399","Kansas State University","2020","First major","'99'","Grand total","Doctor's degree - professional practice","115","20","95","0","0","0","4","2","2","0","0","0","4","1","3","0","0","0","103","17","86","2","0","2","0","0","0","2","0","2","-2"
"155399","Kansas State University","2020","Second major","'99'","Grand total","Bachelor's degree","300","98","202","0","0","0","4","3","1","1","1","0","23","10","13","0","0","0","250","72","178","9","4","5","3","2","1","10","6","4","-2"
"155414","Kansas Wesleyan University","2020","First major","'99'","Grand total","Bachelor's degree","119","62","57","0","0","0","1","0","1","13","12","1","16","8","8","0","0","0","82","37","45","5","4","1","0","0","0","2","1","1","-2"
"155414","Kansas Wesleyan University","2020","First major","'99'","Grand total","Master's degree","43","28","15","0","0","0","0","0","0","4","3","1","8","6","2","1","1","0","25","15","10","3","2","1","0","0","0","2","1","1","-2"
"155414","Kansas Wesleyan University","2020","Second major","'99'","Grand total","Bachelor's degree","9","2","7","0","0","0","0","0","0","1","0","1","0","0","0","0","0","0","7","2","5","0","0","0","0","0","0","1","0","1","-2"
"155450","Labette Community College","2020","First major","'99'","Grand total","Associate's degree","199","51","148","6","2","4","0","0","0","15","3","12","13","3","10","0","0","0","150","37","113","7","3","4","4","2","2","4","1","3","-2"
"155487","Manhattan Area Technical College","2020","First major","'99'","Grand total","Associate's degree","92","47","45","3","2","1","2","1","1","9","2","7","9","7","2","1","1","0","65","34","31","2","0","2","1","0","1","0","0","0","-2"
"155496","Manhattan Christian College","2020","First major","'99'","Grand total","Associate's degree","7","2","5","0","0","0","0","0","0","0","0","0","1","1","0","0","0","0","6","1","5","0","0","0","0","0","0","0","0","0","-2"
"155496","Manhattan Christian College","2020","First major","'99'","Grand total","Bachelor's degree","38","24","14","0","0","0","0","0","0","3","3","0","2","0","2","0","0","0","31","20","11","0","0","0","2","1","1","0","0","0","-2"
"155511","McPherson College","2020","First major","'99'","Grand total","Bachelor's degree","143","77","66","4","1","3","3","3","0","19","12","7","21","9","12","0","0","0","90","47","43","2","1","1","4","4","0","0","0","0","-2"
"155511","McPherson College","2020","First major","'99'","Grand total","Master's degree","16","1","15","0","0","0","0","0","0","0","0","0","0","0","0","0","0","0","13","0","13","0","0","0","3","1","2","0","0","0","-2"
"155511","McPherson College","2020","Second major","'99'","Grand total","Bachelor's degree","8","2","6","0","0","0","0","0","0","0","0","0","1","0","1","0","0","0","7","2","5","0","0","0","0","0","0","0","0","0","-2"
"155520","MidAmerica Nazarene University","2020","First major","'99'","Grand total","Associate's degree","16","2","14","0","0","0","0","0","0","2","0","2","0","0","0","0","0","0","11","2","9","1","0","1","2","0","2","0","0","0","-2"
"155520","MidAmerica Nazarene University","2020","First major","'99'","Grand total","Bachelor's degree","415","125","290","6","3","3","14","2","12","49","18","31","2","1","1","3","2","1","281","74","207","6","0","6","54","25","29","0","0","0","-2"
"155520","MidAmerica Nazarene University","2020","First major","'99'","Grand total","Master's degree","159","42","117","2","0","2","2","1","1","17","5","12","5","4","1","1","1","0","112","27","85","2","0","2","18","4","14","0","0","0","-2"
"155520","MidAmerica Nazarene University","2020","Second major","'99'","Grand total","Associate's degree","2","0","2","0","0","0","0","0","0","1","0","1","0","0","0","0","0","0","1","0","1","0","0","0","0","0","0","0","0","0","-2"
"155520","MidAmerica Nazarene University","2020","Second major","'99'","Grand total","Master's degree","9","0","9","0","0","0","0","0","0","3","0","3","0","0","0","0","0","0","6","0","6","0","0","0","0","0","0","0","0","0","-2"
"155566","Neosho County Community College","2020","First major","'99'","Grand total","Associate's degree","301","86","215","8","0","8","2","0","2","17","6","11","19","6","13","1","0","1","234","61","173","6","4","2","0","0","0","14","9","5","-2"
"155593","North Central Kansas Technical College","2020","First major","'99'","Grand total","Associate's degree","120","87","33","1","1","0","0","0","0","2","2","0","0","0","0","0","0","0","117","84","33","0","0","0","0","0","0","0","0","0","-2"
"155618","Northwest Kansas Technical College","2020","First major","'99'","Grand total","Associate's degree","87","69","18","0","0","0","1","1","0","6","4","2","20","17","3","0","0","0","55","45","10","1","0","1","0","0","0","4","2","2","-2"
"155627","Ottawa University-Ottawa","2020","First major","'99'","Grand total","Bachelor's degree","101","59","42","3","3","0","0","0","0","11","8","3","8","5","3","0","0","0","60","33","27","8","3","5","11","7","4","0","0","0","-2"
"155627","Ottawa University-Ottawa","2020","First major","'99'","Grand total","Master's degree","20","13","7","0","0","0","1","0","1","1","0","1","2","1","1","0","0","0","14","10","4","0","0","0","2","2","0","0","0","0","-2"
"155636","Ottawa University-Kansas City","2020","First major","'99'","Grand total","Bachelor's degree","133","23","110","2","0","2","6","1","5","13","3","10","5","1","4","0","0","0","98","17","81","4","1","3","5","0","5","0","0","0","-2"
"155636","Ottawa University-Kansas City","2020","First major","'99'","Grand total","Master's degree","60","24","36","2","0","2","28","18","10","2","0","2","1","0","1","0","0","0","26","5","21","0","0","0","1","1","0","0","0","0","-2"
"155681","Pittsburg State University","2020","First major","'99'","Grand total","Associate's degree","30","30","0","1","1","0","1","1","0","0","0","0","2","2","0","0","0","0","26","26","0","0","0","0","0","0","0","0","0","0","-2"
"155681","Pittsburg State University","2020","First major","'99'","Grand total","Bachelor's degree","1143","537","606","10","5","5","10","5","5","28","17","11","62","32","30","1","0","1","938","431","507","54","22","32","10","4","6","30","21","9","-2"
"155681","Pittsburg State University","2020","First major","'99'","Grand total","Master's degree","455","202","253","5","3","2","2","0","2","14","8","6","13","5","8","0","0","0","350","143","207","14","6","8","0","0","0","57","37","20","-2"
"155681","Pittsburg State University","2020","First major","'99'","Grand total","Doctor's degree - professional practice","16","3","13","1","1","0","0","0","0","0","0","0","1","1","0","0","0","0","11","1","10","1","0","1","2","0","2","0","0","0","-2"
"155715","Pratt Community College","2020","First major","'99'","Grand total","Associate's degree","152","85","67","0","0","0","1","0","1","15","8","7","11","3","8","0","0","0","104","62","42","4","3","1","9","5","4","8","4","4","-2"
"155812","University of Saint Mary","2020","First major","'99'","Grand total","Associate's degree","1","1","0","0","0","0","0","0","0","1","1","0","0","0","0","0","0","0","0","0","0","0","0","0","0","0","0","0","0","0","-2"
"155812","University of Saint Mary","2020","First major","'99'","Grand total","Bachelor's degree","158","64","94","3","0","3","3","2","1","11","7","4","17","9","8","3","3","0","81","32","49","4","2","2","35","9","26","1","0","1","-2"
"155812","University of Saint Mary","2020","First major","'99'","Grand total","Master's degree","149","42","107","0","0","0","3","2","1","15","4","11","14","5","9","0","0","0","78","19","59","5","1","4","32","9","23","2","2","0","-2"
"155812","University of Saint Mary","2020","First major","'99'","Grand total","Doctor's degree - research/scholarship","0","0","0","0","0","0","0","0","0","0","0","0","0","0","0","0","0","0","0","0","0","0","0","0","0","0","0","0","0","0","-2"
"155812","University of Saint Mary","2020","First major","'99'","Grand total","Doctor's degree - professional practice","38","13","25","0","0","0","0","0","0","1","0","1","3","2","1","0","0","0","32","9","23","2","2","0","0","0","0","0","0","0","-2"
"155812","University of Saint Mary","2020","Second major","'99'","Grand total","Bachelor's degree","9","3","6","0","0","0","0","0","0","1","0","1","0","0","0","0","0","0","6","2","4","2","1","1","0","0","0","0","0","0","-2"
"155830","Salina Area Technical College","2020","First major","'99'","Grand total","Associate's degree","49","25","24","0","0","0","0","0","0","1","1","0","6","3","3","0","0","0","40","21","19","1","0","1","0","0","0","1","0","1","-2"
"155858","Seward County Community College","2020","First major","'99'","Grand total","Associate's degree","213","71","142","1","0","1","6","1","5","8","5","3","108","31","77","0","0","0","77","28","49","0","0","0","0","0","0","13","6","7","-2"
"155900","Southwestern College","2020","First major","'99'","Grand total","Associate's degree","0","0","0","0","0","0","0","0","0","0","0","0","0","0","0","0","0","0","0","0","0","0","0","0","0","0","0","0","0","0","-2"
"155900","Southwestern College","2020","First major","'99'","Grand total","Bachelor's degree","345","213","132","2","1","1","7","5","2","36","30","6","31","22","9","2","2","0","166","93","73","13","9","4","80","45","35","8","6","2","-2"
"155900","Southwestern College","2020","First major","'99'","Grand total","Master's degree","41","21","20","1","1","0","0","0","0","5","1","4","2","2","0","0","0","0","17","11","6","1","0","1","10","4","6","5","2","3","-2"
"155900","Southwestern College","2020","First major","'99'","Grand total","Doctor's degree - research/scholarship","7","1","6","2","0","2","0","0","0","0","0","0","0","0","0","0","0","0","3","1","2","0","0","0","2","0","2","0","0","0","-2"
"155900","Southwestern College","2020","Second major","'99'","Grand total","Bachelor's degree","11","8","3","0","0","0","1","1","0","2","2","0","2","1","1","0","0","0","4","2","2","1","1","0","1","1","0","0","0","0","-2"
"155937","Sterling College","2020","First major","'99'","Grand total","Bachelor's degree","85","41","44","1","1","0","3","2","1","10","8","2","14","6","8","0","0","0","54","21","33","0","0","0","1","1","0","2","2","0","-2"
"155937","Sterling College","2020","First major","'99'","Grand total","Master's degree","5","3","2","0","0","0","0","0","0","1","0","1","1","1","0","0","0","0","2","1","1","1","1","0","0","0","0","0","0","0","-2"
"155937","Sterling College","2020","Second major","'99'","Grand total","Bachelor's degree","14","2","12","0","0","0","1","1","0","0","0","0","0","0","0","0","0","0","13","1","12","0","0","0","0","0","0","0","0","0","-2"
"155973","Tabor College","2020","First major","'99'","Grand total","Associate's degree","0","0","0","0","0","0","0","0","0","0","0","0","0","0","0","0","0","0","0","0","0","0","0","0","0","0","0","0","0","0","-2"
"155973","Tabor College","2020","First major","'99'","Grand total","Bachelor's degree","131","62","69","1","1","0","0","0","0","10","9","1","10","3","7","0","0","0","95","37","58","8","6","2","2","2","0","5","4","1","-2"
"155973","Tabor College","2020","First major","'99'","Grand total","Master's degree","31","14","17","0","0","0","0","0","0","3","1","2","2","1","1","0","0","0","24","11","13","1","0","1","0","0","0","1","1","0","-2"
"155973","Tabor College","2020","Second major","'99'","Grand total","Bachelor's degree","35","18","17","0","0","0","0","0","0","1","0","1","1","0","1","0","0","0","29","14","15","3","3","0","1","1","0","0","0","0","-2"
"156082","Washburn University","2020","First major","'99'","Grand total","Associate's degree","259","95","164","0","0","0","1","0","1","17","9","8","27","8","19","0","0","0","187","67","120","10","3","7","10","5","5","7","3","4","-2"
"156082","Washburn University","2020","First major","'99'","Grand total","Bachelor's degree","855","282","573","6","1","5","8","3","5","30","12","18","83","25","58","0","0","0","602","190","412","39","13","26","53","22","31","34","16","18","-2"
"156082","Washburn University","2020","First major","'99'","Grand total","Master's degree","154","50","104","0","0","0","4","0","4","12","4","8","10","0","10","1","0","1","84","31","53","2","1","1","29","7","22","12","7","5","-2"
"156082","Washburn University","2020","First major","'99'","Grand total","Doctor's degree - professional practice","118","62","56","0","0","0","4","1","3","2","1","1","6","3","3","0","0","0","91","51","40","4","1","3","9","4","5","2","1","1","-2"
"156082","Washburn University","2020","Second major","'99'","Grand total","Bachelor's degree","72","39","33","0","0","0","0","0","0","1","1","0","8","2","6","0","0","0","52","30","22","2","1","1","2","1","1","7","4","3","-2"
"156107","Wichita State University-Campus of Applied Sciences and Technology","2020","First major","'99'","Grand total","Associate's degree","213","115","98","4","3","1","7","4","3","7","3","4","24","12","12","1","0","1","157","86","71","7","3","4","3","3","0","3","1","2","-2"
"156125","Wichita State University","2020","First major","'99'","Grand total","Associate's degree","83","35","48","0","0","0","4","3","1","5","2","3","18","7","11","0","0","0","49","21","28","4","1","3","0","0","0","3","1","2","-2"
"156125","Wichita State University","2020","First major","'99'","Grand total","Bachelor's degree","2338","966","1372","19","8","11","185","80","105","114","39","75","260","87","173","1","0","1","1450","573","877","99","44","55","38","18","20","172","117","55","-2"
"156125","Wichita State University","2020","First major","'99'","Grand total","Master's degree","701","321","380","4","3","1","24","12","12","29","15","14","56","24","32","1","0","1","429","172","257","21","10","11","8","3","5","129","82","47","-2"
"156125","Wichita State University","2020","First major","'99'","Grand total","Doctor's degree - research/scholarship","41","25","16","0","0","0","3","3","0","4","2","2","0","0","0","0","0","0","9","3","6","1","1","0","4","3","1","20","13","7","-2"
"156125","Wichita State University","2020","First major","'99'","Grand total","Doctor's degree - professional practice","67","20","47","0","0","0","4","0","4","1","1","0","7","1","6","0","0","0","55","18","37","0","0","0","0","0","0","0","0","0","-2"
"156125","Wichita State University","2020","Second major","'99'","Grand total","Bachelor's degree","82","34","48","0","0","0","7","1","6","2","1","1","12","2","10","0","0","0","46","21","25","4","1","3","1","1","0","10","7","3","-2"
"156134","Wichita Technical Institute","2020","First major","'99'","Grand total","Associate's degree","23","22","1","0","0","0","0","0","0","2","2","0","1","1","0","0","0","0","19","18","1","1","1","0","0","0","0","0","0","0","-2"
"156189","Alice Lloyd College","2020","First major","'99'","Grand total","Bachelor's degree","91","33","58","0","0","0","0","0","0","1","1","0","1","0","1","0","0","0","86","29","57","0","0","0","1","1","0","2","2","0","-2"
"156213","Asbury University","2020","First major","'99'","Grand total","Associate's degree","4","1","3","0","0","0","0","0","0","0","0","0","0","0","0","0","0","0","3","0","3","1","1","0","0","0","0","0","0","0","-2"
"156213","Asbury University","2020","First major","'99'","Grand total","Bachelor's degree","360","145","215","0","0","0","7","0","7","8","5","3","22","11","11","0","0","0","287","109","178","2","0","2","16","10","6","18","10","8","-2"
"156213","Asbury University","2020","First major","'99'","Grand total","Master's degree","59","24","35","0","0","0","2","0","2","3","1","2","1","1","0","0","0","0","49","20","29","0","0","0","4","2","2","0","0","0","-2"
"156213","Asbury University","2020","Second major","'99'","Grand total","Bachelor's degree","26","12","14","0","0","0","1","0","1","0","0","0","2","1","1","0","0","0","18","7","11","0","0","0","2","2","0","3","2","1","-2"
"156222","Asbury Theological Seminary","2020","First major","'99'","Grand total","Master's degree","234","136","98","0","0","0","2","2","0","9","1","8","14","6","8","0","0","0","154","91","63","7","5","2","31","18","13","17","13","4","-2"
"156222","Asbury Theological Seminary","2020","First major","'99'","Grand total","Doctor's degree - research/scholarship","52","40","12","1","1","0","0","0","0","4","2","2","2","2","0","0","0","0","23","17","6","1","0","1","3","3","0","18","15","3","-2"
"156231","Ashland Community and Technical College","2020","First major","'99'","Grand total","Associate's degree","468","218","250","0","0","0","3","1","2","2","2","0","5","3","2","0","0","0","439","201","238","15","7","8","4","4","0","0","0","0","-2"
"156286","Bellarmine University","2020","First major","'99'","Grand total","Bachelor's degree","620","200","420","1","1","0","17","4","13","25","7","18","30","8","22","1","0","1","485","166","319","21","2","19","25","6","19","15","6","9","-2"
"156286","Bellarmine University","2020","First major","'99'","Grand total","Master's degree","213","76","137","0","0","0","4","3","1","17","4","13","5","2","3","0","0","0","170","60","110","4","1","3","5","3","2","8","3","5","-2"
"156286","Bellarmine University","2020","First major","'99'","Grand total","Doctor's degree - research/scholarship","4","2","2","0","0","0","0","0","0","3","2","1","0","0","0","0","0","0","1","0","1","0","0","0","0","0","0","0","0","0","-2"
"156286","Bellarmine University","2020","First major","'99'","Grand total","Doctor's degree - professional practice","74","26","48","0","0","0","1","1","0","2","1","1","1","0","1","0","0","0","65","22","43","4","2","2","1","0","1","0","0","0","-2"
"156286","Bellarmine University","2020","Second major","'99'","Grand total","Bachelor's degree","84","26","58","0","0","0","2","0","2","1","1","0","6","1","5","0","0","0","62","21","41","6","0","6","5","2","3","2","1","1","-2"
"156286","Bellarmine University","2020","Second major","'99'","Grand total","Master's degree","3","0","3","0","0","0","0","0","0","0","0","0","0","0","0","0","0","0","3","0","3","0","0","0","0","0","0","0","0","0","-2"
"156295","Berea College","2020","First major","'99'","Grand total","Bachelor's degree","361","135","226","0","0","0","14","6","8","48","10","38","47","19","28","0","0","0","192","77","115","19","4","15","5","1","4","36","18","18","-2"
"156295","Berea College","2020","Second major","'99'","Grand total","Bachelor's degree","34","11","23","0","0","0","2","0","2","4","0","4","3","0","3","0","0","0","13","3","10","1","0","1","0","0","0","11","8","3","-2"
"156338","Southcentral Kentucky Community and Technical College","2020","First major","'99'","Grand total","Associate's degree","725","266","459","1","0","1","12","2","10","48","19","29","28","6","22","0","0","0","601","227","374","27","7","20","8","5","3","0","0","0","-2"
"156356","Brescia University","2020","First major","'99'","Grand total","Associate's degree","12","1","11","1","0","1","0","0","0","2","0","2","2","1","1","0","0","0","5","0","5","0","0","0","2","0","2","0","0","0","-2"
"156356","Brescia University","2020","First major","'99'","Grand total","Bachelor's degree","150","40","110","1","1","0","3","2","1","16","5","11","15","4","11","0","0","0","93","25","68","0","0","0","22","3","19","0","0","0","-2"
"156356","Brescia University","2020","First major","'99'","Grand total","Master's degree","40","7","33","0","0","0","0","0","0","5","0","5","6","1","5","0","0","0","22","3","19","0","0","0","7","3","4","0","0","0","-2"
"156356","Brescia University","2020","Second major","'99'","Grand total","Bachelor's degree","4","1","3","0","0","0","0","0","0","0","0","0","0","0","0","0","0","0","4","1","3","0","0","0","0","0","0","0","0","0","-2"
"156365","Campbellsville University","2020","First major","'99'","Grand total","Associate's degree","51","10","41","1","1","0","0","0","0","1","0","1","1","1","0","0","0","0","44","7","37","0","0","0","3","0","3","1","1","0","-2"
"156365","Campbellsville University","2020","First major","'99'","Grand total","Bachelor's degree","423","152","271","1","0","1","2","1","1","30","12","18","11","9","2","0","0","0","336","103","233","11","7","4","4","1","3","28","19","9","-2"
"156365","Campbellsville University","2020","First major","'99'","Grand total","Master's degree","3271","2347","924","3","1","2","2","0","2","56","10","46","3","1","2","0","0","0","280","64","216","3","1","2","39","6","33","2885","2264","621","-2"
"156365","Campbellsville University","2020","First major","'99'","Grand total","Doctor's degree - research/scholarship","0","0","0","0","0","0","0","0","0","0","0","0","0","0","0","0","0","0","0","0","0","0","0","0","0","0","0","0","0","0","-2"
"156365","Campbellsville University","2020","Second major","'99'","Grand total","Bachelor's degree","25","6","19","0","0","0","0","0","0","1","0","1","0","0","0","0","0","0","22","5","17","0","0","0","0","0","0","2","1","1","-2"
"156365","Campbellsville University","2020","Second major","'99'","Grand total","Master's degree","1","0","1","0","0","0","0","0","0","0","0","0","0","0","0","0","0","0","1","0","1","0","0","0","0","0","0","0","0","0","-2"
"156392","Bluegrass Community and Technical College","2020","First major","'99'","Grand total","Associate's degree","1245","502","743","2","1","1","29","11","18","138","53","85","49","23","26","0","0","0","973","396","577","45","14","31","6","2","4","3","2","1","-2"
"156408","Centre College","2020","First major","'99'","Grand total","Bachelor's degree","354","162","192","2","1","1","18","4","14","18","6","12","18","6","12","0","0","0","268","131","137","11","5","6","0","0","0","19","9","10","-2"
"156408","Centre College","2020","Second major","'99'","Grand total","Bachelor's degree","52","20","32","0","0","0","1","0","1","1","0","1","5","1","4","0","0","0","37","16","21","1","1","0","0","0","0","7","2","5","-2"
"156417","Clear Creek Baptist Bible College","2020","First major","'99'","Grand total","Associate's degree","1","1","0","0","0","0","0","0","0","0","0","0","0","0","0","0","0","0","1","1","0","0","0","0","0","0","0","0","0","0","-2"
"156417","Clear Creek Baptist Bible College","2020","First major","'99'","Grand total","Bachelor's degree","16","14","2","0","0","0","0","0","0","1","1","0","1","1","0","0","0","0","14","12","2","0","0","0","0","0","0","0","0","0","-2"
"156417","Clear Creek Baptist Bible College","2020","First major","'99'","Grand total","Master's degree","0","0","0","0","0","0","0","0","0","0","0","0","0","0","0","0","0","0","0","0","0","0","0","0","0","0","0","0","0","0","-2"
"156471","Galen College of Nursing-Louisville","2020","First major","'99'","Grand total","Associate's degree","350","36","314","1","0","1","9","2","7","37","5","32","8","1","7","0","0","0","271","26","245","19","2","17","5","0","5","0","0","0","-2"
"156471","Galen College of Nursing-Louisville","2020","First major","'99'","Grand total","Bachelor's degree","529","51","478","2","0","2","20","3","17","62","8","54","43","4","39","1","0","1","360","31","329","28","2","26","13","3","10","0","0","0","-2"
"156471","Galen College of Nursing-Louisville","2020","First major","'99'","Grand total","Master's degree","0","0","0","0","0","0","0","0","0","0","0","0","0","0","0","0","0","0","0","0","0","0","0","0","0","0","0","0","0","0","-2"
"156541","University of the Cumberlands","2020","First major","'99'","Grand total","Associate's degree","21","9","12","0","0","0","0","0","0","0","0","0","0","0","0","0","0","0","5","1","4","0","0","0","16","8","8","0","0","0","-2"
"156541","University of the Cumberlands","2020","First major","'99'","Grand total","Bachelor's degree","544","188","356","0","0","0","5","1","4","9","4","5","6","2","4","0","0","0","192","68","124","4","4","0","319","100","219","9","9","0","-2"
"156541","University of the Cumberlands","2020","First major","'99'","Grand total","Master's degree","3386","1834","1552","1","0","1","44","40","4","32","13","19","11","3","8","0","0","0","618","158","460","0","0","0","926","284","642","1754","1336","418","-2"
"156541","University of the Cumberlands","2020","First major","'99'","Grand total","Doctor's degree - research/scholarship","123","58","65","2","1","1","3","1","2","6","4","2","3","2","1","0","0","0","71","33","38","0","0","0","36","16","20","2","1","1","-2"
"156541","University of the Cumberlands","2020","First major","'99'","Grand total","Doctor's degree - professional practice","0","0","0","0","0","0","0","0","0","0","0","0","0","0","0","0","0","0","0","0","0","0","0","0","0","0","0","0","0","0","-2"
"156541","University of the Cumberlands","2020","Second major","'99'","Grand total","Associate's degree","1","0","1","0","0","0","0","0","0","0","0","0","0","0","0","0","0","0","0","0","0","0","0","0","1","0","1","0","0","0","-2"
"156541","University of the Cumberlands","2020","Second major","'99'","Grand total","Bachelor's degree","74","40","34","0","0","0","0","0","0","1","1","0","1","0","1","0","0","0","34","17","17","0","0","0","34","18","16","4","4","0","-2"
"156620","Eastern Kentucky University","2020","First major","'99'","Grand total","Associate's degree","198","91","107","0","0","0","3","0","3","11","8","3","6","3","3","0","0","0","170","77","93","6","2","4","1","0","1","1","1","0","-2"
"156620","Eastern Kentucky University","2020","First major","'99'","Grand total","Bachelor's degree","2635","1046","1589","8","3","5","17","7","10","120","55","65","89","28","61","1","0","1","2262","883","1379","66","18","48","25","12","13","47","40","7","-2"
"156620","Eastern Kentucky University","2020","First major","'99'","Grand total","Master's degree","769","252","517","1","0","1","8","4","4","32","15","17","20","8","12","2","1","1","612","180","432","14","5","9","65","33","32","15","6","9","-2"
"156620","Eastern Kentucky University","2020","First major","'99'","Grand total","Doctor's degree - professional practice","34","7","27","1","0","1","0","0","0","4","1","3","0","0","0","0","0","0","26","5","21","2","1","1","1","0","1","0","0","0","-2"
"156620","Eastern Kentucky University","2020","First major","'99'","Grand total","Doctor's degree - other","11","3","8","0","0","0","0","0","0","1","0","1","0","0","0","0","0","0","10","3","7","0","0","0","0","0","0","0","0","0","-2"
"156620","Eastern Kentucky University","2020","Second major","'99'","Grand total","Bachelor's degree","61","29","32","0","0","0","0","0","0","1","0","1","5","1","4","0","0","0","52","27","25","1","0","1","1","0","1","1","1","0","-2"
"156620","Eastern Kentucky University","2020","Second major","'99'","Grand total","Master's degree","1","1","0","0","0","0","0","0","0","0","0","0","0","0","0","0","0","0","1","1","0","0","0","0","0","0","0","0","0","0","-2"
"156648","Elizabethtown Community and Technical College","2020","First major","'99'","Grand total","Associate's degree","874","376","498","3","1","2","13","7","6","40","14","26","31","10","21","1","1","0","742","324","418","39","19","20","5","0","5","0","0","0","-2"
"156727","Frontier Nursing University","2020","First major","'99'","Grand total","Master's degree","613","33","580","4","0","4","7","0","7","52","1","51","46","2","44","1","1","0","466","26","440","25","2","23","11","1","10","1","0","1","-2"
"156727","Frontier Nursing University","2020","First major","'99'","Grand total","Doctor's degree - professional practice","196","12","184","3","1","2","2","0","2","27","1","26","9","0","9","1","0","1","147","10","137","2","0","2","5","0","5","0","0","0","-2"
"156745","Georgetown College","2020","First major","'99'","Grand total","Bachelor's degree","177","72","105","0","0","0","2","1","1","9","4","5","4","4","0","0","0","0","153","59","94","5","1","4","3","2","1","1","1","0","-2"
"156745","Georgetown College","2020","First major","'99'","Grand total","Master's degree","218","44","174","0","0","0","0","0","0","14","5","9","6","2","4","0","0","0","186","33","153","0","0","0","12","4","8","0","0","0","-2"
"156745","Georgetown College","2020","Second major","'99'","Grand total","Bachelor's degree","30","10","20","0","0","0","0","0","0","1","0","1","1","1","0","0","0","0","25","7","18","2","1","1","0","0","0","1","1","0","-2"
"156790","Hazard Community and Technical College","2020","First major","'99'","Grand total","Associate's degree","398","121","277","0","0","0","0","0","0","5","2","3","4","1","3","0","0","0","387","118","269","2","0","2","0","0","0","0","0","0","-2"
"156851","Henderson Community College","2020","First major","'99'","Grand total","Associate's degree","204","44","160","0","0","0","1","1","0","16","5","11","5","1","4","0","0","0","172","34","138","9","3","6","1","0","1","0","0","0","-2"
"156860","Hopkinsville Community College","2020","First major","'99'","Grand total","Associate's degree","409","130","279","0","0","0","9","3","6","82","24","58","46","10","36","1","0","1","253","88","165","15","5","10","3","0","3","0","0","0","-2"
"156921","Jefferson Community and Technical College","2020","First major","'99'","Grand total","Associate's degree","1369","528","841","3","0","3","42","16","26","204","74","130","108","37","71","1","1","0","931","371","560","55","20","35","22","7","15","3","2","1","-2"
"157021","American National University-Pikeville","2020","First major","'99'","Grand total","Associate's degree","30","8","22","0","0","0","0","0","0","3","1","2","0","0","0","0","0","0","20","6","14","5","0","5","2","1","1","0","0","0","-2"
"157021","American National University-Pikeville","2020","First major","'99'","Grand total","Bachelor's degree","2","0","2","0","0","0","0","0","0","0","0","0","0","0","0","0","0","0","0","0","0","2","0","2","0","0","0","0","0","0","-2"
"157030","Kentucky Mountain Bible College","2020","First major","'99'","Grand total","Associate's degree","6","4","2","0","0","0","0","0","0","0","0","0","0","0","0","0","0","0","6","4","2","0","0","0","0","0","0","0","0","0","-2"
"157030","Kentucky Mountain Bible College","2020","First major","'99'","Grand total","Bachelor's degree","7","4","3","0","0","0","0","0","0","0","0","0","0","0","0","0","0","0","7","4","3","0","0","0","0","0","0","0","0","0","-2"
"157058","Kentucky State University","2020","First major","'99'","Grand total","Associate's degree","32","6","26","0","0","0","0","0","0","5","0","5","1","0","1","0","0","0","9","2","7","3","1","2","14","3","11","0","0","0","-2"
"157058","Kentucky State University","2020","First major","'99'","Grand total","Bachelor's degree","137","61","76","0","0","0","1","0","1","87","40","47","12","5","7","1","0","1","26","12","14","5","2","3","3","1","2","2","1","1","-2"
"157058","Kentucky State University","2020","First major","'99'","Grand total","Master's degree","28","9","19","0","0","0","3","1","2","7","1","6","0","0","0","0","0","0","8","2","6","1","0","1","3","1","2","6","4","2","-2"
"157058","Kentucky State University","2020","First major","'99'","Grand total","Doctor's degree - professional practice","2","1","1","0","0","0","1","1","0","1","0","1","0","0","0","0","0","0","0","0","0","0","0","0","0","0","0","0","0","0","-2"
"157058","Kentucky State University","2020","Second major","'99'","Grand total","Bachelor's degree","4","1","3","0","0","0","0","0","0","3","1","2","1","0","1","0","0","0","0","0","0","0","0","0","0","0","0","0","0","0","-2"
"157076","Kentucky Wesleyan College","2020","First major","'99'","Grand total","Associate's degree","6","2","4","0","0","0","0","0","0","1","1","0","0","0","0","0","0","0","4","1","3","0","0","0","1","0","1","0","0","0","-2"
"157076","Kentucky Wesleyan College","2020","First major","'99'","Grand total","Bachelor's degree","157","76","81","0","0","0","2","1","1","9","3","6","6","2","4","0","0","0","125","63","62","4","0","4","11","7","4","0","0","0","-2"
"157076","Kentucky Wesleyan College","2020","Second major","'99'","Grand total","Bachelor's degree","15","7","8","0","0","0","0","0","0","0","0","0","2","1","1","0","0","0","12","6","6","0","0","0","1","0","1","0","0","0","-2"
"157085","University of Kentucky","2020","First major","'99'","Grand total","Bachelor's degree","5200","2257","2943","8","3","5","141","61","80","354","140","214","234","99","135","2","1","1","3991","1723","2268","177","80","97","180","81","99","113","69","44","-2"
"157085","University of Kentucky","2020","First major","'99'","Grand total","Master's degree","1324","573","751","5","2","3","50","27","23","68","23","45","49","17","32","1","0","1","888","345","543","35","18","17","76","47","29","152","94","58","-2"
"157085","University of Kentucky","2020","First major","'99'","Grand total","Doctor's degree - research/scholarship","334","175","159","1","1","0","9","4","5","6","2","4","7","3","4","1","0","1","180","87","93","2","1","1","19","12","7","109","65","44","-2"
"157085","University of Kentucky","2020","First major","'99'","Grand total","Doctor's degree - professional practice","586","271","315","2","1","1","34","19","15","28","13","15","19","7","12","0","0","0","467","210","257","13","8","5","15","8","7","8","5","3","-2"
"157085","University of Kentucky","2020","Second major","'99'","Grand total","Bachelor's degree","438","224","214","0","0","0","9","3","6","17","10","7","18","9","9","0","0","0","363","186","177","10","4","6","14","8","6","7","4","3","-2"
"157100","Kentucky Christian University","2020","First major","'99'","Grand total","Bachelor's degree","98","47","51","0","0","0","0","0","0","11","9","2","6","5","1","0","0","0","68","25","43","1","1","0","6","3","3","6","4","2","-2"
"157100","Kentucky Christian University","2020","First major","'99'","Grand total","Master's degree","31","7","24","0","0","0","0","0","0","0","0","0","0","0","0","0","0","0","24","5","19","0","0","0","7","2","5","0","0","0","-2"
"157100","Kentucky Christian University","2020","Second major","'99'","Grand total","Bachelor's degree","14","11","3","0","0","0","0","0","0","1","1","0","0","0","0","0","0","0","10","8","2","0","0","0","3","2","1","0","0","0","-2"
"157207","Lexington Theological Seminary","2020","First major","'99'","Grand total","Master's degree","4","3","1","0","0","0","0","0","0","2","2","0","0","0","0","0","0","0","2","1","1","0","0","0","0","0","0","0","0","0","-2"
"157207","Lexington Theological Seminary","2020","First major","'99'","Grand total","Doctor's degree - professional practice","1","0","1","0","0","0","0","0","0","0","0","0","0","0","0","0","0","0","1","0","1","0","0","0","0","0","0","0","0","0","-2"
"157216","Lindsey Wilson College","2020","First major","'99'","Grand total","Associate's degree","5","3","2","0","0","0","0","0","0","0","0","0","0","0","0","0","0","0","5","3","2","0","0","0","0","0","0","0","0","0","-2"
"157216","Lindsey Wilson College","2020","First major","'99'","Grand total","Bachelor's degree","371","123","248","1","1","0","1","0","1","28","16","12","8","6","2","0","0","0","242","71","171","9","4","5","82","25","57","0","0","0","-2"
"157216","Lindsey Wilson College","2020","First major","'99'","Grand total","Master's degree","215","46","169","0","0","0","0","0","0","16","4","12","2","0","2","0","0","0","128","33","95","2","2","0","66","7","59","1","0","1","-2"
"157216","Lindsey Wilson College","2020","First major","'99'","Grand total","Doctor's degree - research/scholarship","2","1","1","0","0","0","0","0","0","0","0","0","0","0","0","0","0","0","1","0","1","0","0","0","1","1","0","0","0","0","-2"
"157216","Lindsey Wilson College","2020","Second major","'99'","Grand total","Bachelor's degree","30","8","22","0","0","0","0","0","0","3","2","1","0","0","0","0","0","0","20","4","16","2","1","1","5","1","4","0","0","0","-2"
"157289","University of Louisville","2020","First major","'99'","Grand total","Associate's degree","5","3","2","0","0","0","1","0","1","0","0","0","0","0","0","0","0","0","4","3","1","0","0","0","0","0","0","0","0","0","-2"
"157289","University of Louisville","2020","First major","'99'","Grand total","Bachelor's degree","3086","1425","1661","2","1","1","109","41","68","357","163","194","128","59","69","1","1","0","2286","1068","1218","158","69","89","0","0","0","45","23","22","-2"
"157289","University of Louisville","2020","First major","'99'","Grand total","Master's degree","1324","577","747","3","1","2","53","25","28","126","48","78","75","31","44","0","0","0","937","414","523","55","16","39","2","2","0","73","40","33","-2"
"157289","University of Louisville","2020","First major","'99'","Grand total","Doctor's degree - research/scholarship","143","71","72","0","0","0","4","2","2","11","5","6","1","0","1","0","0","0","77","26","51","2","2","0","0","0","0","48","36","12","-2"
"157289","University of Louisville","2020","First major","'99'","Grand total","Doctor's degree - professional practice","443","206","237","0","0","0","34","15","19","30","11","19","12","3","9","1","0","1","353","172","181","11","4","7","0","0","0","2","1","1","-2"
"157289","University of Louisville","2020","Second major","'99'","Grand total","Bachelor's degree","104","45","59","0","0","0","5","1","4","2","1","1","5","2","3","0","0","0","79","34","45","11","6","5","0","0","0","2","1","1","-2"
"157289","University of Louisville","2020","Second major","'99'","Grand total","Master's degree","3","0","3","0","0","0","0","0","0","0","0","0","0","0","0","0","0","0","3","0","3","0","0","0","0","0","0","0","0","0","-2"
"157289","University of Louisville","2020","Second major","'99'","Grand total","Doctor's degree - professional practice","2","0","2","0","0","0","0","0","0","0","0","0","0","0","0","0","0","0","2","0","2","0","0","0","0","0","0","0","0","0","-2"
"157298","Louisville Presbyterian Theological Seminary","2020","First major","'99'","Grand total","Master's degree","18","6","12","0","0","0","0","0","0","5","1","4","0","0","0","1","0","1","11","5","6","1","0","1","0","0","0","0","0","0","-2"
"157298","Louisville Presbyterian Theological Seminary","2020","First major","'99'","Grand total","Doctor's degree - professional practice","11","5","6","0","0","0","0","0","0","3","0","3","0","0","0","0","0","0","8","5","3","0","0","0","0","0","0","0","0","0","-2"
"157304","Madisonville Community College","2020","First major","'99'","Grand total","Associate's degree","398","99","299","0","0","0","3","0","3","22","4","18","12","3","9","1","0","1","352","88","264","8","4","4","0","0","0","0","0","0","-2"
"157331","Maysville Community and Technical College","2020","First major","'99'","Grand total","Associate's degree","424","133","291","3","0","3","0","0","0","8","3","5","12","6","6","0","0","0","391","121","270","4","2","2","6","1","5","0","0","0","-2"
"157377","Midway University","2020","First major","'99'","Grand total","Associate's degree","63","10","53","0","0","0","1","0","1","4","0","4","4","2","2","0","0","0","51","7","44","1","1","0","2","0","2","0","0","0","-2"
"157377","Midway University","2020","First major","'99'","Grand total","Bachelor's degree","150","40","110","0","0","0","1","0","1","12","5","7","9","5","4","0","0","0","115","25","90","10","3","7","3","2","1","0","0","0","-2"
"157377","Midway University","2020","First major","'99'","Grand total","Master's degree","87","22","65","1","0","1","0","0","0","6","0","6","4","2","2","0","0","0","69","19","50","4","0","4","3","1","2","0","0","0","-2"
"157377","Midway University","2020","Second major","'99'","Grand total","Bachelor's degree","8","4","4","0","0","0","0","0","0","0","0","0","2","1","1","0","0","0","3","1","2","3","2","1","0","0","0","0","0","0","-2"
"157386","Morehead State University","2020","First major","'99'","Grand total","Associate's degree","153","29","124","0","0","0","1","1","0","1","0","1","2","0","2","0","0","0","145","28","117","3","0","3","1","0","1","0","0","0","-2"
"157386","Morehead State University","2020","First major","'99'","Grand total","Bachelor's degree","1139","456","683","1","1","0","5","1","4","28","14","14","19","8","11","0","0","0","1013","378","635","25","10","15","6","3","3","42","41","1","-2"
"157386","Morehead State University","2020","First major","'99'","Grand total","Master's degree","266","90","176","1","0","1","2","0","2","20","6","14","4","2","2","0","0","0","220","72","148","6","3","3","3","1","2","10","6","4","-2"
"157386","Morehead State University","2020","First major","'99'","Grand total","Doctor's degree - other","12","4","8","1","0","1","0","0","0","3","2","1","0","0","0","0","0","0","7","2","5","0","0","0","1","0","1","0","0","0","-2"
"157386","Morehead State University","2020","Second major","'99'","Grand total","Bachelor's degree","21","9","12","0","0","0","0","0","0","0","0","0","0","0","0","0","0","0","21","9","12","0","0","0","0","0","0","0","0","0","-2"
"157401","Murray State University","2020","First major","'99'","Grand total","Associate's degree","21","7","14","0","0","0","0","0","0","0","0","0","1","0","1","0","0","0","17","7","10","1","0","1","2","0","2","0","0","0","-2"
"157401","Murray State University","2020","First major","'99'","Grand total","Bachelor's degree","1614","615","999","1","1","0","14","5","9","104","42","62","34","12","22","1","0","1","1350","504","846","39","11","28","23","10","13","48","30","18","-2"
"157401","Murray State University","2020","First major","'99'","Grand total","Master's degree","433","136","297","0","0","0","6","4","2","18","6","12","5","1","4","1","1","0","334","90","244","8","2","6","4","0","4","57","32","25","-2"
"157401","Murray State University","2020","First major","'99'","Grand total","Doctor's degree - professional practice","27","11","16","0","0","0","0","0","0","3","2","1","0","0","0","0","0","0","23","9","14","0","0","0","1","0","1","0","0","0","-2"
"157401","Murray State University","2020","First major","'99'","Grand total","Doctor's degree - other","19","8","11","0","0","0","0","0","0","4","0","4","0","0","0","0","0","0","13","7","6","0","0","0","0","0","0","2","1","1","-2"
"157401","Murray State University","2020","Second major","'99'","Grand total","Bachelor's degree","18","3","15","0","0","0","0","0","0","1","0","1","0","0","0","1","0","1","15","2","13","0","0","0","0","0","0","1","1","0","-2"
"157438","Gateway Community and Technical College","2020","First major","'99'","Grand total","Associate's degree","508","199","309","0","0","0","9","2","7","14","8","6","17","2","15","0","0","0","445","180","265","19","5","14","4","2","2","0","0","0","-2"
"157447","Northern Kentucky University","2020","First major","'99'","Grand total","Associate's degree","35","23","12","1","1","0","0","0","0","1","0","1","0","0","0","0","0","0","32","21","11","0","0","0","1","1","0","0","0","0","-2"
"157447","Northern Kentucky University","2020","First major","'99'","Grand total","Bachelor's degree","2222","926","1296","1","1","0","27","13","14","133","45","88","63","25","38","0","0","0","1837","747","1090","56","20","36","15","8","7","90","67","23","-2"
"157447","Northern Kentucky University","2020","First major","'99'","Grand total","Master's degree","524","152","372","1","0","1","6","2","4","59","14","45","16","1","15","0","0","0","414","122","292","9","3","6","6","5","1","13","5","8","-2"
"157447","Northern Kentucky University","2020","First major","'99'","Grand total","Doctor's degree - research/scholarship","12","2","10","0","0","0","0","0","0","1","0","1","0","0","0","0","0","0","10","2","8","1","0","1","0","0","0","0","0","0","-2"
"157447","Northern Kentucky University","2020","First major","'99'","Grand total","Doctor's degree - professional practice","181","60","121","0","0","0","2","0","2","10","0","10","8","3","5","0","0","0","155","55","100","0","0","0","6","2","4","0","0","0","-2"
"157447","Northern Kentucky University","2020","Second major","'99'","Grand total","Bachelor's degree","71","27","44","0","0","0","0","0","0","4","1","3","3","1","2","0","0","0","59","23","36","1","0","1","2","1","1","2","1","1","-2"
"157483","West Kentucky Community and Technical College","2020","First major","'99'","Grand total","Associate's degree","606","214","392","2","0","2","3","1","2","32","11","21","25","10","15","0","0","0","529","187","342","10","2","8","4","2","2","1","1","0","-2"
"157535","University of Pikeville","2020","First major","'99'","Grand total","Associate's degree","44","7","37","0","0","0","0","0","0","1","0","1","0","0","0","0","0","0","43","7","36","0","0","0","0","0","0","0","0","0","-2"
"157535","University of Pikeville","2020","First major","'99'","Grand total","Bachelor's degree","192","87","105","0","0","0","0","0","0","18","13","5","3","0","3","0","0","0","163","69","94","0","0","0","0","0","0","8","5","3","-2"
"157535","University of Pikeville","2020","First major","'99'","Grand total","Master's degree","35","15","20","0","0","0","2","0","2","1","0","1","0","0","0","0","0","0","32","15","17","0","0","0","0","0","0","0","0","0","-2"
"157535","University of Pikeville","2020","First major","'99'","Grand total","Doctor's degree - professional practice","159","75","84","0","0","0","29","18","11","1","0","1","6","1","5","1","0","1","122","56","66","0","0","0","0","0","0","0","0","0","-2"
"157535","University of Pikeville","2020","Second major","'99'","Grand total","Bachelor's degree","15","6","9","0","0","0","0","0","0","1","1","0","0","0","0","0","0","0","13","5","8","0","0","0","0","0","0","1","0","1","-2"
"157553","Big Sandy Community and Technical College","2020","First major","'99'","Grand total","Associate's degree","436","161","275","0","0","0","1","0","1","3","1","2","1","1","0","0","0","0","415","150","265","6","4","2","10","5","5","0","0","0","-2"
"157711","Somerset Community College","2020","First major","'99'","Grand total","Associate's degree","787","275","512","1","0","1","1","1","0","2","1","1","14","5","9","1","0","1","753","258","495","9","7","2","3","2","1","3","1","2","-2"
"157739","Southeast Kentucky Community","2020","First major","'99'","Grand total","Associate's degree","372","114","258","0","0","0","2","0","2","9","3","6","5","3","2","0","0","0","347","105","242","6","2","4","3","1","2","0","0","0","-2"
"157748","The Southern Baptist Theological Seminary","2020","First major","'99'","Grand total","Associate's degree","7","4","3","0","0","0","0","0","0","0","0","0","0","0","0","0","0","0","7","4","3","0","0","0","0","0","0","0","0","0","-2"
"157748","The Southern Baptist Theological Seminary","2020","First major","'99'","Grand total","Bachelor's degree","86","52","34","0","0","0","1","1","0","1","0","1","2","1","1","0","0","0","75","45","30","0","0","0","0","0","0","7","5","2","-2"
"157748","The Southern Baptist Theological Seminary","2020","First major","'99'","Grand total","Master's degree","402","339","63","2","2","0","14","10","4","9","7","2","17","16","1","1","1","0","313","270","43","0","0","0","2","2","0","44","31","13","-2"
"157748","The Southern Baptist Theological Seminary","2020","First major","'99'","Grand total","Doctor's degree - research/scholarship","73","67","6","0","0","0","4","3","1","4","4","0","0","0","0","0","0","0","55","51","4","1","1","0","1","1","0","8","7","1","-2"
"157748","The Southern Baptist Theological Seminary","2020","First major","'99'","Grand total","Doctor's degree - other","54","53","1","0","0","0","0","0","0","2","1","1","0","0","0","0","0","0","48","48","0","0","0","0","0","0","0","4","4","0","-2"
"157757","Spalding University","2020","First major","'99'","Grand total","Associate's degree","0","0","0","0","0","0","0","0","0","0","0","0","0","0","0","0","0","0","0","0","0","0","0","0","0","0","0","0","0","0","-2"
"157757","Spalding University","2020","First major","'99'","Grand total","Bachelor's degree","193","58","135","1","0","1","2","0","2","35","9","26","7","2","5","0","0","0","137","43","94","7","4","3","4","0","4","0","0","0","-2"
"157757","Spalding University","2020","First major","'99'","Grand total","Master's degree","238","40","198","0","0","0","5","1","4","40","4","36","9","3","6","0","0","0","164","30","134","4","0","4","16","2","14","0","0","0","-2"
"157757","Spalding University","2020","First major","'99'","Grand total","Doctor's degree - research/scholarship","14","7","7","0","0","0","0","0","0","3","3","0","0","0","0","0","0","0","10","4","6","0","0","0","1","0","1","0","0","0","-2"
"157757","Spalding University","2020","First major","'99'","Grand total","Doctor's degree - professional practice","28","3","25","0","0","0","1","0","1","2","0","2","1","0","1","0","0","0","14","1","13","1","0","1","9","2","7","0","0","0","-2"
"157793","Sullivan University","2020","First major","'99'","Grand total","Associate's degree","383","151","232","0","0","0","12","7","5","53","21","32","14","3","11","1","0","1","219","92","127","21","2","19","62","26","36","1","0","1","-2"
"157793","Sullivan University","2020","First major","'99'","Grand total","Bachelor's degree","219","98","121","2","1","1","6","3","3","27","9","18","10","6","4","1","1","0","122","58","64","26","7","19","25","13","12","0","0","0","-2"
"157793","Sullivan University","2020","First major","'99'","Grand total","Master's degree","245","108","137","1","0","1","64","40","24","30","13","17","3","1","2","0","0","0","111","41","70","18","6","12","15","6","9","3","1","2","-2"
"157793","Sullivan University","2020","First major","'99'","Grand total","Doctor's degree - research/scholarship","5","3","2","0","0","0","0","0","0","2","0","2","0","0","0","0","0","0","1","1","0","2","2","0","0","0","0","0","0","0","-2"
"157793","Sullivan University","2020","First major","'99'","Grand total","Doctor's degree - professional practice","84","31","53","0","0","0","7","1","6","2","1","1","0","0","0","0","0","0","38","13","25","2","1","1","35","15","20","0","0","0","-2"
"157809","Thomas More University","2020","First major","'99'","Grand total","Associate's degree","59","28","31","0","0","0","1","1","0","6","3","3","0","0","0","0","0","0","38","19","19","3","0","3","10","4","6","1","1","0","-2"
"157809","Thomas More University","2020","First major","'99'","Grand total","Bachelor's degree","331","156","175","1","0","1","6","3","3","21","13","8","9","4","5","1","1","0","260","120","140","9","4","5","21","8","13","3","3","0","-2"
"157809","Thomas More University","2020","First major","'99'","Grand total","Master's degree","98","43","55","0","0","0","1","0","1","6","2","4","1","0","1","0","0","0","76","33","43","1","0","1","11","6","5","2","2","0","-2"
"157809","Thomas More University","2020","Second major","'99'","Grand total","Bachelor's degree","10","6","4","0","0","0","0","0","0","0","0","0","0","0","0","0","0","0","8","5","3","1","0","1","0","0","0","1","1","0","-2"
"157818","Transylvania University","2020","First major","'99'","Grand total","Bachelor's degree","179","65","114","0","0","0","4","1","3","8","2","6","4","2","2","0","0","0","156","57","99","3","1","2","4","2","2","0","0","0","-2"
"157818","Transylvania University","2020","Second major","'99'","Grand total","Bachelor's degree","26","6","20","0","0","0","0","0","0","2","0","2","0","0","0","0","0","0","24","6","18","0","0","0","0","0","0","0","0","0","-2"
"157863","Union College","2020","First major","'99'","Grand total","Associate's degree","0","0","0","0","0","0","0","0","0","0","0","0","0","0","0","0","0","0","0","0","0","0","0","0","0","0","0","0","0","0","-2"
"157863","Union College","2020","First major","'99'","Grand total","Bachelor's degree","204","84","120","0","0","0","1","0","1","21","15","6","3","2","1","0","0","0","153","51","102","5","0","5","4","3","1","17","13","4","-2"
"157863","Union College","2020","First major","'99'","Grand total","Master's degree","73","30","43","0","0","0","1","1","0","2","1","1","1","1","0","0","0","0","57","19","38","3","3","0","2","1","1","7","4","3","-2"
"157863","Union College","2020","Second major","'99'","Grand total","Bachelor's degree","27","14","13","0","0","0","0","0","0","4","2","2","0","0","0","0","0","0","18","9","9","1","0","1","1","1","0","3","2","1","-2"
"157951","Western Kentucky University","2020","First major","'99'","Grand total","Associate's degree","164","38","126","1","0","1","0","0","0","12","1","11","4","1","3","0","0","0","134","29","105","4","1","3","5","2","3","4","4","0","-2"
"157951","Western Kentucky University","2020","First major","'99'","Grand total","Bachelor's degree","3040","1256","1784","10","6","4","52","23","29","182","82","100","106","45","61","2","0","2","2466","962","1504","86","35","51","15","8","7","121","95","26","-2"
"157951","Western Kentucky University","2020","First major","'99'","Grand total","Master's degree","804","270","534","2","0","2","8","5","3","65","32","33","24","10","14","0","0","0","631","192","439","15","6","9","3","2","1","56","23","33","-2"
"157951","Western Kentucky University","2020","First major","'99'","Grand total","Doctor's degree - professional practice","49","15","34","0","0","0","1","0","1","1","1","0","0","0","0","0","0","0","47","14","33","0","0","0","0","0","0","0","0","0","-2"
"157951","Western Kentucky University","2020","First major","'99'","Grand total","Doctor's degree - other","15","5","10","0","0","0","0","0","0","0","0","0","0","0","0","0","0","0","14","5","9","0","0","0","0","0","0","1","0","1","-2"
"157951","Western Kentucky University","2020","Second major","'99'","Grand total","Bachelor's degree","211","86","125","0","0","0","3","1","2","10","5","5","8","4","4","0","0","0","184","73","111","4","3","1","0","0","0","2","0","2","-2"
"158088","Central Louisiana Technical Community College","2020","First major","'99'","Grand total","Associate's degree","23","8","15","0","0","0","0","0","0","7","3","4","4","1","3","0","0","0","12","4","8","0","0","0","0","0","0","0","0","0","-2"
"158343","Baton Rouge School of Computers","2020","First major","'99'","Grand total","Associate's degree","16","9","7","0","0","0","0","0","0","6","3","3","0","0","0","0","0","0","10","6","4","0","0","0","0","0","0","0","0","0","-2"
"158431","Bossier Parish Community College","2020","First major","'99'","Grand total","Associate's degree","624","250","374","7","2","5","7","4","3","158","51","107","36","14","22","3","1","2","367","156","211","28","12","16","12","7","5","6","3","3","-2"
"158477","Centenary College of Louisiana","2020","First major","'99'","Grand total","Bachelor's degree","96","30","66","0","0","0","2","0","2","14","4","10","14","6","8","0","0","0","64","20","44","1","0","1","0","0","0","1","0","1","-2"
"158477","Centenary College of Louisiana","2020","First major","'99'","Grand total","Master's degree","15","5","10","0","0","0","0","0","0","3","0","3","0","0","0","0","0","0","12","5","7","0","0","0","0","0","0","0","0","0","-2"
"158477","Centenary College of Louisiana","2020","Second major","'99'","Grand total","Bachelor's degree","11","3","8","0","0","0","1","0","1","1","0","1","0","0","0","0","0","0","8","3","5","0","0","0","0","0","0","1","0","1","-2"
"158662","Delgado Community College","2020","First major","'99'","Grand total","Associate's degree","1182","304","878","12","4","8","50","24","26","412","79","333","120","34","86","8","1","7","489","134","355","52","14","38","20","6","14","19","8","11","-2"
"158802","Dillard University","2020","First major","'99'","Grand total","Bachelor's degree","223","48","175","1","1","0","0","0","0","163","30","133","5","0","5","0","0","0","0","0","0","5","1","4","48","16","32","1","0","1","-2"
"158884","Nunez Community College","2020","First major","'99'","Grand total","Associate's degree","194","92","102","3","2","1","7","2","5","73","17","56","10","7","3","2","0","2","92","59","33","5","4","1","0","0","0","2","1","1","-2"
"159009","Grambling State University","2020","First major","'99'","Grand total","Bachelor's degree","528","212","316","2","2","0","1","0","1","434","161","273","11","5","6","0","0","0","3","2","1","10","2","8","1","1","0","66","39","27","-2"
"159009","Grambling State University","2020","First major","'99'","Grand total","Master's degree","233","58","175","0","0","0","1","0","1","222","55","167","4","2","2","0","0","0","2","1","1","0","0","0","0","0","0","4","0","4","-2"
"159009","Grambling State University","2020","First major","'99'","Grand total","Doctor's degree - research/scholarship","5","0","5","0","0","0","0","0","0","5","0","5","0","0","0","0","0","0","0","0","0","0","0","0","0","0","0","0","0","0","-2"
"159197","ITI Technical College","2020","First major","'99'","Grand total","Associate's degree","249","207","42","2","2","0","3","2","1","93","69","24","5","5","0","0","0","0","135","122","13","7","4","3","4","3","1","0","0","0","-2"
"159373","Louisiana State University Health Sciences Center-New Orleans","2020","First major","'99'","Grand total","Associate's degree","5","2","3","0","0","0","0","0","0","2","0","2","1","1","0","0","0","0","2","1","1","0","0","0","0","0","0","0","0","0","-2"
"159373","Louisiana State University Health Sciences Center-New Orleans","2020","First major","'99'","Grand total","Bachelor's degree","331","44","287","0","0","0","13","2","11","34","4","30","19","2","17","0","0","0","258","35","223","6","1","5","1","0","1","0","0","0","-2"
"159373","Louisiana State University Health Sciences Center-New Orleans","2020","First major","'99'","Grand total","Master's degree","159","30","129","1","1","0","12","4","8","17","2","15","6","2","4","0","0","0","111","18","93","4","1","3","4","0","4","4","2","2","-2"
"159373","Louisiana State University Health Sciences Center-New Orleans","2020","First major","'99'","Grand total","Doctor's degree - research/scholarship","15","5","10","0","0","0","1","0","1","1","0","1","0","0","0","0","0","0","9","4","5","0","0","0","0","0","0","4","1","3","-2"
"159373","Louisiana State University Health Sciences Center-New Orleans","2020","First major","'99'","Grand total","Doctor's degree - professional practice","358","166","192","0","0","0","39","19","20","24","6","18","8","6","2","0","0","0","275","131","144","0","0","0","11","4","7","1","0","1","-2"
"159382","Louisiana State University-Alexandria","2020","First major","'99'","Grand total","Associate's degree","125","31","94","8","1","7","1","0","1","18","3","15","1","0","1","0","0","0","90","23","67","4","1","3","3","3","0","0","0","0","-2"
"159382","Louisiana State University-Alexandria","2020","First major","'99'","Grand total","Bachelor's degree","443","121","322","40","14","26","3","1","2","62","17","45","11","3","8","0","0","0","315","84","231","6","0","6","6","2","4","0","0","0","-2"
"159391","Louisiana State University and Agricultural & Mechanical College","2020","First major","'99'","Grand total","Bachelor's degree","4971","2304","2667","18","10","8","223","110","113","562","197","365","327","137","190","5","3","2","3589","1719","1870","107","44","63","56","28","28","84","56","28","-2"
"159391","Louisiana State University and Agricultural & Mechanical College","2020","First major","'99'","Grand total","Master's degree","1297","471","826","5","2","3","35","9","26","238","43","195","85","33","52","2","1","1","742","293","449","20","4","16","46","18","28","124","68","56","-2"
"159391","Louisiana State University and Agricultural & Mechanical College","2020","First major","'99'","Grand total","Doctor's degree - research/scholarship","347","186","161","0","0","0","14","10","4","29","8","21","9","3","6","0","0","0","154","74","80","2","0","2","6","3","3","133","88","45","-2"
"159391","Louisiana State University and Agricultural & Mechanical College","2020","First major","'99'","Grand total","Doctor's degree - professional practice","254","85","169","0","0","0","5","1","4","21","4","17","22","10","12","0","0","0","199","66","133","5","3","2","2","1","1","0","0","0","-2"
"159391","Louisiana State University and Agricultural & Mechanical College","2020","Second major","'99'","Grand total","Bachelor's degree","47","10","37","0","0","0","3","1","2","11","1","10","6","2","4","0","0","0","27","6","21","0","0","0","0","0","0","0","0","0","-2"
"159407","Louisiana State University-Eunice","2020","First major","'99'","Grand total","Associate's degree","342","94","248","2","0","2","1","0","1","46","6","40","4","1","3","0","0","0","267","79","188","11","3","8","5","0","5","6","5","1","-2"
"159416","Louisiana State University-Shreveport","2020","First major","'99'","Grand total","Bachelor's degree","400","156","244","0","0","0","8","2","6","76","22","54","15","4","11","1","1","0","231","98","133","13","4","9","37","14","23","19","11","8","-2"
"159416","Louisiana State University-Shreveport","2020","First major","'99'","Grand total","Master's degree","2259","966","1293","8","2","6","67","35","32","448","131","317","129","61","68","4","1","3","1044","459","585","69","26","43","396","185","211","94","66","28","-2"
"159416","Louisiana State University-Shreveport","2020","First major","'99'","Grand total","Doctor's degree - research/scholarship","11","5","6","0","0","0","0","0","0","4","2","2","0","0","0","0","0","0","3","1","2","0","0","0","3","2","1","1","0","1","-2"
"159568","Louisiana College","2020","First major","'99'","Grand total","Associate's degree","16","6","10","0","0","0","0","0","0","2","0","2","0","0","0","0","0","0","14","6","8","0","0","0","0","0","0","0","0","0","-2"
"159568","Louisiana College","2020","First major","'99'","Grand total","Bachelor's degree","147","61","86","1","0","1","1","0","1","29","10","19","4","2","2","1","0","1","109","49","60","2","0","2","0","0","0","0","0","0","-2"
"159568","Louisiana College","2020","First major","'99'","Grand total","Master's degree","68","13","55","1","0","1","0","0","0","12","3","9","0","0","0","0","0","0","55","10","45","0","0","0","0","0","0","0","0","0","-2"
"159568","Louisiana College","2020","Second major","'99'","Grand total","Bachelor's degree","6","1","5","0","0","0","1","0","1","1","0","1","1","0","1","0","0","0","3","1","2","0","0","0","0","0","0","0","0","0","-2"
"159647","Louisiana Tech University","2020","First major","'99'","Grand total","Associate's degree","62","10","52","0","0","0","0","0","0","7","1","6","0","0","0","0","0","0","49","7","42","2","1","1","4","1","3","0","0","0","-2"
"159647","Louisiana Tech University","2020","First major","'99'","Grand total","Bachelor's degree","1533","792","741","2","0","2","30","18","12","179","75","104","59","29","30","2","1","1","1120","600","520","41","18","23","71","38","33","29","13","16","-2"
"159647","Louisiana Tech University","2020","First major","'99'","Grand total","Master's degree","380","187","193","0","0","0","5","2","3","40","12","28","14","11","3","0","0","0","257","116","141","6","5","1","6","5","1","52","36","16","-2"
"159647","Louisiana Tech University","2020","First major","'99'","Grand total","Doctor's degree - research/scholarship","47","28","19","0","0","0","1","1","0","3","1","2","0","0","0","0","0","0","18","8","10","0","0","0","3","2","1","22","16","6","-2"
"159647","Louisiana Tech University","2020","First major","'99'","Grand total","Doctor's degree - professional practice","4","0","4","0","0","0","0","0","0","0","0","0","0","0","0","0","0","0","2","0","2","1","0","1","1","0","1","0","0","0","-2"
"159656","Loyola University New Orleans","2020","First major","'99'","Grand total","Bachelor's degree","505","188","317","1","0","1","17","6","11","73","20","53","90","33","57","0","0","0","270","108","162","29","11","18","15","5","10","10","5","5","-2"
"159656","Loyola University New Orleans","2020","First major","'99'","Grand total","Master's degree","232","53","179","3","0","3","3","1","2","38","5","33","19","5","14","1","1","0","138","35","103","1","0","1","20","1","19","9","5","4","-2"
"159656","Loyola University New Orleans","2020","First major","'99'","Grand total","Doctor's degree - professional practice","178","82","96","4","2","2","8","5","3","38","16","22","25","12","13","0","0","0","99","46","53","1","0","1","3","1","2","0","0","0","-2"
"159656","Loyola University New Orleans","2020","Second major","'99'","Grand total","Bachelor's degree","33","10","23","0","0","0","0","0","0","4","1","3","6","1","5","0","0","0","17","5","12","3","1","2","0","0","0","3","2","1","-2"
"159717","McNeese State University","2020","First major","'99'","Grand total","Associate's degree","146","51","95","3","1","2","1","1","0","32","6","26","5","2","3","0","0","0","97","37","60","3","2","1","3","1","2","2","1","1","-2"
"159717","McNeese State University","2020","First major","'99'","Grand total","Bachelor's degree","1036","417","619","3","0","3","20","7","13","148","52","96","31","12","19","1","1","0","696","264","432","27","7","20","2","0","2","108","74","34","-2"
"159717","McNeese State University","2020","First major","'99'","Grand total","Master's degree","208","57","151","0","0","0","4","2","2","35","7","28","1","0","1","0","0","0","143","38","105","5","0","5","0","0","0","20","10","10","-2"
"159717","McNeese State University","2020","First major","'99'","Grand total","Doctor's degree - professional practice","0","0","0","0","0","0","0","0","0","0","0","0","0","0","0","0","0","0","0","0","0","0","0","0","0","0","0","0","0","0","-2"
"159717","McNeese State University","2020","Second major","'99'","Grand total","Bachelor's degree","2","2","0","0","0","0","0","0","0","0","0","0","0","0","0","0","0","0","2","2","0","0","0","0","0","0","0","0","0","0","-2"
"159939","University of New Orleans","2020","First major","'99'","Grand total","Bachelor's degree","1101","534","567","3","1","2","94","43","51","157","59","98","146","66","80","0","0","0","585","300","285","56","25","31","14","5","9","46","35","11","-2"
"159939","University of New Orleans","2020","First major","'99'","Grand total","Master's degree","423","186","237","0","0","0","24","8","16","56","19","37","44","16","28","0","0","0","250","115","135","16","7","9","3","0","3","30","21","9","-2"
"159939","University of New Orleans","2020","First major","'99'","Grand total","Doctor's degree - research/scholarship","37","23","14","0","0","0","3","3","0","5","2","3","0","0","0","0","0","0","16","10","6","0","0","0","1","1","0","12","7","5","-2"
"159948","New Orleans Baptist Theological Seminary","2020","First major","'99'","Grand total","Associate's degree","17","16","1","0","0","0","1","0","1","3","3","0","0","0","0","0","0","0","4","4","0","0","0","0","9","9","0","0","0","0","-2"
"159948","New Orleans Baptist Theological Seminary","2020","First major","'99'","Grand total","Bachelor's degree","64","54","10","0","0","0","0","0","0","10","7","3","1","1","0","0","0","0","30","28","2","0","0","0","23","18","5","0","0","0","-2"
"159948","New Orleans Baptist Theological Seminary","2020","First major","'99'","Grand total","Master's degree","256","202","54","0","0","0","16","12","4","17","12","5","6","3","3","0","0","0","179","140","39","2","1","1","34","32","2","2","2","0","-2"
"159948","New Orleans Baptist Theological Seminary","2020","First major","'99'","Grand total","Doctor's degree - research/scholarship","22","16","6","0","0","0","2","1","1","0","0","0","1","1","0","0","0","0","17","12","5","0","0","0","2","2","0","0","0","0","-2"
"159948","New Orleans Baptist Theological Seminary","2020","First major","'99'","Grand total","Doctor's degree - other","38","36","2","0","0","0","6","5","1","1","1","0","2","2","0","0","0","0","22","22","0","0","0","0","6","5","1","1","1","0","-2"
"159966","Nicholls State University","2020","First major","'99'","Grand total","Associate's degree","171","74","97","3","0","3","1","1","0","39","17","22","5","1","4","1","1","0","116","53","63","3","0","3","2","1","1","1","0","1","-2"
"159966","Nicholls State University","2020","First major","'99'","Grand total","Bachelor's degree","934","315","619","19","4","15","12","3","9","151","44","107","25","10","15","0","0","0","688","240","448","20","6","14","5","4","1","14","4","10","-2"
"159966","Nicholls State University","2020","First major","'99'","Grand total","Master's degree","169","46","123","0","0","0","6","0","6","21","4","17","4","1","3","0","0","0","126","36","90","1","0","1","1","0","1","10","5","5","-2"
"159993","University of Louisiana at Monroe","2020","First major","'99'","Grand total","Associate's degree","46","8","38","0","0","0","1","0","1","6","2","4","1","0","1","0","0","0","37","6","31","1","0","1","0","0","0","0","0","0","-2"
"159993","University of Louisiana at Monroe","2020","First major","'99'","Grand total","Bachelor's degree","1242","445","797","5","1","4","28","10","18","226","72","154","23","8","15","0","0","0","839","295","544","27","7","20","21","9","12","73","43","30","-2"
"159993","University of Louisiana at Monroe","2020","First major","'99'","Grand total","Master's degree","393","96","297","3","0","3","4","1","3","73","21","52","20","7","13","0","0","0","263","59","204","6","1","5","8","2","6","16","5","11","-2"
"159993","University of Louisiana at Monroe","2020","First major","'99'","Grand total","Doctor's degree - research/scholarship","27","13","14","0","0","0","1","1","0","5","0","5","0","0","0","0","0","0","14","7","7","0","0","0","0","0","0","7","5","2","-2"
"159993","University of Louisiana at Monroe","2020","First major","'99'","Grand total","Doctor's degree - professional practice","87","36","51","0","0","0","8","4","4","8","1","7","1","1","0","0","0","0","63","28","35","5","2","3","2","0","2","0","0","0","-2"
"160010","Northwest Louisiana Technical Community College","2020","First major","'99'","Grand total","Associate's degree","9","6","3","0","0","0","0","0","0","1","1","0","0","0","0","0","0","0","8","5","3","0","0","0","0","0","0","0","0","0","-2"
"160038","Northwestern State University of Louisiana","2020","First major","'99'","Grand total","Associate's degree","360","73","287","4","1","3","5","1","4","82","16","66","20","3","17","0","0","0","222","45","177","15","3","12","7","2","5","5","2","3","-2"
"160038","Northwestern State University of Louisiana","2020","First major","'99'","Grand total","Bachelor's degree","1356","407","949","21","5","16","8","2","6","363","107","256","80","23","57","1","0","1","768","227","541","50","18","32","21","2","19","44","23","21","-2"
"160038","Northwestern State University of Louisiana","2020","First major","'99'","Grand total","Master's degree","265","55","210","2","1","1","3","0","3","51","10","41","7","2","5","1","0","1","186","38","148","6","1","5","6","1","5","3","2","1","-2"
"160038","Northwestern State University of Louisiana","2020","First major","'99'","Grand total","Doctor's degree - research/scholarship","0","0","0","0","0","0","0","0","0","0","0","0","0","0","0","0","0","0","0","0","0","0","0","0","0","0","0","0","0","0","-2"
"160038","Northwestern State University of Louisiana","2020","First major","'99'","Grand total","Doctor's degree - professional practice","11","1","10","0","0","0","0","0","0","7","0","7","0","0","0","0","0","0","4","1","3","0","0","0","0","0","0","0","0","0","-2"
"160038","Northwestern State University of Louisiana","2020","Second major","'99'","Grand total","Bachelor's degree","21","5","16","0","0","0","0","0","0","6","3","3","1","0","1","0","0","0","13","2","11","1","0","1","0","0","0","0","0","0","-2"
"160065","University of Holy Cross","2020","First major","'99'","Grand total","Associate's degree","4","1","3","0","0","0","0","0","0","0","0","0","0","0","0","0","0","0","4","1","3","0","0","0","0","0","0","0","0","0","-2"
"160065","University of Holy Cross","2020","First major","'99'","Grand total","Bachelor's degree","93","12","81","0","0","0","5","0","5","14","0","14","11","0","11","0","0","0","56","12","44","2","0","2","5","0","5","0","0","0","-2"
"160065","University of Holy Cross","2020","First major","'99'","Grand total","Master's degree","81","12","69","0","0","0","2","0","2","23","3","20","6","1","5","0","0","0","47","7","40","2","1","1","1","0","1","0","0","0","-2"
"160065","University of Holy Cross","2020","First major","'99'","Grand total","Doctor's degree - research/scholarship","10","2","8","0","0","0","0","0","0","6","1","5","0","0","0","0","0","0","3","0","3","0","0","0","1","1","0","0","0","0","-2"
"160074","Franciscan Missionaries of Our Lady University","2020","First major","'99'","Grand total","Associate's degree","43","11","32","0","0","0","1","0","1","2","1","1","5","2","3","0","0","0","34","8","26","0","0","0","1","0","1","0","0","0","-2"
"160074","Franciscan Missionaries of Our Lady University","2020","First major","'99'","Grand total","Bachelor's degree","150","20","130","2","0","2","5","1","4","19","1","18","18","4","14","1","0","1","104","13","91","0","0","0","1","1","0","0","0","0","-2"
"160074","Franciscan Missionaries of Our Lady University","2020","First major","'99'","Grand total","Master's degree","55","7","48","0","0","0","0","0","0","6","0","6","1","0","1","1","1","0","47","6","41","0","0","0","0","0","0","0","0","0","-2"
"160074","Franciscan Missionaries of Our Lady University","2020","First major","'99'","Grand total","Doctor's degree - professional practice","28","11","17","0","0","0","4","0","4","2","0","2","1","0","1","0","0","0","21","11","10","0","0","0","0","0","0","0","0","0","-2"
"160409","Saint Joseph Seminary College","2020","First major","'99'","Grand total","Bachelor's degree","27","27","0","0","0","0","3","3","0","0","0","0","5","5","0","0","0","0","18","18","0","1","1","0","0","0","0","0","0","0","-2"
"160481","Fletcher Technical Community College","2020","First major","'99'","Grand total","Associate's degree","186","54","132","6","3","3","5","1","4","31","6","25","3","0","3","1","0","1","134","42","92","4","1","3","2","1","1","0","0","0","-2"
"160524","Remington College-Lafayette Campus","2020","First major","'99'","Grand total","Associate's degree","53","13","40","0","0","0","0","0","0","34","5","29","1","0","1","0","0","0","16","6","10","2","2","0","0","0","0","0","0","0","-2"
"160579","SOWELA Technical Community College","2020","First major","'99'","Grand total","Associate's degree","442","282","160","3","3","0","5","2","3","75","26","49","7","5","2","0","0","0","334","235","99","12","7","5","1","1","0","5","3","2","-2"
"160612","Southeastern Louisiana University","2020","First major","'99'","Grand total","Associate's degree","12","9","3","0","0","0","0","0","0","1","0","1","2","2","0","0","0","0","9","7","2","0","0","0","0","0","0","0","0","0","-2"
"160612","Southeastern Louisiana University","2020","First major","'99'","Grand total","Bachelor's degree","1772","625","1147","4","2","2","10","3","7","266","78","188","152","58","94","2","1","1","1195","429","766","86","20","66","15","5","10","42","29","13","-2"
"160612","Southeastern Louisiana University","2020","First major","'99'","Grand total","Master's degree","325","84","241","3","0","3","3","0","3","28","2","26","19","7","12","2","1","1","241","67","174","13","0","13","3","1","2","13","6","7","-2"
"160612","Southeastern Louisiana University","2020","First major","'99'","Grand total","Doctor's degree - research/scholarship","9","3","6","0","0","0","0","0","0","6","3","3","0","0","0","0","0","0","3","0","3","0","0","0","0","0","0","0","0","0","-2"
"160612","Southeastern Louisiana University","2020","First major","'99'","Grand total","Doctor's degree - professional practice","10","0","10","0","0","0","0","0","0","1","0","1","1","0","1","0","0","0","8","0","8","0","0","0","0","0","0","0","0","0","-2"
"160612","Southeastern Louisiana University","2020","Second major","'99'","Grand total","Bachelor's degree","2","0","2","0","0","0","0","0","0","0","0","0","0","0","0","0","0","0","2","0","2","0","0","0","0","0","0","0","0","0","-2"
"160621","Southern University and A & M College","2020","First major","'99'","Grand total","Bachelor's degree","726","215","511","2","1","1","3","1","2","668","198","470","4","2","2","0","0","0","20","5","15","18","6","12","6","1","5","5","1","4","-2"
"160621","Southern University and A & M College","2020","First major","'99'","Grand total","Master's degree","212","63","149","0","0","0","15","8","7","170","50","120","4","1","3","0","0","0","20","3","17","1","0","1","2","1","1","0","0","0","-2"
"160621","Southern University and A & M College","2020","First major","'99'","Grand total","Doctor's degree - research/scholarship","22","12","10","1","1","0","5","2","3","14","8","6","0","0","0","0","0","0","0","0","0","0","0","0","2","1","1","0","0","0","-2"
"160621","Southern University and A & M College","2020","First major","'99'","Grand total","Doctor's degree - professional practice","5","0","5","0","0","0","0","0","0","2","0","2","0","0","0","0","0","0","3","0","3","0","0","0","0","0","0","0","0","0","-2"
"160630","Southern University at New Orleans","2020","First major","'99'","Grand total","Associate's degree","15","4","11","0","0","0","0","0","0","14","3","11","0","0","0","0","0","0","1","1","0","0","0","0","0","0","0","0","0","0","-2"
"160630","Southern University at New Orleans","2020","First major","'99'","Grand total","Bachelor's degree","263","60","203","1","1","0","4","3","1","212","42","170","1","0","1","0","0","0","7","4","3","0","0","0","29","6","23","9","4","5","-2"
"160630","Southern University at New Orleans","2020","First major","'99'","Grand total","Master's degree","145","33","112","0","0","0","0","0","0","126","27","99","1","0","1","0","0","0","8","3","5","0","0","0","5","0","5","5","3","2","-2"
"160649","Southern University at Shreveport","2020","First major","'99'","Grand total","Associate's degree","200","39","161","0","0","0","2","0","2","172","29","143","8","5","3","0","0","0","9","2","7","0","0","0","0","0","0","9","3","6","-2"
"160658","University of Louisiana at Lafayette","2020","First major","'99'","Grand total","Bachelor's degree","2906","1120","1786","3","2","1","74","29","45","494","165","329","139","45","94","1","0","1","2028","814","1214","51","11","40","77","28","49","39","26","13","-2"
"160658","University of Louisiana at Lafayette","2020","First major","'99'","Grand total","Master's degree","629","259","370","0","0","0","14","8","6","102","26","76","23","12","11","0","0","0","426","178","248","4","1","3","6","2","4","54","32","22","-2"
"160658","University of Louisiana at Lafayette","2020","First major","'99'","Grand total","Doctor's degree - research/scholarship","56","29","27","0","0","0","4","4","0","6","2","4","1","1","0","0","0","0","26","7","19","0","0","0","15","11","4","4","4","0","-2"
"160658","University of Louisiana at Lafayette","2020","First major","'99'","Grand total","Doctor's degree - professional practice","4","1","3","0","0","0","1","0","1","0","0","0","0","0","0","0","0","0","3","1","2","0","0","0","0","0","0","0","0","0","-2"
"160658","University of Louisiana at Lafayette","2020","Second major","'99'","Grand total","Bachelor's degree","25","8","17","0","0","0","1","0","1","3","2","1","2","0","2","0","0","0","18","5","13","0","0","0","0","0","0","1","1","0","-2"
"160667","Northshore Technical Community College","2020","First major","'99'","Grand total","Associate's degree","119","43","76","0","0","0","1","0","1","30","11","19","6","5","1","1","0","1","74","25","49","5","1","4","2","1","1","0","0","0","-2"
"160755","Tulane University of Louisiana","2020","First major","'99'","Grand total","Associate's degree","37","7","30","0","0","0","0","0","0","14","4","10","5","0","5","0","0","0","13","2","11","2","0","2","3","1","2","0","0","0","-2"
"160755","Tulane University of Louisiana","2020","First major","'99'","Grand total","Bachelor's degree","2053","843","1210","4","1","3","105","36","69","110","46","64","145","61","84","1","1","0","1482","607","875","69","32","37","25","10","15","112","49","63","-2"
"160755","Tulane University of Louisiana","2020","First major","'99'","Grand total","Master's degree","1509","632","877","2","0","2","74","42","32","168","47","121","88","36","52","1","0","1","631","256","375","34","11","23","36","13","23","475","227","248","-2"
"160755","Tulane University of Louisiana","2020","First major","'99'","Grand total","Doctor's degree - research/scholarship","146","80","66","2","1","1","4","3","1","9","3","6","7","3","4","0","0","0","69","37","32","4","1","3","8","6","2","43","26","17","-2"
"160755","Tulane University of Louisiana","2020","First major","'99'","Grand total","Doctor's degree - professional practice","410","196","214","0","0","0","50","23","27","22","9","13","18","11","7","0","0","0","285","136","149","15","5","10","8","6","2","12","6","6","-2"
"160755","Tulane University of Louisiana","2020","Second major","'99'","Grand total","Bachelor's degree","647","263","384","1","0","1","25","10","15","28","7","21","36","17","19","1","1","0","485","196","289","14","6","8","7","2","5","50","24","26","-2"
"160755","Tulane University of Louisiana","2020","Second major","'99'","Grand total","Master's degree","61","39","22","0","0","0","5","3","2","11","5","6","6","5","1","0","0","0","32","22","10","1","0","1","3","2","1","3","2","1","-2"
"160904","Xavier University of Louisiana","2020","First major","'99'","Grand total","Bachelor's degree","368","93","275","1","1","0","22","10","12","298","65","233","8","1","7","0","0","0","6","3","3","19","5","14","5","4","1","9","4","5","-2"
"160904","Xavier University of Louisiana","2020","First major","'99'","Grand total","Master's degree","40","4","36","0","0","0","1","1","0","27","3","24","4","0","4","0","0","0","4","0","4","1","0","1","2","0","2","1","0","1","-2"
"160904","Xavier University of Louisiana","2020","First major","'99'","Grand total","Doctor's degree - research/scholarship","5","1","4","0","0","0","0","0","0","5","1","4","0","0","0","0","0","0","0","0","0","0","0","0","0","0","0","0","0","0","-2"
"160904","Xavier University of Louisiana","2020","First major","'99'","Grand total","Doctor's degree - professional practice","143","42","101","0","0","0","42","19","23","59","11","48","6","4","2","0","0","0","24","6","18","4","1","3","3","1","2","5","0","5","-2"
"160904","Xavier University of Louisiana","2020","Second major","'99'","Grand total","Bachelor's degree","5","1","4","0","0","0","0","0","0","4","0","4","0","0","0","0","0","0","0","0","0","0","0","0","0","0","0","1","1","0","-2"
"160959","College of the Atlantic","2020","First major","'99'","Grand total","Bachelor's degree","59","8","51","0","0","0","1","0","1","0","0","0","4","1","3","0","0","0","36","3","33","1","0","1","0","0","0","17","4","13","-2"
"160959","College of the Atlantic","2020","First major","'99'","Grand total","Master's degree","2","0","2","0","0","0","0","0","0","0","0","0","0","0","0","0","0","0","1","0","1","0","0","0","0","0","0","1","0","1","-2"
"160977","Bates College","2020","First major","'99'","Grand total","Bachelor's degree","463","222","241","0","0","0","17","9","8","20","7","13","49","24","25","0","0","0","319","156","163","22","9","13","1","1","0","35","16","19","-2"
"160977","Bates College","2020","Second major","'99'","Grand total","Bachelor's degree","113","50","63","0","0","0","8","5","3","3","1","2","12","6","6","0","0","0","62","27","35","7","2","5","1","1","0","20","8","12","-2"
"160995","Beal University","2020","First major","'99'","Grand total","Associate's degree","65","17","48","1","0","1","0","0","0","0","0","0","1","1","0","1","0","1","59","14","45","0","0","0","3","2","1","0","0","0","-2"
"160995","Beal University","2020","First major","'99'","Grand total","Bachelor's degree","0","0","0","0","0","0","0","0","0","0","0","0","0","0","0","0","0","0","0","0","0","0","0","0","0","0","0","0","0","0","-2"
"160995","Beal University","2020","First major","'99'","Grand total","Master's degree","0","0","0","0","0","0","0","0","0","0","0","0","0","0","0","0","0","0","0","0","0","0","0","0","0","0","0","0","0","0","-2"
"161004","Bowdoin College","2020","First major","'99'","Grand total","Bachelor's degree","473","225","248","2","2","0","22","11","11","32","13","19","55","26","29","1","1","0","304","146","158","29","14","15","7","3","4","21","9","12","-2"
"161004","Bowdoin College","2020","Second major","'99'","Grand total","Bachelor's degree","193","92","101","1","1","0","7","5","2","10","5","5","22","11","11","0","0","0","133","62","71","9","3","6","3","1","2","8","4","4","-2"
"161022","Maine College of Health Professions","2020","First major","'99'","Grand total","Associate's degree","60","3","57","0","0","0","1","0","1","1","0","1","0","0","0","0","0","0","52","2","50","1","0","1","5","1","4","0","0","0","-2"
"161022","Maine College of Health Professions","2020","First major","'99'","Grand total","Bachelor's degree","3","0","3","0","0","0","0","0","0","0","0","0","0","0","0","0","0","0","3","0","3","0","0","0","0","0","0","0","0","0","-2"
"161077","Central Maine Community College","2020","First major","'99'","Grand total","Associate's degree","408","168","240","1","1","0","5","2","3","34","14","20","8","3","5","0","0","0","331","133","198","11","7","4","11","4","7","7","4","3","-2"
"161086","Colby College","2020","First major","'99'","Grand total","Bachelor's degree","487","221","266","3","1","2","29","9","20","21","10","11","36","16","20","1","0","1","318","149","169","25","9","16","10","4","6","44","23","21","-2"
"161086","Colby College","2020","Second major","'99'","Grand total","Bachelor's degree","164","61","103","1","0","1","9","2","7","7","1","6","13","6","7","0","0","0","95","38","57","11","1","10","0","0","0","28","13","15","-2"
"161138","Eastern Maine Community College","2020","First major","'99'","Grand total","Associate's degree","311","130","181","5","1","4","3","2","1","1","1","0","4","2","2","0","0","0","277","115","162","6","3","3","10","3","7","5","3","2","-2"
"161192","Kennebec Valley Community College","2020","First major","'99'","Grand total","Associate's degree","318","101","217","4","1","3","2","1","1","2","0","2","4","2","2","2","0","2","289","94","195","3","0","3","10","3","7","2","0","2","-2"
"161208","The Landing School","2020","First major","'99'","Grand total","Associate's degree","12","12","0","0","0","0","0","0","0","0","0","0","0","0","0","0","0","0","10","10","0","0","0","0","0","0","0","2","2","0","-2"
"161217","University of Maine at Augusta","2020","First major","'99'","Grand total","Associate's degree","106","34","72","2","1","1","0","0","0","1","1","0","0","0","0","0","0","0","94","29","65","5","2","3","4","1","3","0","0","0","-2"
"161217","University of Maine at Augusta","2020","First major","'99'","Grand total","Bachelor's degree","422","120","302","8","2","6","2","0","2","8","8","0","11","2","9","1","0","1","356","95","261","16","4","12","20","9","11","0","0","0","-2"
"161217","University of Maine at Augusta","2020","First major","'99'","Grand total","Master's degree","0","0","0","0","0","0","0","0","0","0","0","0","0","0","0","0","0","0","0","0","0","0","0","0","0","0","0","0","0","0","-2"
"161226","University of Maine at Farmington","2020","First major","'99'","Grand total","Bachelor's degree","316","101","215","3","1","2","3","0","3","7","3","4","6","4","2","1","1","0","293","90","203","0","0","0","3","2","1","0","0","0","-2"
"161226","University of Maine at Farmington","2020","First major","'99'","Grand total","Master's degree","30","3","27","0","0","0","0","0","0","1","1","0","0","0","0","0","0","0","22","1","21","0","0","0","7","1","6","0","0","0","-2"
"161226","University of Maine at Farmington","2020","Second major","'99'","Grand total","Bachelor's degree","26","14","12","0","0","0","0","0","0","2","0","2","0","0","0","1","1","0","23","13","10","0","0","0","0","0","0","0","0","0","-2"
"161235","University of Maine at Fort Kent","2020","First major","'99'","Grand total","Associate's degree","23","18","5","0","0","0","0","0","0","0","0","0","0","0","0","0","0","0","22","17","5","1","1","0","0","0","0","0","0","0","-2"
"161235","University of Maine at Fort Kent","2020","First major","'99'","Grand total","Bachelor's degree","220","35","185","1","0","1","2","0","2","9","5","4","5","2","3","0","0","0","180","22","158","8","2","6","6","0","6","9","4","5","-2"
"161244","University of Maine at Machias","2020","First major","'99'","Grand total","Associate's degree","7","3","4","1","1","0","0","0","0","0","0","0","0","0","0","0","0","0","6","2","4","0","0","0","0","0","0","0","0","0","-2"
"161244","University of Maine at Machias","2020","First major","'99'","Grand total","Bachelor's degree","68","18","50","2","0","2","2","1","1","0","0","0","4","0","4","0","0","0","57","16","41","1","0","1","1","0","1","1","1","0","-2"
"161253","University of Maine","2020","First major","'99'","Grand total","Bachelor's degree","1751","897","854","24","8","16","28","11","17","22","16","6","50","25","25","0","0","0","1487","769","718","53","25","28","51","28","23","36","15","21","-2"
"161253","University of Maine","2020","First major","'99'","Grand total","Master's degree","437","143","294","4","1","3","8","4","4","4","2","2","7","1","6","0","0","0","341","107","234","6","3","3","44","13","31","23","12","11","-2"
"161253","University of Maine","2020","First major","'99'","Grand total","Doctor's degree - research/scholarship","62","32","30","1","1","0","1","0","1","1","1","0","3","1","2","0","0","0","39","18","21","0","0","0","1","0","1","16","11","5","-2"
"161253","University of Maine","2020","Second major","'99'","Grand total","Bachelor's degree","159","79","80","2","2","0","1","0","1","0","0","0","3","1","2","0","0","0","144","70","74","1","1","0","2","2","0","6","3","3","-2"
"161299","Maine Maritime Academy","2020","First major","'99'","Grand total","Associate's degree","5","5","0","0","0","0","0","0","0","0","0","0","0","0","0","0","0","0","4","4","0","0","0","0","1","1","0","0","0","0","-2"
"161299","Maine Maritime Academy","2020","First major","'99'","Grand total","Bachelor's degree","182","149","33","0","0","0","0","0","0","0","0","0","5","5","0","0","0","0","168","136","32","0","0","0","9","8","1","0","0","0","-2"
"161299","Maine Maritime Academy","2020","First major","'99'","Grand total","Master's degree","3","2","1","0","0","0","0","0","0","0","0","0","0","0","0","0","0","0","2","2","0","0","0","0","1","0","1","0","0","0","-2"
"161299","Maine Maritime Academy","2020","Second major","'99'","Grand total","Associate's degree","1","1","0","0","0","0","0","0","0","0","0","0","0","0","0","0","0","0","0","0","0","0","0","0","1","1","0","0","0","0","-2"
"161341","University of Maine at Presque Isle","2020","First major","'99'","Grand total","Associate's degree","45","11","34","0","0","0","1","0","1","0","0","0","1","0","1","0","0","0","41","10","31","1","1","0","1","0","1","0","0","0","-2"
"161341","University of Maine at Presque Isle","2020","First major","'99'","Grand total","Bachelor's degree","151","53","98","6","2","4","0","0","0","6","2","4","1","0","1","0","0","0","120","41","79","1","0","1","5","4","1","12","4","8","-2"
"161341","University of Maine at Presque Isle","2020","Second major","'99'","Grand total","Bachelor's degree","2","1","1","0","0","0","0","0","0","0","0","0","0","0","0","0","0","0","1","1","0","0","0","0","0","0","0","1","0","1","-2"
"161457","University of New England","2020","First major","'99'","Grand total","Bachelor's degree","541","129","412","1","1","0","19","5","14","4","2","2","1","0","1","0","0","0","478","112","366","12","1","11","21","3","18","5","5","0","-2"
"161457","University of New England","2020","First major","'99'","Grand total","Master's degree","609","97","512","5","1","4","24","7","17","74","10","64","10","2","8","3","0","3","416","63","353","5","0","5","72","14","58","0","0","0","-2"
"161457","University of New England","2020","First major","'99'","Grand total","Doctor's degree - research/scholarship","73","24","49","1","1","0","1","1","0","8","2","6","0","0","0","1","0","1","50","17","33","0","0","0","12","3","9","0","0","0","-2"
"161457","University of New England","2020","First major","'99'","Grand total","Doctor's degree - professional practice","362","161","201","0","0","0","42","15","27","13","6","7","8","7","1","0","0","0","252","113","139","7","3","4","31","14","17","9","3","6","-2"
"161457","University of New England","2020","Second major","'99'","Grand total","Bachelor's degree","17","4","13","0","0","0","0","0","0","0","0","0","0","0","0","0","0","0","16","4","12","1","0","1","0","0","0","0","0","0","-2"
"161484","Northern Maine Community College","2020","First major","'99'","Grand total","Associate's degree","115","51","64","3","0","3","0","0","0","1","0","1","4","3","1","0","0","0","102","44","58","3","2","1","1","1","0","1","1","0","-2"
"161509","Maine College of Art","2020","First major","'99'","Grand total","Bachelor's degree","103","26","77","1","0","1","3","0","3","3","1","2","6","1","5","0","0","0","81","23","58","2","0","2","7","1","6","0","0","0","-2"
"161509","Maine College of Art","2020","First major","'99'","Grand total","Master's degree","26","12","14","0","0","0","0","0","0","1","0","1","2","2","0","0","0","0","21","9","12","2","1","1","0","0","0","0","0","0","-2"
"161518","Saint Joseph's College of Maine","2020","First major","'99'","Grand total","Associate's degree","0","0","0","0","0","0","0","0","0","0","0","0","0","0","0","0","0","0","0","0","0","0","0","0","0","0","0","0","0","0","-2"
"161518","Saint Joseph's College of Maine","2020","First major","'99'","Grand total","Bachelor's degree","278","87","191","0","0","0","1","1","0","1","0","1","7","3","4","0","0","0","216","68","148","5","1","4","48","14","34","0","0","0","-2"
"161518","Saint Joseph's College of Maine","2020","First major","'99'","Grand total","Master's degree","203","64","139","0","0","0","1","0","1","0","0","0","8","3","5","0","0","0","87","20","67","1","1","0","106","40","66","0","0","0","-2"
"161518","Saint Joseph's College of Maine","2020","Second major","'99'","Grand total","Bachelor's degree","13","5","8","0","0","0","0","0","0","0","0","0","0","0","0","0","0","0","13","5","8","0","0","0","0","0","0","0","0","0","-2"
"161545","Southern Maine Community College","2020","First major","'99'","Grand total","Associate's degree","716","291","425","3","0","3","12","3","9","46","22","24","22","11","11","1","1","0","573","230","343","26","12","14","25","7","18","8","5","3","-2"
"161554","University of Southern Maine","2020","First major","'99'","Grand total","Bachelor's degree","1074","411","663","6","3","3","25","6","19","63","30","33","29","10","19","1","0","1","873","327","546","38","15","23","24","10","14","15","10","5","-2"
"161554","University of Southern Maine","2020","First major","'99'","Grand total","Master's degree","419","114","305","5","3","2","7","0","7","10","5","5","6","2","4","1","0","1","356","93","263","7","3","4","22","6","16","5","2","3","-2"
"161554","University of Southern Maine","2020","First major","'99'","Grand total","Doctor's degree - research/scholarship","13","1","12","0","0","0","0","0","0","0","0","0","0","0","0","0","0","0","13","1","12","0","0","0","0","0","0","0","0","0","-2"
"161554","University of Southern Maine","2020","First major","'99'","Grand total","Doctor's degree - professional practice","77","36","41","1","0","1","1","0","1","2","1","1","3","0","3","0","0","0","68","33","35","2","2","0","0","0","0","0","0","0","-2"
"161554","University of Southern Maine","2020","Second major","'99'","Grand total","Bachelor's degree","61","30","31","1","0","1","5","2","3","0","0","0","1","1","0","0","0","0","49","24","25","3","2","1","1","0","1","1","1","0","-2"
"161563","Thomas College","2020","First major","'99'","Grand total","Associate's degree","3","0","3","0","0","0","0","0","0","0","0","0","0","0","0","0","0","0","3","0","3","0","0","0","0","0","0","0","0","0","-2"
"161563","Thomas College","2020","First major","'99'","Grand total","Bachelor's degree","158","72","86","1","0","1","0","0","0","7","2","5","1","0","1","0","0","0","123","59","64","6","3","3","16","6","10","4","2","2","-2"
"161563","Thomas College","2020","First major","'99'","Grand total","Master's degree","71","28","43","0","0","0","0","0","0","0","0","0","0","0","0","0","0","0","62","24","38","6","2","4","3","2","1","0","0","0","-2"
"161563","Thomas College","2020","Second major","'99'","Grand total","Bachelor's degree","21","8","13","0","0","0","0","0","0","0","0","0","1","0","1","0","0","0","18","7","11","0","0","0","2","1","1","0","0","0","-2"
"161572","Unity College","2020","First major","'99'","Grand total","Associate's degree","1","0","1","0","0","0","0","0","0","0","0","0","0","0","0","0","0","0","1","0","1","0","0","0","0","0","0","0","0","0","-2"
"161572","Unity College","2020","First major","'99'","Grand total","Bachelor's degree","164","80","84","3","2","1","2","1","1","0","0","0","2","1","1","0","0","0","144","72","72","4","0","4","9","4","5","0","0","0","-2"
"161572","Unity College","2020","First major","'99'","Grand total","Master's degree","54","20","34","2","0","2","1","0","1","2","1","1","1","0","1","0","0","0","31","12","19","0","0","0","17","7","10","0","0","0","-2"
"161572","Unity College","2020","Second major","'99'","Grand total","Bachelor's degree","7","1","6","0","0","0","1","0","1","0","0","0","0","0","0","0","0","0","6","1","5","0","0","0","0","0","0","0","0","0","-2"
"161581","Washington County Community College","2020","First major","'99'","Grand total","Associate's degree","52","14","38","3","1","2","1","1","0","0","0","0","2","1","1","0","0","0","43","10","33","1","0","1","1","0","1","1","1","0","-2"
"161688","Allegany College of Maryland","2020","First major","'99'","Grand total","Associate's degree","431","122","309","1","0","1","2","0","2","26","7","19","4","0","4","0","0","0","382","110","272","8","1","7","3","1","2","5","3","2","-2"
"161767","Anne Arundel Community College","2020","First major","'99'","Grand total","Associate's degree","1749","654","1095","8","3","5","76","29","47","241","93","148","155","55","100","2","2","0","1059","408","651","81","25","56","93","29","64","34","10","24","-2"
"161864","Baltimore City Community College","2020","First major","'99'","Grand total","Associate's degree","385","112","273","2","1","1","4","2","2","223","52","171","8","1","7","1","1","0","19","6","13","7","1","6","5","1","4","116","47","69","-2"
"161873","University of Baltimore","2020","First major","'99'","Grand total","Bachelor's degree","521","213","308","5","3","2","27","8","19","217","70","147","26","12","14","6","2","4","183","92","91","21","5","16","23","15","8","13","6","7","-2"
"161873","University of Baltimore","2020","First major","'99'","Grand total","Master's degree","555","189","366","3","0","3","29","10","19","230","60","170","26","11","15","0","0","0","195","79","116","12","3","9","17","8","9","43","18","25","-2"
"161873","University of Baltimore","2020","First major","'99'","Grand total","Doctor's degree - research/scholarship","6","2","4","0","0","0","0","0","0","3","1","2","1","1","0","0","0","0","2","0","2","0","0","0","0","0","0","0","0","0","-2"
"161873","University of Baltimore","2020","First major","'99'","Grand total","Doctor's degree - professional practice","164","86","78","0","0","0","11","6","5","23","9","14","10","7","3","0","0","0","105","55","50","4","3","1","10","6","4","1","0","1","-2"
"162007","Bowie State University","2020","First major","'99'","Grand total","Bachelor's degree","870","305","565","1","0","1","15","8","7","687","217","470","49","21","28","1","0","1","23","10","13","39","16","23","20","10","10","35","23","12","-2"
"162007","Bowie State University","2020","First major","'99'","Grand total","Master's degree","293","86","207","0","0","0","6","1","5","199","47","152","11","4","7","0","0","0","23","5","18","6","3","3","6","4","2","42","22","20","-2"
"162007","Bowie State University","2020","First major","'99'","Grand total","Doctor's degree - research/scholarship","14","1","13","0","0","0","0","0","0","11","1","10","0","0","0","0","0","0","1","0","1","1","0","1","0","0","0","1","0","1","-2"
"162007","Bowie State University","2020","Second major","'99'","Grand total","Bachelor's degree","1","0","1","0","0","0","0","0","0","1","0","1","0","0","0","0","0","0","0","0","0","0","0","0","0","0","0","0","0","0","-2"
"162061","Capitol Technology University","2020","First major","'99'","Grand total","Associate's degree","1","1","0","0","0","0","0","0","0","0","0","0","0","0","0","0","0","0","1","1","0","0","0","0","0","0","0","0","0","0","-2"
"162061","Capitol Technology University","2020","First major","'99'","Grand total","Bachelor's degree","94","76","18","0","0","0","4","2","2","31","22","9","5","4","1","0","0","0","42","39","3","6","6","0","4","3","1","2","0","2","-2"
"162061","Capitol Technology University","2020","First major","'99'","Grand total","Master's degree","39","32","7","0","0","0","2","1","1","13","9","4","4","3","1","0","0","0","18","18","0","1","0","1","1","1","0","0","0","0","-2"
"162061","Capitol Technology University","2020","First major","'99'","Grand total","Doctor's degree - research/scholarship","41","31","10","0","0","0","1","1","0","19","13","6","3","3","0","0","0","0","16","12","4","1","1","0","0","0","0","1","1","0","-2"
"162104","Cecil College","2020","First major","'99'","Grand total","Associate's degree","402","140","262","0","0","0","7","2","5","24","7","17","22","8","14","1","1","0","324","112","212","20","8","12","2","1","1","2","1","1","-2"
"162122","College of Southern Maryland","2020","First major","'99'","Grand total","Associate's degree","926","349","577","2","0","2","34","13","21","160","54","106","58","22","36","4","2","2","590","226","364","53","21","32","20","9","11","5","2","3","-2"
"162168","Chesapeake College","2020","First major","'99'","Grand total","Associate's degree","243","71","172","3","1","2","4","2","2","21","4","17","12","5","7","0","0","0","186","54","132","3","1","2","13","3","10","1","1","0","-2"
"162210","Washington Adventist University","2020","First major","'99'","Grand total","Associate's degree","10","2","8","0","0","0","0","0","0","5","1","4","2","0","2","0","0","0","0","0","0","0","0","0","1","0","1","2","1","1","-2"
"162210","Washington Adventist University","2020","First major","'99'","Grand total","Bachelor's degree","167","55","112","1","1","0","4","0","4","81","25","56","23","6","17","1","1","0","10","3","7","0","0","0","19","4","15","28","15","13","-2"
"162210","Washington Adventist University","2020","First major","'99'","Grand total","Master's degree","72","22","50","0","0","0","2","0","2","39","9","30","6","2","4","0","0","0","2","2","0","0","0","0","6","0","6","17","9","8","-2"
"162210","Washington Adventist University","2020","Second major","'99'","Grand total","Bachelor's degree","6","1","5","0","0","0","2","0","2","2","1","1","0","0","0","0","0","0","0","0","0","0","0","0","1","0","1","1","0","1","-2"
"162210","Washington Adventist University","2020","Second major","'99'","Grand total","Master's degree","4","2","2","0","0","0","0","0","0","3","2","1","0","0","0","0","0","0","0","0","0","0","0","0","1","0","1","0","0","0","-2"
"162283","Coppin State University","2020","First major","'99'","Grand total","Bachelor's degree","339","64","275","1","0","1","2","0","2","279","45","234","5","2","3","0","0","0","12","5","7","6","3","3","8","1","7","26","8","18","-2"
"162283","Coppin State University","2020","First major","'99'","Grand total","Master's degree","75","10","65","0","0","0","0","0","0","53","8","45","0","0","0","0","0","0","2","1","1","1","0","1","1","0","1","18","1","17","-2"
"162283","Coppin State University","2020","First major","'99'","Grand total","Doctor's degree - professional practice","1","1","0","0","0","0","0","0","0","0","0","0","0","0","0","0","0","0","0","0","0","0","0","0","0","0","0","1","1","0","-2"
"162557","Frederick Community College","2020","First major","'99'","Grand total","Associate's degree","862","374","488","1","1","0","31","9","22","101","30","71","96","39","57","2","2","0","578","271","307","44","20","24","1","0","1","8","2","6","-2"
"162584","Frostburg State University","2020","First major","'99'","Grand total","Bachelor's degree","967","420","547","0","0","0","23","6","17","264","101","163","48","20","28","0","0","0","584","271","313","28","12","16","9","3","6","11","7","4","-2"
"162584","Frostburg State University","2020","First major","'99'","Grand total","Master's degree","213","81","132","0","0","0","9","4","5","17","6","11","5","2","3","0","0","0","143","52","91","7","3","4","25","10","15","7","4","3","-2"
"162584","Frostburg State University","2020","First major","'99'","Grand total","Doctor's degree - research/scholarship","11","6","5","0","0","0","0","0","0","0","0","0","0","0","0","0","0","0","10","5","5","1","1","0","0","0","0","0","0","0","-2"
"162584","Frostburg State University","2020","Second major","'99'","Grand total","Bachelor's degree","41","18","23","0","0","0","2","0","2","9","3","6","3","1","2","0","0","0","26","14","12","1","0","1","0","0","0","0","0","0","-2"
"162609","Garrett College","2020","First major","'99'","Grand total","Associate's degree","94","46","48","0","0","0","0","0","0","6","4","2","0","0","0","0","0","0","84","39","45","2","1","1","0","0","0","2","2","0","-2"
"162654","Goucher College","2020","First major","'99'","Grand total","Bachelor's degree","305","83","222","0","0","0","10","2","8","51","19","32","29","8","21","2","0","2","161","42","119","14","3","11","28","6","22","10","3","7","-2"
"162654","Goucher College","2020","First major","'99'","Grand total","Master's degree","155","27","128","1","0","1","0","0","0","7","2","5","3","0","3","0","0","0","55","13","42","0","0","0","86","10","76","3","2","1","-2"
"162654","Goucher College","2020","Second major","'99'","Grand total","Bachelor's degree","60","15","45","0","0","0","0","0","0","4","2","2","8","0","8","0","0","0","37","12","25","2","0","2","4","0","4","5","1","4","-2"
"162690","Hagerstown Community College","2020","First major","'99'","Grand total","Associate's degree","592","206","386","2","0","2","20","8","12","51","16","35","35","12","23","1","0","1","447","160","287","14","5","9","12","3","9","10","2","8","-2"
"162690","Hagerstown Community College","2020","Second major","'99'","Grand total","Associate's degree","17","8","9","0","0","0","3","1","2","1","0","1","2","2","0","0","0","0","10","5","5","1","0","1","0","0","0","0","0","0","-2"
"162706","Harford Community College","2020","First major","'99'","Grand total","Associate's degree","812","317","495","1","0","1","30","16","14","108","29","79","35","11","24","0","0","0","601","240","361","18","8","10","1","0","1","18","13","5","-2"
"162760","Hood College","2020","First major","'99'","Grand total","Bachelor's degree","222","73","149","0","0","0","5","1","4","30","4","26","32","11","21","0","0","0","131","49","82","15","5","10","6","2","4","3","1","2","-2"
"162760","Hood College","2020","First major","'99'","Grand total","Master's degree","221","90","131","1","0","1","4","1","3","11","5","6","10","5","5","0","0","0","141","53","88","5","0","5","2","0","2","47","26","21","-2"
"162760","Hood College","2020","First major","'99'","Grand total","Doctor's degree - research/scholarship","11","4","7","0","0","0","1","0","1","2","1","1","0","0","0","0","0","0","8","3","5","0","0","0","0","0","0","0","0","0","-2"
"162760","Hood College","2020","Second major","'99'","Grand total","Bachelor's degree","15","7","8","0","0","0","0","0","0","1","0","1","6","3","3","0","0","0","7","3","4","0","0","0","0","0","0","1","1","0","-2"
"162779","Howard Community College","2020","First major","'99'","Grand total","Associate's degree","1355","543","812","4","1","3","159","66","93","326","106","220","153","61","92","1","1","0","501","228","273","73","27","46","43","22","21","95","31","64","-2"
"162928","Johns Hopkins University","2020","First major","'99'","Grand total","Bachelor's degree","1405","690","715","2","0","2","393","186","207","96","36","60","177","87","90","4","3","1","462","251","211","65","30","35","62","32","30","144","65","79","-2"
"162928","Johns Hopkins University","2020","First major","'99'","Grand total","Master's degree","6806","2971","3835","11","5","6","686","304","382","435","122","313","410","176","234","4","1","3","2613","1203","1410","208","75","133","240","117","123","2199","968","1231","-2"
"162928","Johns Hopkins University","2020","First major","'99'","Grand total","Doctor's degree - research/scholarship","495","270","225","0","0","0","45","19","26","16","8","8","25","13","12","0","0","0","240","123","117","12","4","8","13","6","7","144","97","47","-2"
"162928","Johns Hopkins University","2020","First major","'99'","Grand total","Doctor's degree - professional practice","165","67","98","0","0","0","59","21","38","12","4","8","8","4","4","0","0","0","72","29","43","7","3","4","0","0","0","7","6","1","-2"
"162928","Johns Hopkins University","2020","Second major","'99'","Grand total","Bachelor's degree","394","173","221","0","0","0","103","42","61","15","1","14","44","21","23","2","1","1","152","81","71","20","8","12","7","3","4","51","16","35","-2"
"163028","Lincoln College of Technology-Columbia","2020","First major","'99'","Grand total","Associate's degree","34","31","3","0","0","0","1","1","0","15","13","2","4","4","0","0","0","0","9","8","1","4","4","0","1","1","0","0","0","0","-2"
"163046","Loyola University Maryland","2020","First major","'99'","Grand total","Bachelor's degree","917","378","539","4","2","2","29","11","18","28","11","17","95","42","53","0","0","0","728","296","432","29","14","15","1","1","0","3","1","2","-2"
"163046","Loyola University Maryland","2020","First major","'99'","Grand total","Master's degree","720","187","533","0","0","0","28","7","21","102","21","81","47","9","38","0","0","0","492","135","357","14","5","9","16","5","11","21","5","16","-2"
"163046","Loyola University Maryland","2020","First major","'99'","Grand total","Doctor's degree - research/scholarship","6","2","4","0","0","0","0","0","0","3","0","3","0","0","0","0","0","0","1","0","1","0","0","0","0","0","0","2","2","0","-2"
"163046","Loyola University Maryland","2020","First major","'99'","Grand total","Doctor's degree - professional practice","16","4","12","0","0","0","1","0","1","1","0","1","1","0","1","0","0","0","12","3","9","0","0","0","0","0","0","1","1","0","-2"
"163046","Loyola University Maryland","2020","Second major","'99'","Grand total","Bachelor's degree","39","16","23","0","0","0","0","0","0","1","0","1","4","0","4","0","0","0","31","14","17","3","2","1","0","0","0","0","0","0","-2"
"163204","University of Maryland Global Campus","2020","First major","'99'","Grand total","Associate's degree","1998","1181","817","16","8","8","92","48","44","445","266","179","384","219","165","21","10","11","748","467","281","93","56","37","182","104","78","17","3","14","-2"
"163204","University of Maryland Global Campus","2020","First major","'99'","Grand total","Bachelor's degree","6663","3474","3189","31","13","18","361","214","147","1675","786","889","761","419","342","25","11","14","2868","1589","1279","268","139","129","597","280","317","77","23","54","-2"
"163204","University of Maryland Global Campus","2020","First major","'99'","Grand total","Master's degree","4241","2040","2201","11","6","5","297","162","135","1599","680","919","322","161","161","10","4","6","1275","686","589","123","55","68","498","238","260","106","48","58","-2"
"163204","University of Maryland Global Campus","2020","First major","'99'","Grand total","Doctor's degree - professional practice","56","26","30","0","0","0","5","2","3","20","9","11","9","4","5","0","0","0","15","6","9","0","0","0","6","4","2","1","1","0","-2"
"163204","University of Maryland Global Campus","2020","Second major","'99'","Grand total","Bachelor's degree","44","17","27","0","0","0","1","0","1","4","4","0","5","2","3","0","0","0","26","7","19","4","2","2","4","2","2","0","0","0","-2"
"163259","University of Maryland, Baltimore","2020","First major","'99'","Grand total","Bachelor's degree","420","54","366","1","0","1","68","9","59","81","17","64","32","5","27","0","0","0","201","21","180","21","1","20","0","0","0","16","1","15","-2"
"163259","University of Maryland, Baltimore","2020","First major","'99'","Grand total","Master's degree","918","170","748","1","0","1","72","23","49","243","45","198","83","9","74","0","0","0","448","62","386","29","6","23","11","6","5","31","19","12","-2"
"163259","University of Maryland, Baltimore","2020","First major","'99'","Grand total","Doctor's degree - research/scholarship","63","22","41","0","0","0","5","2","3","5","2","3","4","1","3","0","0","0","30","12","18","2","0","2","0","0","0","17","5","12","-2"
"163259","University of Maryland, Baltimore","2020","First major","'99'","Grand total","Doctor's degree - professional practice","811","301","510","1","1","0","182","66","116","106","28","78","46","20","26","0","0","0","414","171","243","26","5","21","24","7","17","12","3","9","-2"
"163268","University of Maryland-Baltimore County","2020","First major","'99'","Grand total","Bachelor's degree","2632","1369","1263","10","5","5","555","273","282","459","188","271","196","101","95","3","0","3","1116","643","473","101","49","52","73","42","31","119","68","51","-2"
"163268","University of Maryland-Baltimore County","2020","First major","'99'","Grand total","Master's degree","624","320","304","1","0","1","70","30","40","75","38","37","27","11","16","1","0","1","225","115","110","13","4","9","19","12","7","193","110","83","-2"
"163268","University of Maryland-Baltimore County","2020","First major","'99'","Grand total","Doctor's degree - research/scholarship","87","41","46","0","0","0","6","2","4","11","4","7","3","1","2","0","0","0","48","21","27","0","0","0","2","2","0","17","11","6","-2"
"163268","University of Maryland-Baltimore County","2020","Second major","'99'","Grand total","Bachelor's degree","76","32","44","0","0","0","13","7","6","15","5","10","4","2","2","0","0","0","36","14","22","4","2","2","0","0","0","4","2","2","-2"
"163286","University of Maryland-College Park","2020","First major","'99'","Grand total","Bachelor's degree","8282","4163","4119","11","8","3","1442","745","697","960","372","588","821","387","434","5","2","3","4186","2228","1958","355","169","186","117","58","59","385","194","191","-2"
"163286","University of Maryland-College Park","2020","First major","'99'","Grand total","Master's degree","2731","1395","1336","0","0","0","190","88","102","210","87","123","119","60","59","2","0","2","921","445","476","59","24","35","189","108","81","1041","583","458","-2"
"163286","University of Maryland-College Park","2020","First major","'99'","Grand total","Doctor's degree - research/scholarship","598","341","257","2","1","1","32","14","18","46","14","32","21","10","11","0","0","0","241","124","117","13","8","5","16","10","6","227","160","67","-2"
"163286","University of Maryland-College Park","2020","First major","'99'","Grand total","Doctor's degree - professional practice","35","5","30","0","0","0","2","0","2","1","0","1","2","0","2","0","0","0","15","4","11","1","0","1","14","1","13","0","0","0","-2"
"163286","University of Maryland-College Park","2020","Second major","'99'","Grand total","Bachelor's degree","719","342","377","0","0","0","115","52","63","59","20","39","81","39","42","0","0","0","377","194","183","29","13","16","8","2","6","50","22","28","-2"
"163295","Maryland Institute College of Art","2020","First major","'99'","Grand total","Bachelor's degree","359","72","287","0","0","0","39","7","32","27","10","17","33","9","24","0","0","0","153","32","121","19","3","16","6","2","4","82","9","73","-2"
"163295","Maryland Institute College of Art","2020","First major","'99'","Grand total","Master's degree","260","69","191","0","0","0","19","2","17","26","7","19","18","7","11","0","0","0","95","30","65","7","1","6","12","1","11","83","21","62","-2"
"163295","Maryland Institute College of Art","2020","Second major","'99'","Grand total","Bachelor's degree","4","1","3","0","0","0","0","0","0","0","0","0","0","0","0","0","0","0","3","1","2","0","0","0","0","0","0","1","0","1","-2"
"163338","University of Maryland Eastern Shore","2020","First major","'99'","Grand total","Bachelor's degree","516","203","313","0","0","0","11","3","8","388","150","238","17","7","10","0","0","0","43","17","26","23","9","14","8","4","4","26","13","13","-2"
"163338","University of Maryland Eastern Shore","2020","First major","'99'","Grand total","Master's degree","49","19","30","0","0","0","0","0","0","15","5","10","2","0","2","0","0","0","12","8","4","15","4","11","1","0","1","4","2","2","-2"
"163338","University of Maryland Eastern Shore","2020","First major","'99'","Grand total","Doctor's degree - research/scholarship","20","6","14","0","0","0","0","0","0","7","2","5","1","0","1","0","0","0","2","0","2","6","4","2","0","0","0","4","0","4","-2"
"163338","University of Maryland Eastern Shore","2020","First major","'99'","Grand total","Doctor's degree - professional practice","79","28","51","0","0","0","4","3","1","42","14","28","1","1","0","0","0","0","19","7","12","12","3","9","1","0","1","0","0","0","-2"
"163338","University of Maryland Eastern Shore","2020","Second major","'99'","Grand total","Master's degree","1","1","0","0","0","0","0","0","0","1","1","0","0","0","0","0","0","0","0","0","0","0","0","0","0","0","0","0","0","0","-2"
"163426","Montgomery College","2020","First major","'99'","Grand total","Associate's degree","2798","1261","1537","3","1","2","387","187","200","657","264","393","704","286","418","7","6","1","611","333","278","77","33","44","4","3","1","348","148","200","-2"
"163453","Morgan State University","2020","First major","'99'","Grand total","Bachelor's degree","1102","519","583","0","0","0","15","8","7","769","298","471","32","11","21","1","1","0","29","10","19","43","15","28","15","7","8","198","169","29","-2"
"163453","Morgan State University","2020","First major","'99'","Grand total","Master's degree","285","97","188","0","0","0","5","3","2","210","60","150","9","4","5","0","0","0","15","13","2","16","5","11","0","0","0","30","12","18","-2"
"163453","Morgan State University","2020","First major","'99'","Grand total","Doctor's degree - research/scholarship","78","36","42","0","0","0","2","1","1","51","26","25","3","0","3","0","0","0","8","4","4","4","2","2","1","0","1","9","3","6","-2"
"163462","Mount St. Mary's University","2020","First major","'99'","Grand total","Bachelor's degree","372","174","198","1","0","1","8","4","4","39","14","25","44","18","26","3","3","0","254","124","130","15","6","9","3","1","2","5","4","1","-2"
"163462","Mount St. Mary's University","2020","First major","'99'","Grand total","Master's degree","190","105","85","1","1","0","8","6","2","15","4","11","8","6","2","0","0","0","143","77","66","3","2","1","2","1","1","10","8","2","-2"
"163462","Mount St. Mary's University","2020","Second major","'99'","Grand total","Bachelor's degree","69","34","35","0","0","0","2","0","2","4","1","3","7","3","4","1","1","0","53","28","25","1","0","1","1","1","0","0","0","0","-2"
"163462","Mount St. Mary's University","2020","Second major","'99'","Grand total","Master's degree","1","1","0","0","0","0","0","0","0","0","0","0","0","0","0","0","0","0","0","0","0","0","0","0","0","0","0","1","1","0","-2"
"163532","Ner Israel Rabbinical College","2020","First major","'99'","Grand total","Bachelor's degree","47","47","0","0","0","0","0","0","0","0","0","0","0","0","0","0","0","0","43","43","0","0","0","0","0","0","0","4","4","0","-2"
"163532","Ner Israel Rabbinical College","2020","First major","'99'","Grand total","Master's degree","19","19","0","0","0","0","0","0","0","0","0","0","0","0","0","0","0","0","18","18","0","0","0","0","0","0","0","1","1","0","-2"
"163532","Ner Israel Rabbinical College","2020","First major","'99'","Grand total","Doctor's degree - research/scholarship","1","1","0","0","0","0","0","0","0","0","0","0","0","0","0","0","0","0","1","1","0","0","0","0","0","0","0","0","0","0","-2"
"163532","Ner Israel Rabbinical College","2020","First major","'99'","Grand total","Doctor's degree - professional practice","8","8","0","0","0","0","0","0","0","0","0","0","0","0","0","0","0","0","8","8","0","0","0","0","0","0","0","0","0","0","-2"
"163578","Notre Dame of Maryland University","2020","First major","'99'","Grand total","Bachelor's degree","163","11","152","0","0","0","16","1","15","35","2","33","15","0","15","0","0","0","79","5","74","7","1","6","6","1","5","5","1","4","-2"
"163578","Notre Dame of Maryland University","2020","First major","'99'","Grand total","Master's degree","336","51","285","0","0","0","10","1","9","48","9","39","15","0","15","2","1","1","226","32","194","12","2","10","21","6","15","2","0","2","-2"
"163578","Notre Dame of Maryland University","2020","First major","'99'","Grand total","Doctor's degree - research/scholarship","16","3","13","0","0","0","0","0","0","2","0","2","1","1","0","0","0","0","13","2","11","0","0","0","0","0","0","0","0","0","-2"
"163578","Notre Dame of Maryland University","2020","First major","'99'","Grand total","Doctor's degree - professional practice","40","9","31","0","0","0","11","5","6","13","2","11","2","1","1","0","0","0","11","0","11","0","0","0","3","1","2","0","0","0","-2"
"163578","Notre Dame of Maryland University","2020","Second major","'99'","Grand total","Bachelor's degree","5","0","5","0","0","0","1","0","1","1","0","1","1","0","1","0","0","0","1","0","1","1","0","1","0","0","0","0","0","0","-2"
"163657","Prince George's Community College","2020","First major","'99'","Grand total","Associate's degree","1093","391","702","15","5","10","87","38","49","696","238","458","165","67","98","0","0","0","62","22","40","1","0","1","18","4","14","49","17","32","-2"
"163851","Salisbury University","2020","First major","'99'","Grand total","Bachelor's degree","1907","753","1154","4","1","3","50","18","32","258","96","162","72","33","39","3","3","0","1367","547","820","56","15","41","48","22","26","49","18","31","-2"
"163851","Salisbury University","2020","First major","'99'","Grand total","Master's degree","324","72","252","0","0","0","5","1","4","44","12","32","5","2","3","0","0","0","236","54","182","14","2","12","17","1","16","3","0","3","-2"
"163851","Salisbury University","2020","First major","'99'","Grand total","Doctor's degree - research/scholarship","6","1","5","0","0","0","0","0","0","0","0","0","0","0","0","0","0","0","6","1","5","0","0","0","0","0","0","0","0","0","-2"
"163851","Salisbury University","2020","First major","'99'","Grand total","Doctor's degree - professional practice","9","0","9","0","0","0","0","0","0","0","0","0","0","0","0","0","0","0","9","0","9","0","0","0","0","0","0","0","0","0","-2"
"163851","Salisbury University","2020","Second major","'99'","Grand total","Bachelor's degree","64","23","41","0","0","0","1","1","0","7","1","6","5","2","3","0","0","0","47","18","29","1","0","1","2","1","1","1","0","1","-2"
"163912","St. Mary's College of Maryland","2020","First major","'99'","Grand total","Bachelor's degree","336","133","203","1","0","1","15","5","10","25","13","12","23","8","15","1","1","0","245","95","150","19","8","11","6","2","4","1","1","0","-2"
"163912","St. Mary's College of Maryland","2020","First major","'99'","Grand total","Master's degree","21","5","16","0","0","0","2","0","2","0","0","0","1","0","1","0","0","0","16","4","12","0","0","0","1","0","1","1","1","0","-2"
"163912","St. Mary's College of Maryland","2020","Second major","'99'","Grand total","Bachelor's degree","67","25","42","0","0","0","5","0","5","1","0","1","3","1","2","0","0","0","49","22","27","5","2","3","4","0","4","0","0","0","-2"
"163976","St. John's College","2020","First major","'99'","Grand total","Bachelor's degree","124","80","44","0","0","0","5","1","4","1","0","1","5","2","3","0","0","0","77","50","27","4","3","1","0","0","0","32","24","8","-2"
"163976","St. John's College","2020","First major","'99'","Grand total","Master's degree","27","21","6","0","0","0","1","1","0","2","2","0","2","2","0","0","0","0","19","14","5","0","0","0","3","2","1","0","0","0","-2"
"164076","Towson University","2020","First major","'99'","Grand total","Bachelor's degree","4701","1821","2880","4","1","3","286","118","168","933","342","591","390","146","244","6","5","1","2698","1057","1641","210","76","134","85","32","53","89","44","45","-2"
"164076","Towson University","2020","First major","'99'","Grand total","Master's degree","829","225","604","2","1","1","38","15","23","110","32","78","32","7","25","0","0","0","497","131","366","27","12","15","75","9","66","48","18","30","-2"
"164076","Towson University","2020","First major","'99'","Grand total","Doctor's degree - research/scholarship","16","13","3","0","0","0","0","0","0","0","0","0","0","0","0","0","0","0","1","1","0","0","0","0","1","0","1","14","12","2","-2"
"164076","Towson University","2020","First major","'99'","Grand total","Doctor's degree - professional practice","12","0","12","0","0","0","0","0","0","1","0","1","0","0","0","0","0","0","11","0","11","0","0","0","0","0","0","0","0","0","-2"
"164076","Towson University","2020","Second major","'99'","Grand total","Bachelor's degree","168","49","119","0","0","0","9","3","6","22","7","15","14","4","10","0","0","0","114","32","82","4","0","4","4","3","1","1","0","1","-2"
"164085","Maryland University of Integrative Health","2020","First major","'99'","Grand total","Master's degree","258","15","243","3","0","3","10","0","10","44","2","42","8","1","7","0","0","0","159","10","149","4","0","4","19","0","19","11","2","9","-2"
"164085","Maryland University of Integrative Health","2020","First major","'99'","Grand total","Doctor's degree - professional practice","31","6","25","0","0","0","1","0","1","2","0","2","1","0","1","0","0","0","22","4","18","0","0","0","1","0","1","4","2","2","-2"
"164155","United States Naval Academy","2020","First major","'99'","Grand total","Bachelor's degree","1032","751","281","4","4","0","73","46","27","56","43","13","113","77","36","3","2","1","668","498","170","87","59","28","13","10","3","15","12","3","-2"
"164155","United States Naval Academy","2020","Second major","'99'","Grand total","Bachelor's degree","18","15","3","0","0","0","3","3","0","0","0","0","0","0","0","0","0","0","9","7","2","5","4","1","1","1","0","0","0","0","-2"
"164173","Stevenson University","2020","First major","'99'","Grand total","Bachelor's degree","800","258","542","0","0","0","29","7","22","190","63","127","46","15","31","0","0","0","472","149","323","37","13","24","18","6","12","8","5","3","-2"
"164173","Stevenson University","2020","First major","'99'","Grand total","Master's degree","250","51","199","2","1","1","8","4","4","67","13","54","10","2","8","0","0","0","148","30","118","10","1","9","5","0","5","0","0","0","-2"
"164216","Washington College","2020","First major","'99'","Grand total","Bachelor's degree","319","128","191","0","0","0","12","5","7","27","14","13","19","8","11","1","1","0","229","81","148","0","0","0","6","2","4","25","17","8","-2"
"164216","Washington College","2020","Second major","'99'","Grand total","Bachelor's degree","69","26","43","0","0","0","2","1","1","8","1","7","7","3","4","1","1","0","46","17","29","0","0","0","0","0","0","5","3","2","-2"
"164270","McDaniel College","2020","First major","'99'","Grand total","Bachelor's degree","374","176","198","1","1","0","11","2","9","55","24","31","21","10","11","0","0","0","245","124","121","15","5","10","26","10","16","0","0","0","-2"
"164270","McDaniel College","2020","First major","'99'","Grand total","Master's degree","232","51","181","0","0","0","3","1","2","19","4","15","8","1","7","0","0","0","195","42","153","0","0","0","7","3","4","0","0","0","-2"
"164270","McDaniel College","2020","Second major","'99'","Grand total","Bachelor's degree","55","26","29","0","0","0","2","0","2","8","2","6","4","1","3","0","0","0","38","22","16","1","0","1","2","1","1","0","0","0","-2"
"164313","Wor-Wic Community College","2020","First major","'99'","Grand total","Associate's degree","318","108","210","2","0","2","4","3","1","60","18","42","21","10","11","0","0","0","223","76","147","6","0","6","1","0","1","1","1","0","-2"
"164368","Hult International Business School","2020","First major","'99'","Grand total","Bachelor's degree","89","58","31","0","0","0","2","0","2","1","0","1","1","1","0","0","0","0","2","1","1","2","1","1","10","7","3","71","48","23","-2"
"164368","Hult International Business School","2020","First major","'99'","Grand total","Master's degree","1703","945","758","0","0","0","15","5","10","35","15","20","7","4","3","0","0","0","23","14","9","40","13","27","43","19","24","1540","875","665","-2"
"164447","American International College","2020","First major","'99'","Grand total","Associate's degree","1","1","0","0","0","0","0","0","0","1","1","0","0","0","0","0","0","0","0","0","0","0","0","0","0","0","0","0","0","0","-2"
"164447","American International College","2020","First major","'99'","Grand total","Bachelor's degree","220","88","132","1","0","1","1","0","1","48","22","26","39","13","26","1","1","0","91","28","63","6","3","3","20","11","9","13","10","3","-2"
"164447","American International College","2020","First major","'99'","Grand total","Master's degree","584","119","465","1","0","1","13","0","13","42","16","26","26","6","20","1","0","1","440","74","366","12","3","9","39","12","27","10","8","2","-2"
"164447","American International College","2020","First major","'99'","Grand total","Doctor's degree - research/scholarship","25","4","21","0","0","0","0","0","0","9","2","7","2","0","2","0","0","0","14","2","12","0","0","0","0","0","0","0","0","0","-2"
"164447","American International College","2020","First major","'99'","Grand total","Doctor's degree - professional practice","35","16","19","0","0","0","7","6","1","1","0","1","1","0","1","0","0","0","24","8","16","0","0","0","2","2","0","0","0","0","-2"
"164447","American International College","2020","Second major","'99'","Grand total","Bachelor's degree","11","2","9","0","0","0","0","0","0","3","2","1","3","0","3","0","0","0","3","0","3","0","0","0","1","0","1","1","0","1","-2"
"164465","Amherst College","2020","First major","'99'","Grand total","Bachelor's degree","453","219","234","0","0","0","68","21","47","53","25","28","63","30","33","0","0","0","203","106","97","21","11","10","13","5","8","32","21","11","-2"
"164465","Amherst College","2020","Second major","'99'","Grand total","Bachelor's degree","188","87","101","0","0","0","26","10","16","14","5","9","33","14","19","0","0","0","77","36","41","14","6","8","6","4","2","18","12","6","-2"
"164492","Anna Maria College","2020","First major","'99'","Grand total","Bachelor's degree","230","100","130","1","0","1","4","0","4","19","3","16","26","6","20","0","0","0","166","82","84","3","1","2","10","8","2","1","0","1","-2"
"164492","Anna Maria College","2020","First major","'99'","Grand total","Master's degree","177","107","70","0","0","0","3","1","2","8","3","5","12","5","7","0","0","0","126","78","48","4","2","2","21","17","4","3","1","2","-2"
"164492","Anna Maria College","2020","Second major","'99'","Grand total","Bachelor's degree","14","6","8","0","0","0","0","0","0","0","0","0","1","1","0","0","0","0","13","5","8","0","0","0","0","0","0","0","0","0","-2"
"164562","Assumption University","2020","First major","'99'","Grand total","Associate's degree","2","1","1","0","0","0","0","0","0","0","0","0","0","0","0","0","0","0","1","1","0","0","0","0","1","0","1","0","0","0","-2"
"164562","Assumption University","2020","First major","'99'","Grand total","Bachelor's degree","486","210","276","0","0","0","11","4","7","30","23","7","39","17","22","1","1","0","361","147","214","7","4","3","33","12","21","4","2","2","-2"
"164562","Assumption University","2020","First major","'99'","Grand total","Master's degree","166","53","113","0","0","0","4","0","4","11","7","4","17","8","9","0","0","0","118","33","85","1","0","1","9","3","6","6","2","4","-2"
"164562","Assumption University","2020","Second major","'99'","Grand total","Bachelor's degree","81","33","48","0","0","0","2","0","2","1","1","0","3","2","1","0","0","0","64","25","39","2","1","1","6","3","3","3","1","2","-2"
"164580","Babson College","2020","First major","'99'","Grand total","Bachelor's degree","654","345","309","0","0","0","69","35","34","37","20","17","74","41","33","0","0","0","226","127","99","15","9","6","36","20","16","197","93","104","-2"
"164580","Babson College","2020","First major","'99'","Grand total","Master's degree","535","346","189","0","0","0","26","19","7","17","8","9","34","17","17","2","1","1","173","109","64","3","0","3","37","30","7","243","162","81","-2"
"164614","Boston Baptist College","2020","First major","'99'","Grand total","Associate's degree","0","0","0","0","0","0","0","0","0","0","0","0","0","0","0","0","0","0","0","0","0","0","0","0","0","0","0","0","0","0","-2"
"164614","Boston Baptist College","2020","First major","'99'","Grand total","Bachelor's degree","6","4","2","0","0","0","0","0","0","1","1","0","0","0","0","0","0","0","5","3","2","0","0","0","0","0","0","0","0","0","-2"
"164632","Bay Path University","2020","First major","'99'","Grand total","Associate's degree","17","0","17","0","0","0","1","0","1","3","0","3","1","0","1","0","0","0","11","0","11","0","0","0","1","0","1","0","0","0","-2"
"164632","Bay Path University","2020","First major","'99'","Grand total","Bachelor's degree","430","0","430","2","0","2","8","0","8","56","0","56","61","0","61","0","0","0","268","0","268","8","0","8","23","0","23","4","0","4","-2"
"164632","Bay Path University","2020","First major","'99'","Grand total","Master's degree","482","74","408","0","0","0","21","4","17","42","8","34","35","7","28","0","0","0","343","45","298","10","2","8","27","8","19","4","0","4","-2"
"164632","Bay Path University","2020","First major","'99'","Grand total","Doctor's degree - professional practice","10","0","10","0","0","0","0","0","0","1","0","1","0","0","0","0","0","0","8","0","8","0","0","0","1","0","1","0","0","0","-2"
"164632","Bay Path University","2020","Second major","'99'","Grand total","Bachelor's degree","12","0","12","1","0","1","0","0","0","1","0","1","1","0","1","0","0","0","7","0","7","0","0","0","1","0","1","1","0","1","-2"
"164641","Bay State College","2020","First major","'99'","Grand total","Associate's degree","90","17","73","0","0","0","3","1","2","12","2","10","12","1","11","0","0","0","55","12","43","1","0","1","7","1","6","0","0","0","-2"
"164641","Bay State College","2020","First major","'99'","Grand total","Bachelor's degree","111","32","79","0","0","0","6","1","5","29","6","23","12","3","9","2","1","1","51","18","33","1","0","1","6","1","5","4","2","2","-2"
"164720","Becker College","2020","First major","'99'","Grand total","Associate's degree","83","7","76","0","0","0","2","0","2","11","1","10","5","0","5","1","1","0","56","2","54","1","0","1","6","3","3","1","0","1","-2"
"164720","Becker College","2020","First major","'99'","Grand total","Bachelor's degree","331","166","165","0","0","0","8","6","2","14","7","7","23","8","15","0","0","0","248","120","128","12","6","6","23","16","7","3","3","0","-2"
"164720","Becker College","2020","First major","'99'","Grand total","Master's degree","8","6","2","0","0","0","0","0","0","1","0","1","0","0","0","0","0","0","7","6","1","0","0","0","0","0","0","0","0","0","-2"
"164739","Bentley University","2020","First major","'99'","Grand total","Bachelor's degree","1063","601","462","0","0","0","97","50","47","28","14","14","76","37","39","1","0","1","643","385","258","26","14","12","51","29","22","141","72","69","-2"
"164739","Bentley University","2020","First major","'99'","Grand total","Master's degree","522","246","276","0","0","0","36","13","23","8","3","5","11","7","4","0","0","0","226","126","100","5","2","3","20","10","10","216","85","131","-2"
"164739","Bentley University","2020","First major","'99'","Grand total","Doctor's degree - research/scholarship","6","0","6","0","0","0","0","0","0","0","0","0","0","0","0","0","0","0","2","0","2","0","0","0","1","0","1","3","0","3","-2"
"164739","Bentley University","2020","Second major","'99'","Grand total","Bachelor's degree","157","49","108","0","0","0","15","1","14","8","2","6","15","5","10","0","0","0","91","37","54","4","1","3","5","1","4","19","2","17","-2"
"164748","Berklee College of Music","2020","First major","'99'","Grand total","Bachelor's degree","1288","789","499","0","0","0","56","30","26","69","38","31","124","67","57","1","1","0","561","354","207","38","20","18","41","27","14","398","252","146","-2"
"164748","Berklee College of Music","2020","First major","'99'","Grand total","Master's degree","329","195","134","0","0","0","8","2","6","22","14","8","24","13","11","0","0","0","115","82","33","14","7","7","7","3","4","139","74","65","-2"
"164748","Berklee College of Music","2020","Second major","'99'","Grand total","Bachelor's degree","144","83","61","0","0","0","9","7","2","2","1","1","15","9","6","0","0","0","46","26","20","6","3","3","3","2","1","63","35","28","-2"
"164775","Berkshire Community College","2020","First major","'99'","Grand total","Associate's degree","206","57","149","1","0","1","2","1","1","16","8","8","11","2","9","1","1","0","161","41","120","6","0","6","6","2","4","2","2","0","-2"
"164872","Boston Architectural College","2020","First major","'99'","Grand total","Bachelor's degree","47","25","22","0","0","0","3","1","2","5","3","2","6","3","3","0","0","0","18","9","9","2","2","0","1","0","1","12","7","5","-2"
"164872","Boston Architectural College","2020","First major","'99'","Grand total","Master's degree","112","55","57","0","0","0","4","2","2","3","1","2","10","7","3","0","0","0","47","23","24","4","2","2","8","4","4","36","16","20","-2"
"164915","Boston Graduate School of Psychoanalysis Inc","2020","First major","'99'","Grand total","Master's degree","21","9","12","0","0","0","2","0","2","1","0","1","0","0","0","0","0","0","11","8","3","0","0","0","1","0","1","6","1","5","-2"
"164915","Boston Graduate School of Psychoanalysis Inc","2020","First major","'99'","Grand total","Doctor's degree - professional practice","7","1","6","0","0","0","1","0","1","0","0","0","0","0","0","0","0","0","5","1","4","0","0","0","1","0","1","0","0","0","-2"
"164915","Boston Graduate School of Psychoanalysis Inc","2020","First major","'99'","Grand total","Doctor's degree - other","1","1","0","0","0","0","0","0","0","0","0","0","0","0","0","0","0","0","1","1","0","0","0","0","0","0","0","0","0","0","-2"
"164924","Boston College","2020","First major","'99'","Grand total","Bachelor's degree","2322","1074","1248","1","0","1","234","112","122","80","39","41","260","110","150","0","0","0","1416","654","762","66","30","36","112","58","54","153","71","82","-2"
"164924","Boston College","2020","First major","'99'","Grand total","Master's degree","1428","558","870","1","1","0","74","32","42","62","18","44","97","33","64","0","0","0","755","310","445","40","10","30","104","36","68","295","118","177","-2"
"164924","Boston College","2020","First major","'99'","Grand total","Doctor's degree - research/scholarship","170","104","66","0","0","0","11","9","2","4","3","1","11","5","6","0","0","0","63","32","31","4","2","2","13","7","6","64","46","18","-2"
"164924","Boston College","2020","First major","'99'","Grand total","Doctor's degree - professional practice","247","127","120","0","0","0","30","15","15","7","2","5","11","8","3","0","0","0","174","91","83","5","2","3","11","6","5","9","3","6","-2"
"164924","Boston College","2020","Second major","'99'","Grand total","Bachelor's degree","715","351","364","0","0","0","86","45","41","12","8","4","71","29","42","0","0","0","436","219","217","21","7","14","32","12","20","57","31","26","-2"
"164988","Boston University","2020","First major","'99'","Grand total","Bachelor's degree","4551","1700","2851","1","1","0","696","271","425","158","39","119","477","152","325","6","3","3","1838","653","1185","160","57","103","196","89","107","1019","435","584","-2"
"164988","Boston University","2020","First major","'99'","Grand total","Master's degree","5857","2394","3463","8","4","4","443","180","263","210","62","148","355","138","217","3","2","1","2023","721","1302","109","48","61","361","153","208","2345","1086","1259","-2"
"164988","Boston University","2020","First major","'99'","Grand total","Doctor's degree - research/scholarship","547","237","310","0","0","0","34","14","20","16","6","10","25","10","15","0","0","0","246","103","143","13","8","5","57","22","35","156","74","82","-2"
"164988","Boston University","2020","First major","'99'","Grand total","Doctor's degree - professional practice","619","278","341","1","0","1","91","41","50","15","2","13","68","30","38","0","0","0","298","148","150","18","6","12","36","18","18","92","33","59","-2"
"164988","Boston University","2020","Second major","'99'","Grand total","Bachelor's degree","274","89","185","0","0","0","31","10","21","3","0","3","14","4","10","0","0","0","104","31","73","15","6","9","6","2","4","101","36","65","-2"
"164988","Boston University","2020","Second major","'99'","Grand total","Master's degree","46","10","36","0","0","0","5","1","4","1","0","1","6","2","4","0","0","0","19","3","16","8","4","4","1","0","1","6","0","6","-2"
"165015","Brandeis University","2020","First major","'99'","Grand total","Bachelor's degree","870","342","528","0","0","0","112","41","71","39","11","28","73","33","40","1","0","1","424","182","242","31","9","22","27","11","16","163","55","108","-2"
"165015","Brandeis University","2020","First major","'99'","Grand total","Master's degree","847","363","484","1","1","0","56","20","36","32","16","16","31","18","13","0","0","0","285","110","175","19","6","13","23","12","11","400","180","220","-2"
"165015","Brandeis University","2020","First major","'99'","Grand total","Doctor's degree - research/scholarship","77","41","36","1","1","0","4","2","2","2","0","2","5","2","3","0","0","0","37","18","19","0","0","0","10","5","5","18","13","5","-2"
"165015","Brandeis University","2020","Second major","'99'","Grand total","Bachelor's degree","501","186","315","0","0","0","69","24","45","16","4","12","38","13","25","1","0","1","219","91","128","19","10","9","17","5","12","122","39","83","-2"
"165024","Bridgewater State University","2020","First major","'99'","Grand total","Bachelor's degree","1897","742","1155","1","0","1","31","13","18","198","74","124","118","44","74","1","0","1","1437","558","879","81","37","44","20","9","11","10","7","3","-2"
"165024","Bridgewater State University","2020","First major","'99'","Grand total","Master's degree","425","99","326","1","0","1","2","0","2","27","5","22","11","2","9","0","0","0","352","84","268","5","1","4","7","1","6","20","6","14","-2"
"165024","Bridgewater State University","2020","Second major","'99'","Grand total","Bachelor's degree","237","43","194","0","0","0","2","1","1","6","0","6","11","3","8","0","0","0","210","35","175","7","4","3","1","0","1","0","0","0","-2"
"165033","Bristol Community College","2020","First major","'99'","Grand total","Associate's degree","1026","346","680","5","4","1","22","3","19","81","27","54","59","11","48","1","0","1","797","281","516","30","8","22","31","12","19","0","0","0","-2"
"165112","Bunker Hill Community College","2020","First major","'99'","Grand total","Associate's degree","1173","480","693","2","0","2","155","72","83","263","88","175","266","100","166","2","0","2","259","132","127","43","14","29","89","31","58","94","43","51","-2"
"165167","Cambridge College","2020","First major","'99'","Grand total","Associate's degree","13","3","10","0","0","0","0","0","0","3","0","3","4","0","4","0","0","0","5","3","2","0","0","0","1","0","1","0","0","0","-2"
"165167","Cambridge College","2020","First major","'99'","Grand total","Bachelor's degree","191","46","145","0","0","0","18","6","12","40","5","35","63","8","55","0","0","0","42","16","26","5","2","3","3","2","1","20","7","13","-2"
"165167","Cambridge College","2020","First major","'99'","Grand total","Master's degree","638","130","508","3","2","1","25","6","19","100","26","74","220","26","194","0","0","0","221","51","170","11","1","10","3","1","2","55","17","38","-2"
"165167","Cambridge College","2020","First major","'99'","Grand total","Doctor's degree - research/scholarship","4","1","3","0","0","0","0","0","0","3","1","2","0","0","0","0","0","0","1","0","1","0","0","0","0","0","0","0","0","0","-2"
"165194","Cape Cod Community College","2020","First major","'99'","Grand total","Associate's degree","350","128","222","4","1","3","10","3","7","22","5","17","21","5","16","0","0","0","264","105","159","17","2","15","12","7","5","0","0","0","-2"
"165264","Laboure College","2020","First major","'99'","Grand total","Associate's degree","252","22","230","1","0","1","7","1","6","76","9","67","21","2","19","2","1","1","127","9","118","6","0","6","11","0","11","1","0","1","-2"
"165264","Laboure College","2020","First major","'99'","Grand total","Bachelor's degree","101","8","93","0","0","0","0","0","0","36","2","34","10","0","10","0","0","0","50","5","45","1","1","0","4","0","4","0","0","0","-2"
"165334","Clark University","2020","First major","'99'","Grand total","Bachelor's degree","475","183","292","1","0","1","37","8","29","20","6","14","28","7","21","0","0","0","293","118","175","12","2","10","22","12","10","62","30","32","-2"
"165334","Clark University","2020","First major","'99'","Grand total","Master's degree","475","212","263","0","0","0","16","3","13","12","5","7","23","7","16","0","0","0","148","59","89","9","1","8","11","3","8","256","134","122","-2"
"165334","Clark University","2020","First major","'99'","Grand total","Doctor's degree - research/scholarship","37","18","19","0","0","0","3","0","3","0","0","0","1","0","1","0","0","0","18","8","10","0","0","0","1","1","0","14","9","5","-2"
"165334","Clark University","2020","Second major","'99'","Grand total","Bachelor's degree","81","24","57","0","0","0","5","0","5","4","2","2","6","1","5","0","0","0","49","15","34","1","0","1","3","1","2","13","5","8","-2"
"165495","Conway School of Landscape Design","2020","First major","'99'","Grand total","Master's degree","17","6","11","0","0","0","0","0","0","0","0","0","0","0","0","0","0","0","17","6","11","0","0","0","0","0","0","0","0","0","-2"
"165529","Curry College","2020","First major","'99'","Grand total","Bachelor's degree","642","265","377","2","0","2","18","8","10","77","32","45","34","15","19","1","1","0","412","170","242","9","4","5","79","26","53","10","9","1","-2"
"165529","Curry College","2020","First major","'99'","Grand total","Master's degree","90","33","57","0","0","0","2","0","2","10","3","7","3","1","2","0","0","0","64","24","40","0","0","0","11","5","6","0","0","0","-2"
"165529","Curry College","2020","Second major","'99'","Grand total","Bachelor's degree","10","3","7","0","0","0","0","0","0","2","1","1","2","0","2","0","0","0","6","2","4","0","0","0","0","0","0","0","0","0","-2"
"165574","Dean College","2020","First major","'99'","Grand total","Associate's degree","133","67","66","1","1","0","3","1","2","15","5","10","10","4","6","0","0","0","49","23","26","6","3","3","25","15","10","24","15","9","-2"
"165574","Dean College","2020","First major","'99'","Grand total","Bachelor's degree","160","66","94","2","2","0","2","0","2","17","9","8","15","10","5","0","0","0","102","34","68","8","4","4","12","5","7","2","2","0","-2"
"165574","Dean College","2020","Second major","'99'","Grand total","Bachelor's degree","9","1","8","0","0","0","0","0","0","2","0","2","0","0","0","0","0","0","7","1","6","0","0","0","0","0","0","0","0","0","-2"
"165644","Eastern Nazarene College","2020","First major","'99'","Grand total","Associate's degree","10","2","8","0","0","0","1","0","1","4","0","4","1","1","0","0","0","0","2","0","2","1","0","1","1","1","0","0","0","0","-2"
"165644","Eastern Nazarene College","2020","First major","'99'","Grand total","Bachelor's degree","153","54","99","0","0","0","8","5","3","19","6","13","13","3","10","2","0","2","92","34","58","6","2","4","2","0","2","11","4","7","-2"
"165644","Eastern Nazarene College","2020","First major","'99'","Grand total","Master's degree","68","26","42","0","0","0","5","2","3","17","8","9","8","2","6","1","1","0","31","11","20","1","0","1","1","0","1","4","2","2","-2"
"165644","Eastern Nazarene College","2020","Second major","'99'","Grand total","Bachelor's degree","18","4","14","0","0","0","2","0","2","0","0","0","2","1","1","0","0","0","12","2","10","2","1","1","0","0","0","0","0","0","-2"
"165662","Emerson College","2020","First major","'99'","Grand total","Bachelor's degree","917","384","533","1","1","0","46","12","34","22","13","9","108","45","63","1","0","1","592","262","330","38","20","18","12","7","5","97","24","73","-2"
"165662","Emerson College","2020","First major","'99'","Grand total","Master's degree","288","66","222","0","0","0","11","3","8","12","3","9","24","5","19","0","0","0","171","40","131","10","0","10","16","5","11","44","10","34","-2"
"165662","Emerson College","2020","Second major","'99'","Grand total","Bachelor's degree","3","2","1","0","0","0","1","1","0","1","0","1","0","0","0","0","0","0","1","1","0","0","0","0","0","0","0","0","0","0","-2"
"165671","Emmanuel College","2020","First major","'99'","Grand total","Bachelor's degree","465","129","336","2","1","1","16","1","15","28","7","21","44","10","34","0","0","0","331","98","233","21","4","17","17","6","11","6","2","4","-2"
"165671","Emmanuel College","2020","First major","'99'","Grand total","Master's degree","39","14","25","0","0","0","0","0","0","3","1","2","2","0","2","0","0","0","27","9","18","1","0","1","6","4","2","0","0","0","-2"
"165671","Emmanuel College","2020","Second major","'99'","Grand total","Bachelor's degree","96","18","78","0","0","0","2","0","2","3","0","3","3","0","3","0","0","0","78","15","63","6","2","4","2","1","1","2","0","2","-2"
"165699","Endicott College","2020","First major","'99'","Grand total","Associate's degree","20","5","15","0","0","0","0","0","0","5","1","4","4","2","2","0","0","0","10","2","8","0","0","0","1","0","1","0","0","0","-2"
"165699","Endicott College","2020","First major","'99'","Grand total","Bachelor's degree","746","261","485","1","0","1","10","5","5","10","6","4","29","11","18","0","0","0","625","214","411","9","2","7","43","10","33","19","13","6","-2"
"165699","Endicott College","2020","First major","'99'","Grand total","Master's degree","550","171","379","2","0","2","9","4","5","18","9","9","22","7","15","0","0","0","440","125","315","8","2","6","40","16","24","11","8","3","-2"
"165699","Endicott College","2020","First major","'99'","Grand total","Doctor's degree - research/scholarship","14","0","14","0","0","0","1","0","1","1","0","1","0","0","0","0","0","0","10","0","10","1","0","1","1","0","1","0","0","0","-2"
"165802","Fisher College","2020","First major","'99'","Grand total","Associate's degree","72","13","59","1","1","0","0","0","0","4","0","4","11","3","8","0","0","0","26","3","23","0","0","0","29","5","24","1","1","0","-2"
"165802","Fisher College","2020","First major","'99'","Grand total","Bachelor's degree","217","72","145","0","0","0","1","0","1","30","13","17","28","12","16","0","0","0","56","9","47","4","2","2","75","17","58","23","19","4","-2"
"165802","Fisher College","2020","First major","'99'","Grand total","Master's degree","38","19","19","0","0","0","2","2","0","2","1","1","2","1","1","0","0","0","8","0","8","0","0","0","8","4","4","16","11","5","-2"
"165820","Fitchburg State University","2020","First major","'99'","Grand total","Bachelor's degree","881","383","498","0","0","0","14","7","7","80","35","45","84","30","54","1","1","0","657","287","370","30","13","17","13","9","4","2","1","1","-2"
"165820","Fitchburg State University","2020","First major","'99'","Grand total","Master's degree","849","278","571","0","0","0","34","15","19","52","15","37","58","20","38","0","0","0","638","201","437","13","4","9","25","8","17","29","15","14","-2"
"165820","Fitchburg State University","2020","Second major","'99'","Grand total","Bachelor's degree","50","9","41","0","0","0","1","0","1","0","0","0","4","1","3","0","0","0","42","8","34","2","0","2","1","0","1","0","0","0","-2"
"165866","Framingham State University","2020","First major","'99'","Grand total","Bachelor's degree","825","317","508","0","0","0","29","13","16","89","39","50","124","50","74","0","0","0","540","191","349","25","13","12","11","6","5","7","5","2","-2"
"165866","Framingham State University","2020","First major","'99'","Grand total","Master's degree","476","122","354","0","0","0","73","16","57","18","3","15","38","5","33","33","4","29","289","87","202","15","5","10","8","2","6","2","0","2","-2"
"165866","Framingham State University","2020","Second major","'99'","Grand total","Bachelor's degree","34","4","30","0","0","0","1","1","0","1","1","0","6","0","6","0","0","0","25","2","23","0","0","0","1","0","1","0","0","0","-2"
"165884","Benjamin Franklin Institute of Technology","2020","First major","'99'","Grand total","Associate's degree","108","88","20","0","0","0","8","7","1","33","26","7","27","24","3","1","1","0","30","25","5","2","1","1","6","4","2","1","0","1","-2"
"165884","Benjamin Franklin Institute of Technology","2020","First major","'99'","Grand total","Bachelor's degree","17","16","1","0","0","0","1","1","0","8","8","0","2","2","0","0","0","0","4","3","1","0","0","0","1","1","0","1","1","0","-2"
"165936","Gordon College","2020","First major","'99'","Grand total","Bachelor's degree","348","115","233","0","0","0","19","6","13","15","5","10","35","10","25","0","0","0","229","77","152","11","2","9","3","2","1","36","13","23","-2"
"165936","Gordon College","2020","First major","'99'","Grand total","Master's degree","90","23","67","0","0","0","3","0","3","3","3","0","3","0","3","0","0","0","74","18","56","1","0","1","2","1","1","4","1","3","-2"
"165936","Gordon College","2020","Second major","'99'","Grand total","Bachelor's degree","91","32","59","0","0","0","4","1","3","4","3","1","5","0","5","0","0","0","67","25","42","2","1","1","0","0","0","9","2","7","-2"
"165936","Gordon College","2020","Second major","'99'","Grand total","Master's degree","4","1","3","0","0","0","0","0","0","0","0","0","0","0","0","0","0","0","2","0","2","0","0","0","0","0","0","2","1","1","-2"
"165945","Gordon-Conwell Theological Seminary","2020","First major","'99'","Grand total","Master's degree","308","204","104","0","0","0","52","38","14","32","19","13","21","16","5","1","1","0","139","87","52","1","0","1","31","21","10","31","22","9","-2"
"165945","Gordon-Conwell Theological Seminary","2020","First major","'99'","Grand total","Doctor's degree - other","54","43","11","0","0","0","3","3","0","4","4","0","1","0","1","0","0","0","13","8","5","0","0","0","30","25","5","3","3","0","-2"
"165981","Greenfield Community College","2020","First major","'99'","Grand total","Associate's degree","213","82","131","1","0","1","7","3","4","5","4","1","7","5","2","0","0","0","182","64","118","9","5","4","2","1","1","0","0","0","-2"
"166018","Hampshire College","2020","First major","'99'","Grand total","Bachelor's degree","274","102","172","0","0","0","8","2","6","22","8","14","28","8","20","0","0","0","175","67","108","9","5","4","17","6","11","15","6","9","-2"
"166027","Harvard University","2020","First major","'99'","Grand total","Associate's degree","2","1","1","0","0","0","0","0","0","0","0","0","0","0","0","0","0","0","2","1","1","0","0","0","0","0","0","0","0","0","-2"
"166027","Harvard University","2020","First major","'99'","Grand total","Bachelor's degree","1802","924","878","4","2","2","382","169","213","128","52","76","199","102","97","0","0","0","739","417","322","135","65","70","31","14","17","184","103","81","-2"
"166027","Harvard University","2020","First major","'99'","Grand total","Master's degree","4949","2389","2560","3","2","1","655","314","341","239","103","136","368","184","184","4","1","3","1903","919","984","130","55","75","97","43","54","1550","768","782","-2"
"166027","Harvard University","2020","First major","'99'","Grand total","Doctor's degree - research/scholarship","681","353","328","1","0","1","65","28","37","22","10","12","43","20","23","0","0","0","283","153","130","24","13","11","15","11","4","228","118","110","-2"
"166027","Harvard University","2020","First major","'99'","Grand total","Doctor's degree - professional practice","783","409","374","0","0","0","128","61","67","53","20","33","75","46","29","2","1","1","378","206","172","27","11","16","29","17","12","91","47","44","-2"
"166027","Harvard University","2020","Second major","'99'","Grand total","Bachelor's degree","141","74","67","0","0","0","45","22","23","11","4","7","9","8","1","0","0","0","45","25","20","8","2","6","3","2","1","20","11","9","-2"
"166045","Hebrew College","2020","First major","'99'","Grand total","Bachelor's degree","2","1","1","0","0","0","0","0","0","0","0","0","0","0","0","0","0","0","2","1","1","0","0","0","0","0","0","0","0","0","-2"
"166045","Hebrew College","2020","First major","'99'","Grand total","Master's degree","31","6","25","0","0","0","0","0","0","0","0","0","0","0","0","0","0","0","31","6","25","0","0","0","0","0","0","0","0","0","-2"
"166054","Hellenic College-Holy Cross Greek Orthodox School of Theology","2020","First major","'99'","Grand total","Bachelor's degree","15","9","6","0","0","0","0","0","0","0","0","0","0","0","0","0","0","0","14","9","5","0","0","0","1","0","1","0","0","0","-2"
"166054","Hellenic College-Holy Cross Greek Orthodox School of Theology","2020","First major","'99'","Grand total","Master's degree","25","21","4","1","1","0","0","0","0","0","0","0","0","0","0","0","0","0","23","20","3","0","0","0","1","0","1","0","0","0","-2"
"166124","College of the Holy Cross","2020","First major","'99'","Grand total","Bachelor's degree","708","319","389","1","1","0","27","6","21","35","15","20","69","23","46","0","0","0","503","244","259","25","11","14","33","13","20","15","6","9","-2"
"166124","College of the Holy Cross","2020","Second major","'99'","Grand total","Bachelor's degree","156","58","98","0","0","0","5","1","4","6","3","3","16","4","12","0","0","0","106","44","62","8","3","5","9","1","8","6","2","4","-2"
"166133","Holyoke Community College","2020","First major","'99'","Grand total","Associate's degree","664","253","411","3","2","1","25","11","14","27","9","18","134","43","91","1","0","1","434","175","259","26","8","18","11","3","8","3","2","1","-2"
"166391","Lasell University","2020","First major","'99'","Grand total","Bachelor's degree","405","131","274","0","0","0","10","3","7","23","7","16","39","10","29","0","0","0","283","86","197","4","0","4","21","8","13","25","17","8","-2"
"166391","Lasell University","2020","First major","'99'","Grand total","Master's degree","200","78","122","0","0","0","3","2","1","20","11","9","9","4","5","0","0","0","89","25","64","1","0","1","59","29","30","19","7","12","-2"
"166391","Lasell University","2020","Second major","'99'","Grand total","Bachelor's degree","13","4","9","0","0","0","0","0","0","0","0","0","2","1","1","0","0","0","11","3","8","0","0","0","0","0","0","0","0","0","-2"
"166407","Lawrence Memorial Hospital School of Nursing","2020","First major","'99'","Grand total","Associate's degree","142","19","123","0","0","0","6","0","6","10","1","9","13","0","13","0","0","0","73","11","62","8","3","5","27","3","24","5","1","4","-2"
"166452","Lesley University","2020","First major","'99'","Grand total","Associate's degree","0","0","0","0","0","0","0","0","0","0","0","0","0","0","0","0","0","0","0","0","0","0","0","0","0","0","0","0","0","0","-2"
"166452","Lesley University","2020","First major","'99'","Grand total","Bachelor's degree","536","116","420","2","0","2","26","5","21","38","8","30","73","17","56","0","0","0","314","66","248","24","5","19","34","8","26","25","7","18","-2"
"166452","Lesley University","2020","First major","'99'","Grand total","Master's degree","722","103","619","0","0","0","21","4","17","32","6","26","40","4","36","2","0","2","508","64","444","18","4","14","71","19","52","30","2","28","-2"
"166452","Lesley University","2020","First major","'99'","Grand total","Doctor's degree - research/scholarship","39","2","37","0","0","0","1","0","1","1","0","1","1","0","1","0","0","0","26","2","24","1","0","1","4","0","4","5","0","5","-2"
"166452","Lesley University","2020","Second major","'99'","Grand total","Bachelor's degree","52","8","44","0","0","0","1","0","1","1","0","1","6","4","2","0","0","0","39","2","37","1","0","1","2","1","1","2","1","1","-2"
"166489","Longy School of Music of Bard College","2020","First major","'99'","Grand total","Master's degree","98","24","74","0","0","0","6","3","3","4","2","2","2","1","1","0","0","0","21","7","14","4","2","2","16","2","14","45","7","38","-2"
"166513","University of Massachusetts-Lowell","2020","First major","'99'","Grand total","Associate's degree","41","27","14","0","0","0","7","5","2","3","2","1","5","5","0","0","0","0","23","14","9","2","0","2","1","1","0","0","0","0","-2"
"166513","University of Massachusetts-Lowell","2020","First major","'99'","Grand total","Bachelor's degree","2934","1702","1232","2","0","2","318","168","150","164","95","69","319","163","156","1","1","0","1823","1088","735","85","54","31","89","56","33","133","77","56","-2"
"166513","University of Massachusetts-Lowell","2020","First major","'99'","Grand total","Master's degree","1148","651","497","0","0","0","93","46","47","55","29","26","68","33","35","0","0","0","627","352","275","17","7","10","117","74","43","171","110","61","-2"
"166513","University of Massachusetts-Lowell","2020","First major","'99'","Grand total","Doctor's degree - research/scholarship","135","79","56","0","0","0","3","2","1","1","0","1","2","1","1","0","0","0","64","28","36","0","0","0","5","1","4","60","47","13","-2"
"166513","University of Massachusetts-Lowell","2020","First major","'99'","Grand total","Doctor's degree - professional practice","37","11","26","0","0","0","0","0","0","1","1","0","0","0","0","0","0","0","34","10","24","0","0","0","2","0","2","0","0","0","-2"
"166513","University of Massachusetts-Lowell","2020","Second major","'99'","Grand total","Bachelor's degree","59","21","38","0","0","0","6","4","2","3","3","0","13","2","11","0","0","0","32","9","23","3","2","1","1","0","1","1","1","0","-2"
"166629","University of Massachusetts-Amherst","2020","First major","'99'","Grand total","Associate's degree","39","27","12","0","0","0","0","0","0","1","1","0","0","0","0","0","0","0","30","23","7","1","1","0","7","2","5","0","0","0","-2"
"166629","University of Massachusetts-Amherst","2020","First major","'99'","Grand total","Bachelor's degree","6259","3090","3169","6","3","3","715","378","337","265","113","152","399","167","232","3","1","2","3875","1943","1932","166","73","93","428","179","249","402","233","169","-2"
"166629","University of Massachusetts-Amherst","2020","First major","'99'","Grand total","Master's degree","1716","945","771","1","0","1","136","73","63","67","32","35","72","37","35","3","2","1","932","498","434","33","14","19","110","59","51","362","230","132","-2"
"166629","University of Massachusetts-Amherst","2020","First major","'99'","Grand total","Doctor's degree - research/scholarship","313","166","147","0","0","0","9","4","5","2","1","1","8","7","1","0","0","0","95","41","54","10","5","5","16","8","8","173","100","73","-2"
"166629","University of Massachusetts-Amherst","2020","First major","'99'","Grand total","Doctor's degree - professional practice","51","4","47","0","0","0","1","0","1","8","1","7","3","0","3","0","0","0","32","2","30","1","1","0","6","0","6","0","0","0","-2"
"166629","University of Massachusetts-Amherst","2020","Second major","'99'","Grand total","Bachelor's degree","541","232","309","1","1","0","69","30","39","17","3","14","30","11","19","0","0","0","349","155","194","19","5","14","25","11","14","31","16","15","-2"
"166638","University of Massachusetts-Boston","2020","First major","'99'","Grand total","Bachelor's degree","2489","1143","1346","5","3","2","318","156","162","411","158","253","331","124","207","1","0","1","927","433","494","81","33","48","119","57","62","296","179","117","-2"
"166638","University of Massachusetts-Boston","2020","First major","'99'","Grand total","Master's degree","853","279","574","2","1","1","38","22","16","75","20","55","89","26","63","1","0","1","492","138","354","21","5","16","27","12","15","108","55","53","-2"
"166638","University of Massachusetts-Boston","2020","First major","'99'","Grand total","Doctor's degree - research/scholarship","87","22","65","0","0","0","3","1","2","6","1","5","6","0","6","0","0","0","44","10","34","1","0","1","3","1","2","24","9","15","-2"
"166638","University of Massachusetts-Boston","2020","First major","'99'","Grand total","Doctor's degree - professional practice","1","0","1","0","0","0","1","0","1","0","0","0","0","0","0","0","0","0","0","0","0","0","0","0","0","0","0","0","0","0","-2"
"166638","University of Massachusetts-Boston","2020","Second major","'99'","Grand total","Bachelor's degree","116","47","69","1","1","0","7","4","3","21","6","15","23","11","12","0","0","0","49","19","30","5","3","2","4","1","3","6","2","4","-2"
"166647","Massachusetts Bay Community College","2020","First major","'99'","Grand total","Associate's degree","481","256","225","1","1","0","26","18","8","62","29","33","97","42","55","0","0","0","257","147","110","7","4","3","19","8","11","12","7","5","-2"
"166656","MCPHS University","2020","First major","'99'","Grand total","Bachelor's degree","1028","231","797","2","0","2","206","54","152","62","13","49","82","10","72","0","0","0","453","82","371","27","8","19","79","14","65","117","50","67","-2"
"166656","MCPHS University","2020","First major","'99'","Grand total","Master's degree","492","111","381","1","1","0","54","18","36","26","7","19","21","3","18","0","0","0","266","59","207","8","2","6","71","10","61","45","11","34","-2"
"166656","MCPHS University","2020","First major","'99'","Grand total","Doctor's degree - research/scholarship","23","9","14","0","0","0","0","0","0","5","2","3","0","0","0","0","0","0","9","3","6","1","1","0","2","0","2","6","3","3","-2"
"166656","MCPHS University","2020","First major","'99'","Grand total","Doctor's degree - professional practice","693","241","452","0","0","0","207","68","139","58","24","34","28","10","18","0","0","0","252","83","169","10","6","4","60","19","41","78","31","47","-2"
"166656","MCPHS University","2020","First major","'99'","Grand total","Doctor's degree - other","19","6","13","0","0","0","0","0","0","3","0","3","1","0","1","0","0","0","5","2","3","0","0","0","9","4","5","1","0","1","-2"
"166674","Massachusetts College of Art and Design","2020","First major","'99'","Grand total","Bachelor's degree","350","81","269","0","0","0","32","4","28","19","8","11","39","8","31","2","0","2","223","53","170","3","0","3","14","3","11","18","5","13","-2"
"166674","Massachusetts College of Art and Design","2020","First major","'99'","Grand total","Master's degree","36","14","22","0","0","0","3","2","1","0","0","0","2","1","1","0","0","0","20","9","11","0","0","0","4","0","4","7","2","5","-2"
"166674","Massachusetts College of Art and Design","2020","Second major","'99'","Grand total","Bachelor's degree","17","1","16","0","0","0","1","0","1","0","0","0","1","0","1","0","0","0","10","1","9","1","0","1","0","0","0","4","0","4","-2"
"166683","Massachusetts Institute of Technology","2020","First major","'99'","Grand total","Bachelor's degree","1102","588","514","1","1","0","309","118","191","65","46","19","161","109","52","0","0","0","356","190","166","83","48","35","16","5","11","111","71","40","-2"
"166683","Massachusetts Institute of Technology","2020","First major","'99'","Grand total","Master's degree","1828","1172","656","3","3","0","257","146","111","63","36","27","100","70","30","0","0","0","517","313","204","37","23","14","74","55","19","777","526","251","-2"
"166683","Massachusetts Institute of Technology","2020","First major","'99'","Grand total","Doctor's degree - research/scholarship","584","418","166","1","1","0","62","39","23","1","1","0","21","15","6","0","0","0","187","131","56","13","9","4","35","25","10","264","197","67","-2"
"166683","Massachusetts Institute of Technology","2020","Second major","'99'","Grand total","Bachelor's degree","201","120","81","0","0","0","67","26","41","5","4","1","25","19","6","0","0","0","61","38","23","11","7","4","1","1","0","31","25","6","-2"
"166692","Massachusetts Maritime Academy","2020","First major","'99'","Grand total","Bachelor's degree","397","351","46","0","0","0","2","2","0","3","3","0","14","13","1","0","0","0","355","311","44","6","5","1","16","16","0","1","1","0","-2"
"166692","Massachusetts Maritime Academy","2020","First major","'99'","Grand total","Master's degree","55","36","19","0","0","0","0","0","0","0","0","0","4","1","3","0","0","0","45","31","14","4","3","1","0","0","0","2","1","1","-2"
"166692","Massachusetts Maritime Academy","2020","Second major","'99'","Grand total","Bachelor's degree","1","1","0","0","0","0","0","0","0","0","0","0","0","0","0","0","0","0","1","1","0","0","0","0","0","0","0","0","0","0","-2"
"166708","University of Massachusetts Medical School Worcester","2020","First major","'99'","Grand total","Master's degree","48","8","40","0","0","0","3","1","2","6","1","5","2","0","2","0","0","0","34","5","29","0","0","0","3","1","2","0","0","0","-2"
"166708","University of Massachusetts Medical School Worcester","2020","First major","'99'","Grand total","Doctor's degree - research/scholarship","50","24","26","0","0","0","6","4","2","3","0","3","1","0","1","0","0","0","19","8","11","0","0","0","4","4","0","17","8","9","-2"
"166708","University of Massachusetts Medical School Worcester","2020","First major","'99'","Grand total","Doctor's degree - professional practice","174","61","113","1","1","0","29","15","14","17","3","14","4","1","3","0","0","0","117","37","80","0","0","0","5","4","1","1","0","1","-2"
"166717","William James College","2020","First major","'99'","Grand total","Bachelor's degree","8","3","5","1","0","1","0","0","0","1","0","1","3","2","1","0","0","0","3","1","2","0","0","0","0","0","0","0","0","0","-2"
"166717","William James College","2020","First major","'99'","Grand total","Master's degree","185","35","150","1","0","1","9","3","6","13","2","11","6","1","5","0","0","0","110","19","91","0","0","0","46","10","36","0","0","0","-2"
"166717","William James College","2020","First major","'99'","Grand total","Doctor's degree - professional practice","94","20","74","0","0","0","3","3","0","3","1","2","9","0","9","0","0","0","68","14","54","0","0","0","11","2","9","0","0","0","-2"
"166823","Massasoit Community College","2020","First major","'99'","Grand total","Associate's degree","729","296","433","4","2","2","11","8","3","162","49","113","47","16","31","1","1","0","447","196","251","28","12","16","29","12","17","0","0","0","-2"
"166850","Merrimack College","2020","First major","'99'","Grand total","Associate's degree","0","0","0","0","0","0","0","0","0","0","0","0","0","0","0","0","0","0","0","0","0","0","0","0","0","0","0","0","0","0","-2"
"166850","Merrimack College","2020","First major","'99'","Grand total","Bachelor's degree","848","401","447","0","0","0","13","5","8","19","12","7","60","27","33","0","0","0","661","295","366","12","7","5","56","36","20","27","19","8","-2"
"166850","Merrimack College","2020","First major","'99'","Grand total","Master's degree","550","173","377","0","0","0","14","10","4","20","9","11","44","16","28","0","0","0","422","117","305","11","4","7","16","5","11","23","12","11","-2"
"166850","Merrimack College","2020","Second major","'99'","Grand total","Bachelor's degree","210","39","171","0","0","0","2","2","0","0","0","0","0","0","0","0","0","0","176","29","147","3","0","3","22","5","17","7","3","4","-2"
"166869","MGH Institute of Health Professions","2020","First major","'99'","Grand total","Bachelor's degree","220","25","195","0","0","0","19","3","16","10","0","10","11","2","9","0","0","0","159","18","141","11","1","10","10","1","9","0","0","0","-2"
"166869","MGH Institute of Health Professions","2020","First major","'99'","Grand total","Master's degree","236","41","195","1","0","1","24","6","18","12","4","8","20","4","16","0","0","0","160","23","137","5","2","3","14","2","12","0","0","0","-2"
"166869","MGH Institute of Health Professions","2020","First major","'99'","Grand total","Doctor's degree - research/scholarship","4","1","3","0","0","0","0","0","0","0","0","0","0","0","0","0","0","0","3","1","2","0","0","0","1","0","1","0","0","0","-2"
"166869","MGH Institute of Health Professions","2020","First major","'99'","Grand total","Doctor's degree - professional practice","96","22","74","0","0","0","9","3","6","4","2","2","13","5","8","0","0","0","66","12","54","2","0","2","2","0","2","0","0","0","-2"
"166869","MGH Institute of Health Professions","2020","First major","'99'","Grand total","Doctor's degree - other","15","0","15","0","0","0","1","0","1","0","0","0","0","0","0","0","0","0","12","0","12","1","0","1","1","0","1","0","0","0","-2"
"166887","Middlesex Community College","2020","First major","'99'","Grand total","Associate's degree","883","385","498","2","0","2","131","64","67","48","25","23","132","40","92","0","0","0","522","233","289","23","12","11","1","0","1","24","11","13","-2"
"166911","Montserrat College of Art","2020","First major","'99'","Grand total","Bachelor's degree","71","19","52","0","0","0","0","0","0","4","3","1","4","0","4","0","0","0","16","4","12","4","1","3","43","11","32","0","0","0","-2"
"166939","Mount Holyoke College","2020","First major","'99'","Grand total","Bachelor's degree","550","0","550","0","0","0","64","0","64","22","0","22","29","0","29","0","0","0","273","0","273","18","0","18","5","0","5","139","0","139","-2"
"166939","Mount Holyoke College","2020","First major","'99'","Grand total","Master's degree","49","8","41","0","0","0","0","0","0","3","1","2","4","1","3","0","0","0","38","5","33","1","0","1","0","0","0","3","1","2","-2"
"166939","Mount Holyoke College","2020","Second major","'99'","Grand total","Bachelor's degree","153","0","153","0","0","0","15","0","15","5","0","5","7","0","7","0","0","0","72","0","72","5","0","5","3","0","3","46","0","46","-2"
"166957","Mount Wachusett Community College","2020","First major","'99'","Grand total","Associate's degree","494","171","323","1","0","1","17","5","12","41","14","27","68","21","47","0","0","0","353","125","228","8","5","3","4","1","3","2","0","2","-2"
"167057","The New England Conservatory of Music","2020","First major","'99'","Grand total","Bachelor's degree","117","63","54","0","0","0","11","4","7","6","4","2","2","2","0","0","0","0","41","24","17","5","4","1","5","2","3","47","23","24","-2"
"167057","The New England Conservatory of Music","2020","First major","'99'","Grand total","Master's degree","118","60","58","0","0","0","6","5","1","2","2","0","3","3","0","0","0","0","48","27","21","7","4","3","6","3","3","46","16","30","-2"
"167057","The New England Conservatory of Music","2020","First major","'99'","Grand total","Doctor's degree - research/scholarship","12","7","5","0","0","0","2","1","1","1","1","0","0","0","0","0","0","0","4","2","2","0","0","0","2","2","0","3","1","2","-2"
"167057","The New England Conservatory of Music","2020","Second major","'99'","Grand total","Bachelor's degree","1","0","1","0","0","0","0","0","0","0","0","0","0","0","0","0","0","0","0","0","0","0","0","0","0","0","0","1","0","1","-2"
"167057","The New England Conservatory of Music","2020","Second major","'99'","Grand total","Master's degree","1","0","1","0","0","0","0","0","0","0","0","0","0","0","0","0","0","0","1","0","1","0","0","0","0","0","0","0","0","0","-2"
"167093","New England College of Optometry","2020","First major","'99'","Grand total","Bachelor's degree","0","0","0","0","0","0","0","0","0","0","0","0","0","0","0","0","0","0","0","0","0","0","0","0","0","0","0","0","0","0","-2"
"167093","New England College of Optometry","2020","First major","'99'","Grand total","Master's degree","4","1","3","0","0","0","1","0","1","0","0","0","0","0","0","0","0","0","2","1","1","0","0","0","0","0","0","1","0","1","-2"
"167093","New England College of Optometry","2020","First major","'99'","Grand total","Doctor's degree - professional practice","139","32","107","0","0","0","38","8","30","1","1","0","3","0","3","0","0","0","52","18","34","5","0","5","1","0","1","39","5","34","-2"
"167215","New England Law-Boston","2020","First major","'99'","Grand total","Doctor's degree - professional practice","153","58","95","0","0","0","9","1","8","12","3","9","22","12","10","0","0","0","90","36","54","4","0","4","13","5","8","3","1","2","-2"
"167260","Nichols College","2020","First major","'99'","Grand total","Associate's degree","2","2","0","0","0","0","0","0","0","0","0","0","0","0","0","0","0","0","2","2","0","0","0","0","0","0","0","0","0","0","-2"
"167260","Nichols College","2020","First major","'99'","Grand total","Bachelor's degree","282","158","124","0","0","0","4","1","3","18","15","3","27","13","14","0","0","0","218","119","99","8","4","4","1","1","0","6","5","1","-2"
"167260","Nichols College","2020","First major","'99'","Grand total","Master's degree","115","56","59","1","0","1","0","0","0","4","2","2","4","1","3","0","0","0","99","51","48","5","0","5","0","0","0","2","2","0","-2"
"167260","Nichols College","2020","Second major","'99'","Grand total","Bachelor's degree","19","7","12","0","0","0","0","0","0","1","0","1","0","0","0","0","0","0","18","7","11","0","0","0","0","0","0","0","0","0","-2"
"167288","Massachusetts College of Liberal Arts","2020","First major","'99'","Grand total","Bachelor's degree","352","115","237","1","1","0","10","3","7","33","15","18","28","9","19","0","0","0","257","84","173","10","1","9","13","2","11","0","0","0","-2"
"167288","Massachusetts College of Liberal Arts","2020","First major","'99'","Grand total","Master's degree","37","10","27","0","0","0","1","0","1","3","2","1","3","2","1","0","0","0","26","5","21","0","0","0","4","1","3","0","0","0","-2"
"167288","Massachusetts College of Liberal Arts","2020","Second major","'99'","Grand total","Bachelor's degree","23","8","15","0","0","0","0","0","0","2","1","1","2","0","2","0","0","0","18","7","11","0","0","0","1","0","1","0","0","0","-2"
"167312","North Shore Community College","2020","First major","'99'","Grand total","Associate's degree","738","280","458","1","0","1","26","13","13","61","25","36","158","43","115","1","0","1","443","185","258","45","12","33","1","1","0","2","1","1","-2"
"167358","Northeastern University","2020","First major","'99'","Grand total","Bachelor's degree","4115","1962","2153","3","3","0","573","248","325","157","62","95","314","146","168","2","0","2","1892","942","950","181","79","102","210","105","105","783","377","406","-2"
"167358","Northeastern University","2020","First major","'99'","Grand total","Master's degree","2886","1781","1105","1","1","0","98","57","41","38","13","25","74","36","38","0","0","0","602","327","275","34","19","15","99","52","47","1940","1276","664","-2"
"167358","Northeastern University","2020","First major","'99'","Grand total","Doctor's degree - research/scholarship","176","99","77","1","1","0","6","3","3","4","2","2","1","0","1","0","0","0","52","24","28","1","0","1","24","15","9","87","54","33","-2"
"167358","Northeastern University","2020","First major","'99'","Grand total","Doctor's degree - professional practice","439","132","307","1","1","0","110","25","85","23","5","18","35","16","19","1","0","1","220","65","155","14","5","9","19","9","10","16","6","10","-2"
"167358","Northeastern University","2020","Second major","'99'","Grand total","Bachelor's degree","32","15","17","0","0","0","1","1","0","1","0","1","2","2","0","0","0","0","16","8","8","1","1","0","2","0","2","9","3","6","-2"
"167376","Northern Essex Community College","2020","First major","'99'","Grand total","Associate's degree","552","219","333","0","0","0","17","7","10","20","6","14","189","64","125","2","1","1","301","134","167","12","3","9","5","4","1","6","0","6","-2"
"167394","College of Our Lady of the Elms","2020","First major","'99'","Grand total","Associate's degree","0","0","0","0","0","0","0","0","0","0","0","0","0","0","0","0","0","0","0","0","0","0","0","0","0","0","0","0","0","0","-2"
"167394","College of Our Lady of the Elms","2020","First major","'99'","Grand total","Bachelor's degree","321","67","254","0","0","0","5","1","4","37","6","31","44","9","35","1","0","1","163","38","125","3","0","3","66","12","54","2","1","1","-2"
"167394","College of Our Lady of the Elms","2020","First major","'99'","Grand total","Master's degree","123","28","95","1","0","1","4","2","2","3","0","3","3","1","2","0","0","0","46","10","36","0","0","0","65","15","50","1","0","1","-2"
"167394","College of Our Lady of the Elms","2020","First major","'99'","Grand total","Doctor's degree - professional practice","16","2","14","0","0","0","0","0","0","1","0","1","0","0","0","0","0","0","7","1","6","0","0","0","8","1","7","0","0","0","-2"
"167394","College of Our Lady of the Elms","2020","Second major","'99'","Grand total","Bachelor's degree","28","16","12","0","0","0","2","1","1","1","1","0","3","3","0","0","0","0","17","9","8","2","0","2","3","2","1","0","0","0","-2"
"167394","College of Our Lady of the Elms","2020","Second major","'99'","Grand total","Master's degree","2","1","1","0","0","0","0","0","0","0","0","0","0","0","0","0","0","0","2","1","1","0","0","0","0","0","0","0","0","0","-2"
"167455","Pine Manor College","2020","First major","'99'","Grand total","Associate's degree","6","2","4","1","0","1","0","0","0","4","1","3","1","1","0","0","0","0","0","0","0","0","0","0","0","0","0","0","0","0","-2"
"167455","Pine Manor College","2020","First major","'99'","Grand total","Bachelor's degree","35","12","23","0","0","0","2","0","2","11","5","6","6","2","4","0","0","0","2","1","1","3","1","2","9","2","7","2","1","1","-2"
"167455","Pine Manor College","2020","First major","'99'","Grand total","Master's degree","8","4","4","0","0","0","0","0","0","0","0","0","0","0","0","0","0","0","7","3","4","0","0","0","1","1","0","0","0","0","-2"
"167464","Pope St John XXIII National Seminary","2020","First major","'99'","Grand total","Master's degree","13","13","0","0","0","0","1","1","0","1","1","0","4","4","0","0","0","0","7","7","0","0","0","0","0","0","0","0","0","0","-2"
"167525","Quincy College","2020","First major","'99'","Grand total","Associate's degree","382","142","240","1","0","1","34","13","21","88","19","69","35","12","23","0","0","0","156","67","89","9","5","4","42","19","23","17","7","10","-2"
"167534","Quinsigamond Community College","2020","First major","'99'","Grand total","Associate's degree","918","390","528","5","1","4","42","18","24","117","47","70","130","45","85","2","1","1","538","239","299","33","20","13","45","14","31","6","5","1","-2"
"167598","Regis College","2020","First major","'99'","Grand total","Associate's degree","141","19","122","0","0","0","0","0","0","0","0","0","3","0","3","0","0","0","7","1","6","0","0","0","131","18","113","0","0","0","-2"
"167598","Regis College","2020","First major","'99'","Grand total","Bachelor's degree","400","71","329","0","0","0","14","3","11","46","9","37","38","12","26","0","0","0","190","31","159","4","0","4","104","16","88","4","0","4","-2"
"167598","Regis College","2020","First major","'99'","Grand total","Master's degree","357","50","307","2","0","2","18","2","16","59","16","43","19","1","18","0","0","0","202","20","182","2","1","1","55","10","45","0","0","0","-2"
"167598","Regis College","2020","First major","'99'","Grand total","Doctor's degree - professional practice","24","3","21","0","0","0","1","0","1","2","0","2","0","0","0","0","0","0","16","2","14","0","0","0","5","1","4","0","0","0","-2"
"167631","Roxbury Community College","2020","First major","'99'","Grand total","Associate's degree","226","53","173","1","0","1","0","0","0","140","30","110","40","11","29","0","0","0","24","6","18","9","3","6","5","0","5","7","3","4","-2"
"167677","Saint John's Seminary","2020","First major","'99'","Grand total","Bachelor's degree","7","7","0","0","0","0","0","0","0","0","0","0","1","1","0","0","0","0","3","3","0","0","0","0","0","0","0","3","3","0","-2"
"167677","Saint John's Seminary","2020","First major","'99'","Grand total","Master's degree","20","17","3","0","0","0","0","0","0","0","0","0","0","0","0","0","0","0","17","14","3","0","0","0","0","0","0","3","3","0","-2"
"167729","Salem State University","2020","First major","'99'","Grand total","Bachelor's degree","1546","559","987","1","0","1","43","15","28","133","44","89","247","71","176","0","0","0","989","381","608","48","16","32","35","15","20","50","17","33","-2"
"167729","Salem State University","2020","First major","'99'","Grand total","Master's degree","549","110","439","0","0","0","8","2","6","25","5","20","40","6","34","0","0","0","422","81","341","8","3","5","23","7","16","23","6","17","-2"
"167729","Salem State University","2020","Second major","'99'","Grand total","Bachelor's degree","67","13","54","0","0","0","0","0","0","2","2","0","12","3","9","0","0","0","50","7","43","2","0","2","0","0","0","1","1","0","-2"
"167783","Simmons University","2020","First major","'99'","Grand total","Bachelor's degree","465","0","465","0","0","0","46","0","46","36","0","36","30","0","30","0","0","0","288","0","288","29","0","29","12","0","12","24","0","24","-2"
"167783","Simmons University","2020","First major","'99'","Grand total","Master's degree","1773","192","1581","6","0","6","76","6","70","160","14","146","135","15","120","2","0","2","1164","126","1038","63","10","53","151","20","131","16","1","15","-2"
"167783","Simmons University","2020","First major","'99'","Grand total","Doctor's degree - research/scholarship","15","1","14","0","0","0","0","0","0","1","0","1","1","0","1","0","0","0","12","1","11","0","0","0","1","0","1","0","0","0","-2"
"167783","Simmons University","2020","First major","'99'","Grand total","Doctor's degree - professional practice","43","15","28","0","0","0","2","1","1","0","0","0","2","1","1","0","0","0","27","8","19","3","1","2","9","4","5","0","0","0","-2"
"167783","Simmons University","2020","Second major","'99'","Grand total","Bachelor's degree","47","0","47","0","0","0","7","0","7","4","0","4","3","0","3","0","0","0","26","0","26","4","0","4","0","0","0","3","0","3","-2"
"167783","Simmons University","2020","Second major","'99'","Grand total","Master's degree","15","1","14","0","0","0","0","0","0","1","0","1","0","0","0","0","0","0","13","1","12","1","0","1","0","0","0","0","0","0","-2"
"167792","Bard College at Simon's Rock","2020","First major","'99'","Grand total","Associate's degree","110","40","70","1","0","1","4","2","2","9","2","7","4","2","2","1","1","0","60","20","40","3","1","2","7","1","6","21","11","10","-2"
"167792","Bard College at Simon's Rock","2020","First major","'99'","Grand total","Bachelor's degree","53","25","28","0","0","0","8","6","2","0","0","0","2","1","1","0","0","0","25","9","16","1","1","0","4","2","2","13","6","7","-2"
"167792","Bard College at Simon's Rock","2020","Second major","'99'","Grand total","Bachelor's degree","25","10","15","0","0","0","4","3","1","0","0","0","1","0","1","0","0","0","11","4","7","0","0","0","1","1","0","8","2","6","-2"
"167835","Smith College","2020","First major","'99'","Grand total","Bachelor's degree","673","1","672","0","0","0","63","0","63","43","0","43","72","0","72","2","0","2","329","1","328","25","0","25","42","0","42","97","0","97","-2"
"167835","Smith College","2020","First major","'99'","Grand total","Master's degree","152","25","127","0","0","0","6","1","5","8","1","7","13","1","12","0","0","0","104","18","86","7","1","6","10","1","9","4","2","2","-2"
"167835","Smith College","2020","First major","'99'","Grand total","Doctor's degree - research/scholarship","7","2","5","0","0","0","0","0","0","1","0","1","2","0","2","0","0","0","4","2","2","0","0","0","0","0","0","0","0","0","-2"
"167835","Smith College","2020","Second major","'99'","Grand total","Bachelor's degree","214","0","214","0","0","0","25","0","25","11","0","11","25","0","25","1","0","1","93","0","93","9","0","9","9","0","9","41","0","41","-2"
"167899","Springfield College","2020","First major","'99'","Grand total","Bachelor's degree","456","223","233","2","1","1","3","2","1","20","13","7","35","20","15","0","0","0","346","161","185","9","6","3","25","10","15","16","10","6","-2"
"167899","Springfield College","2020","First major","'99'","Grand total","Master's degree","353","101","252","0","0","0","9","4","5","46","12","34","40","10","30","0","0","0","220","59","161","6","2","4","23","8","15","9","6","3","-2"
"167899","Springfield College","2020","First major","'99'","Grand total","Doctor's degree - research/scholarship","5","1","4","0","0","0","0","0","0","0","0","0","0","0","0","0","0","0","4","1","3","0","0","0","0","0","0","1","0","1","-2"
"167899","Springfield College","2020","First major","'99'","Grand total","Doctor's degree - professional practice","40","11","29","0","0","0","0","0","0","1","0","1","0","0","0","0","0","0","37","11","26","1","0","1","1","0","1","0","0","0","-2"
"167899","Springfield College","2020","Second major","'99'","Grand total","Bachelor's degree","16","3","13","0","0","0","0","0","0","1","1","0","1","0","1","0","0","0","14","2","12","0","0","0","0","0","0","0","0","0","-2"
"167905","Springfield Technical Community College","2020","First major","'99'","Grand total","Associate's degree","778","316","462","3","2","1","28","15","13","95","35","60","187","67","120","0","0","0","388","161","227","25","6","19","46","27","19","6","3","3","-2"
"167987","University of Massachusetts-Dartmouth","2020","First major","'99'","Grand total","Bachelor's degree","1379","616","763","4","1","3","61","30","31","200","71","129","118","46","72","0","0","0","868","408","460","50","23","27","47","19","28","31","18","13","-2"
"167987","University of Massachusetts-Dartmouth","2020","First major","'99'","Grand total","Master's degree","390","171","219","0","0","0","18","7","11","21","14","7","30","12","18","0","0","0","229","85","144","9","5","4","7","2","5","76","46","30","-2"
"167987","University of Massachusetts-Dartmouth","2020","First major","'99'","Grand total","Doctor's degree - research/scholarship","25","10","15","0","0","0","1","0","1","1","0","1","3","2","1","0","0","0","11","6","5","0","0","0","0","0","0","9","2","7","-2"
"167987","University of Massachusetts-Dartmouth","2020","First major","'99'","Grand total","Doctor's degree - professional practice","71","26","45","0","0","0","3","0","3","6","3","3","6","0","6","0","0","0","48","20","28","4","1","3","3","2","1","1","0","1","-2"
"167987","University of Massachusetts-Dartmouth","2020","Second major","'99'","Grand total","Bachelor's degree","40","17","23","0","0","0","1","1","0","8","3","5","2","0","2","0","0","0","25","12","13","1","0","1","2","0","2","1","1","0","-2"
"167987","University of Massachusetts-Dartmouth","2020","Second major","'99'","Grand total","Master's degree","8","3","5","0","0","0","0","0","0","0","0","0","1","0","1","0","0","0","0","0","0","1","1","0","0","0","0","6","2","4","-2"
"167996","Stonehill College","2020","First major","'99'","Grand total","Bachelor's degree","645","256","389","0","0","0","11","3","8","27","12","15","25","13","12","0","0","0","554","213","341","13","5","8","11","7","4","4","3","1","-2"
"167996","Stonehill College","2020","First major","'99'","Grand total","Master's degree","13","4","9","0","0","0","0","0","0","0","0","0","1","0","1","0","0","0","8","2","6","0","0","0","4","2","2","0","0","0","-2"
"167996","Stonehill College","2020","Second major","'99'","Grand total","Bachelor's degree","100","12","88","0","0","0","1","0","1","2","0","2","2","0","2","0","0","0","91","11","80","2","0","2","1","0","1","1","1","0","-2"
"168005","Suffolk University","2020","First major","'99'","Grand total","Associate's degree","2","2","0","0","0","0","0","0","0","0","0","0","0","0","0","0","0","0","1","1","0","0","0","0","1","1","0","0","0","0","-2"
"168005","Suffolk University","2020","First major","'99'","Grand total","Bachelor's degree","1129","496","633","0","0","0","90","30","60","59","17","42","135","50","85","0","0","0","535","242","293","25","13","12","35","12","23","250","132","118","-2"
"168005","Suffolk University","2020","First major","'99'","Grand total","Master's degree","514","193","321","0","0","0","31","7","24","43","13","30","36","10","26","0","0","0","221","89","132","9","1","8","7","2","5","167","71","96","-2"
"168005","Suffolk University","2020","First major","'99'","Grand total","Doctor's degree - research/scholarship","14","5","9","0","0","0","2","0","2","0","0","0","2","2","0","0","0","0","6","1","5","1","0","1","0","0","0","3","2","1","-2"
"168005","Suffolk University","2020","First major","'99'","Grand total","Doctor's degree - professional practice","322","142","180","0","0","0","16","4","12","7","5","2","21","9","12","2","1","1","240","109","131","5","1","4","14","5","9","17","8","9","-2"
"168005","Suffolk University","2020","Second major","'99'","Grand total","Bachelor's degree","455","210","245","0","0","0","41","13","28","16","7","9","49","13","36","0","0","0","196","83","113","6","1","5","33","12","21","114","81","33","-2"
"168148","Tufts University","2020","First major","'99'","Grand total","Bachelor's degree","1381","677","704","0","0","0","180","82","98","67","33","34","90","54","36","0","0","0","767","379","388","70","31","39","56","25","31","151","73","78","-2"
"168148","Tufts University","2020","First major","'99'","Grand total","Master's degree","1262","508","754","1","0","1","118","54","64","48","16","32","76","29","47","0","0","0","664","247","417","45","15","30","31","17","14","279","130","149","-2"
"168148","Tufts University","2020","First major","'99'","Grand total","Doctor's degree - research/scholarship","140","66","74","0","0","0","9","5","4","0","0","0","2","1","1","0","0","0","80","38","42","2","0","2","4","1","3","43","21","22","-2"
"168148","Tufts University","2020","First major","'99'","Grand total","Doctor's degree - professional practice","547","223","324","0","0","0","127","49","78","36","11","25","48","17","31","0","0","0","277","118","159","24","10","14","31","15","16","4","3","1","-2"
"168148","Tufts University","2020","Second major","'99'","Grand total","Bachelor's degree","463","201","262","0","0","0","64","29","35","10","5","5","33","17","16","0","0","0","252","105","147","21","9","12","15","4","11","68","32","36","-2"
"168218","Wellesley College","2020","First major","'99'","Grand total","Bachelor's degree","566","0","566","0","0","0","134","0","134","34","0","34","70","0","70","0","0","0","225","0","225","33","0","33","0","0","0","70","0","70","-2"
"168218","Wellesley College","2020","Second major","'99'","Grand total","Bachelor's degree","147","0","147","0","0","0","28","0","28","9","0","9","19","0","19","0","0","0","57","0","57","8","0","8","0","0","0","26","0","26","-2"
"168227","Wentworth Institute of Technology","2020","First major","'99'","Grand total","Associate's degree","12","11","1","0","0","0","0","0","0","1","1","0","2","2","0","0","0","0","7","6","1","0","0","0","2","2","0","0","0","0","-2"
"168227","Wentworth Institute of Technology","2020","First major","'99'","Grand total","Bachelor's degree","903","697","206","3","3","0","74","57","17","33","24","9","62","51","11","0","0","0","571","448","123","13","9","4","62","45","17","85","60","25","-2"
"168227","Wentworth Institute of Technology","2020","First major","'99'","Grand total","Master's degree","97","60","37","0","0","0","10","5","5","1","0","1","10","7","3","0","0","0","71","44","27","1","1","0","1","0","1","3","3","0","-2"
"168254","Western New England University","2020","First major","'99'","Grand total","Associate's degree","1","0","1","0","0","0","0","0","0","0","0","0","0","0","0","0","0","0","1","0","1","0","0","0","0","0","0","0","0","0","-2"
"168254","Western New England University","2020","First major","'99'","Grand total","Bachelor's degree","633","377","256","0","0","0","17","8","9","23","13","10","54","32","22","3","1","2","487","286","201","11","6","5","16","11","5","22","20","2","-2"
"168254","Western New England University","2020","First major","'99'","Grand total","Master's degree","158","74","84","0","0","0","7","1","6","4","1","3","9","3","6","1","0","1","107","50","57","1","1","0","18","9","9","11","9","2","-2"
"168254","Western New England University","2020","First major","'99'","Grand total","Doctor's degree - research/scholarship","9","3","6","0","0","0","1","1","0","0","0","0","0","0","0","0","0","0","4","0","4","0","0","0","3","1","2","1","1","0","-2"
"168254","Western New England University","2020","First major","'99'","Grand total","Doctor's degree - professional practice","155","56","99","1","0","1","13","2","11","15","7","8","14","5","9","0","0","0","98","35","63","0","0","0","11","6","5","3","1","2","-2"
"168263","Westfield State University","2020","First major","'99'","Grand total","Bachelor's degree","1249","521","728","2","1","1","15","5","10","43","19","24","121","47","74","0","0","0","966","399","567","49","19","30","47","26","21","6","5","1","-2"
"168263","Westfield State University","2020","First major","'99'","Grand total","Master's degree","231","55","176","1","0","1","7","3","4","13","2","11","27","5","22","0","0","0","149","37","112","10","3","7","23","5","18","1","0","1","-2"
"168263","Westfield State University","2020","Second major","'99'","Grand total","Bachelor's degree","186","37","149","0","0","0","0","0","0","3","1","2","10","3","7","0","0","0","160","28","132","5","0","5","7","4","3","1","1","0","-2"
"168281","Wheaton College","2020","First major","'99'","Grand total","Bachelor's degree","443","157","286","1","0","1","18","6","12","20","6","14","29","10","19","0","0","0","300","105","195","17","7","10","11","4","7","47","19","28","-2"
"168281","Wheaton College","2020","Second major","'99'","Grand total","Bachelor's degree","124","31","93","0","0","0","4","0","4","2","1","1","9","2","7","0","0","0","81","19","62","5","2","3","5","2","3","18","5","13","-2"
"168342","Williams College","2020","First major","'99'","Grand total","Bachelor's degree","541","270","271","0","0","0","74","34","40","38","22","16","80","31","49","0","0","0","285","148","137","26","13","13","0","0","0","38","22","16","-2"
"168342","Williams College","2020","First major","'99'","Grand total","Master's degree","42","19","23","0","0","0","2","0","2","1","0","1","1","0","1","0","0","0","10","4","6","0","0","0","1","0","1","27","15","12","-2"
"168342","Williams College","2020","Second major","'99'","Grand total","Bachelor's degree","235","108","127","0","0","0","32","11","21","9","6","3","34","11","23","0","0","0","127","62","65","11","5","6","0","0","0","22","13","9","-2"
"168421","Worcester Polytechnic Institute","2020","First major","'99'","Grand total","Bachelor's degree","1043","683","360","3","3","0","48","23","25","28","17","11","94","46","48","0","0","0","678","464","214","26","21","5","73","49","24","93","60","33","-2"
"168421","Worcester Polytechnic Institute","2020","First major","'99'","Grand total","Master's degree","674","469","205","1","0","1","38","27","11","19","14","5","24","16","8","0","0","0","323","226","97","12","7","5","9","9","0","248","170","78","-2"
"168421","Worcester Polytechnic Institute","2020","First major","'99'","Grand total","Doctor's degree - research/scholarship","54","40","14","0","0","0","1","0","1","0","0","0","0","0","0","0","0","0","22","15","7","0","0","0","2","2","0","29","23","6","-2"
"168421","Worcester Polytechnic Institute","2020","Second major","'99'","Grand total","Bachelor's degree","116","75","41","0","0","0","5","2","3","0","0","0","8","6","2","0","0","0","71","42","29","3","3","0","14","9","5","15","13","2","-2"
"168430","Worcester State University","2020","First major","'99'","Grand total","Bachelor's degree","1050","405","645","4","1","3","43","19","24","85","39","46","126","38","88","1","1","0","715","276","439","30","13","17","36","14","22","10","4","6","-2"
"168430","Worcester State University","2020","First major","'99'","Grand total","Master's degree","242","54","188","1","0","1","6","3","3","11","7","4","13","3","10","0","0","0","186","31","155","5","0","5","15","5","10","5","5","0","-2"
"168430","Worcester State University","2020","Second major","'99'","Grand total","Bachelor's degree","86","10","76","0","0","0","4","0","4","2","1","1","10","0","10","0","0","0","65","8","57","3","1","2","2","0","2","0","0","0","-2"
"168528","Adrian College","2020","First major","'99'","Grand total","Associate's degree","27","15","12","0","0","0","0","0","0","2","2","0","2","1","1","0","0","0","18","10","8","2","1","1","3","1","2","0","0","0","-2"
"168528","Adrian College","2020","First major","'99'","Grand total","Bachelor's degree","267","126","141","0","0","0","1","1","0","10","8","2","16","9","7","0","0","0","190","80","110","8","2","6","42","26","16","0","0","0","-2"
"168528","Adrian College","2020","First major","'99'","Grand total","Master's degree","30","12","18","0","0","0","0","0","0","2","0","2","0","0","0","0","0","0","23","11","12","1","0","1","4","1","3","0","0","0","-2"
"168528","Adrian College","2020","Second major","'99'","Grand total","Associate's degree","5","1","4","0","0","0","0","0","0","1","1","0","0","0","0","0","0","0","4","0","4","0","0","0","0","0","0","0","0","0","-2"
"168528","Adrian College","2020","Second major","'99'","Grand total","Bachelor's degree","28","10","18","0","0","0","0","0","0","0","0","0","3","1","2","0","0","0","20","7","13","0","0","0","5","2","3","0","0","0","-2"
"168546","Albion College","2020","First major","'99'","Grand total","Bachelor's degree","291","134","157","1","1","0","6","1","5","27","14","13","19","3","16","0","0","0","204","98","106","6","5","1","18","8","10","10","4","6","-2"
"168546","Albion College","2020","Second major","'99'","Grand total","Bachelor's degree","55","17","38","0","0","0","1","0","1","2","1","1","6","1","5","0","0","0","41","12","29","2","1","1","1","1","0","2","1","1","-2"
"168591","Alma College","2020","First major","'99'","Grand total","Bachelor's degree","302","123","179","2","1","1","3","1","2","10","5","5","12","5","7","0","0","0","228","90","138","10","6","4","33","14","19","4","1","3","-2"
"168591","Alma College","2020","Second major","'99'","Grand total","Bachelor's degree","57","17","40","0","0","0","1","0","1","3","0","3","2","0","2","0","0","0","43","13","30","1","0","1","7","4","3","0","0","0","-2"
"168607","Alpena Community College","2020","First major","'99'","Grand total","Associate's degree","243","113","130","5","2","3","2","1","1","0","0","0","3","3","0","0","0","0","230","105","125","0","0","0","3","2","1","0","0","0","-2"
"168607","Alpena Community College","2020","First major","'99'","Grand total","Bachelor's degree","1","1","0","0","0","0","0","0","0","0","0","0","0","0","0","0","0","0","1","1","0","0","0","0","0","0","0","0","0","0","-2"
"168740","Andrews University","2020","First major","'99'","Grand total","Associate's degree","2","2","0","0","0","0","0","0","0","0","0","0","0","0","0","0","0","0","1","1","0","0","0","0","0","0","0","1","1","0","-2"
"168740","Andrews University","2020","First major","'99'","Grand total","Bachelor's degree","353","146","207","2","0","2","60","31","29","70","27","43","51","18","33","0","0","0","104","42","62","22","9","13","10","1","9","34","18","16","-2"
"168740","Andrews University","2020","First major","'99'","Grand total","Master's degree","327","192","135","2","0","2","24","11","13","82","49","33","77","52","25","1","1","0","71","39","32","2","2","0","16","7","9","52","31","21","-2"
"168740","Andrews University","2020","First major","'99'","Grand total","Doctor's degree - research/scholarship","59","42","17","0","0","0","5","2","3","16","11","5","6","5","1","0","0","0","22","17","5","0","0","0","1","0","1","9","7","2","-2"
"168740","Andrews University","2020","First major","'99'","Grand total","Doctor's degree - other","51","23","28","0","0","0","9","6","3","4","0","4","2","0","2","0","0","0","32","15","17","1","1","0","1","0","1","2","1","1","-2"
"168740","Andrews University","2020","Second major","'99'","Grand total","Bachelor's degree","29","11","18","0","0","0","4","1","3","6","2","4","5","3","2","0","0","0","11","4","7","1","0","1","1","0","1","1","1","0","-2"
"168786","Aquinas College","2020","First major","'99'","Grand total","Associate's degree","5","1","4","0","0","0","0","0","0","0","0","0","0","0","0","0","0","0","4","1","3","0","0","0","1","0","1","0","0","0","-2"
"168786","Aquinas College","2020","First major","'99'","Grand total","Bachelor's degree","314","120","194","1","1","0","4","1","3","13","3","10","23","6","17","0","0","0","225","90","135","9","3","6","30","13","17","9","3","6","-2"
"168786","Aquinas College","2020","First major","'99'","Grand total","Master's degree","40","15","25","0","0","0","0","0","0","0","0","0","2","0","2","0","0","0","33","12","21","0","0","0","3","1","2","2","2","0","-2"
"168786","Aquinas College","2020","Second major","'99'","Grand total","Bachelor's degree","55","14","41","0","0","0","0","0","0","1","1","0","2","0","2","0","0","0","44","11","33","4","1","3","2","1","1","2","0","2","-2"
"168847","Baker College","2020","First major","'99'","Grand total","Associate's degree","845","227","618","5","0","5","15","5","10","71","17","54","41","9","32","1","0","1","666","183","483","35","8","27","11","5","6","0","0","0","-2"
"168847","Baker College","2020","First major","'99'","Grand total","Bachelor's degree","1134","316","818","5","1","4","20","8","12","104","15","89","35","12","23","3","2","1","932","268","664","30","8","22","5","2","3","0","0","0","-2"
"168847","Baker College","2020","First major","'99'","Grand total","Master's degree","109","34","75","2","0","2","0","0","0","19","3","16","2","0","2","0","0","0","81","29","52","4","2","2","1","0","1","0","0","0","-2"
"168847","Baker College","2020","First major","'99'","Grand total","Doctor's degree - research/scholarship","8","2","6","0","0","0","0","0","0","2","1","1","0","0","0","0","0","0","5","1","4","0","0","0","1","0","1","0","0","0","-2"
"168883","Bay de Noc Community College","2020","First major","'99'","Grand total","Associate's degree","285","100","185","7","4","3","3","1","2","4","1","3","5","2","3","0","0","0","250","89","161","12","1","11","4","2","2","0","0","0","-2"
"169080","Calvin University","2020","First major","'99'","Grand total","Associate's degree","19","19","0","0","0","0","0","0","0","3","3","0","4","4","0","0","0","0","10","10","0","2","2","0","0","0","0","0","0","0","-2"
"169080","Calvin University","2020","First major","'99'","Grand total","Bachelor's degree","826","384","442","0","0","0","35","20","15","21","11","10","39","14","25","0","0","0","593","279","314","26","10","16","21","7","14","91","43","48","-2"
"169080","Calvin University","2020","First major","'99'","Grand total","Master's degree","65","11","54","0","0","0","1","0","1","1","0","1","2","1","1","0","0","0","53","9","44","1","0","1","0","0","0","7","1","6","-2"
"169080","Calvin University","2020","Second major","'99'","Grand total","Bachelor's degree","147","51","96","0","0","0","9","5","4","0","0","0","7","1","6","0","0","0","116","41","75","4","1","3","1","0","1","10","3","7","-2"
"169099","Calvin Theological Seminary","2020","First major","'99'","Grand total","Master's degree","59","47","12","0","0","0","6","5","1","1","0","1","2","2","0","0","0","0","22","16","6","0","0","0","12","11","1","16","13","3","-2"
"169099","Calvin Theological Seminary","2020","First major","'99'","Grand total","Doctor's degree - research/scholarship","2","2","0","0","0","0","1","1","0","0","0","0","0","0","0","0","0","0","0","0","0","0","0","0","1","1","0","0","0","0","-2"
"169220","Michigan School of Psychology","2020","First major","'99'","Grand total","Master's degree","62","14","48","0","0","0","4","1","3","14","3","11","1","0","1","0","0","0","41","10","31","2","0","2","0","0","0","0","0","0","-2"
"169220","Michigan School of Psychology","2020","First major","'99'","Grand total","Doctor's degree - professional practice","10","2","8","0","0","0","0","0","0","1","0","1","0","0","0","0","0","0","8","1","7","1","1","0","0","0","0","0","0","0","-2"
"169248","Central Michigan University","2020","First major","'99'","Grand total","Bachelor's degree","3769","1549","2220","32","14","18","42","15","27","265","94","171","161","71","90","0","0","0","2994","1246","1748","138","41","97","49","20","29","88","48","40","-2"
"169248","Central Michigan University","2020","First major","'99'","Grand total","Master's degree","1557","646","911","17","6","11","35","15","20","242","84","158","74","39","35","3","1","2","965","404","561","36","13","23","58","16","42","127","68","59","-2"
"169248","Central Michigan University","2020","First major","'99'","Grand total","Doctor's degree - research/scholarship","80","32","48","0","0","0","0","0","0","10","2","8","2","0","2","0","0","0","53","24","29","3","1","2","4","1","3","8","4","4","-2"
"169248","Central Michigan University","2020","First major","'99'","Grand total","Doctor's degree - professional practice","161","61","100","0","0","0","8","6","2","5","1","4","9","4","5","0","0","0","119","42","77","2","0","2","13","7","6","5","1","4","-2"
"169248","Central Michigan University","2020","Second major","'99'","Grand total","Bachelor's degree","391","172","219","2","2","0","9","5","4","9","3","6","16","5","11","0","0","0","333","147","186","11","2","9","3","3","0","8","5","3","-2"
"169275","Mott Community College","2020","First major","'99'","Grand total","Associate's degree","863","321","542","3","2","1","7","1","6","113","40","73","39","16","23","2","2","0","627","234","393","40","16","24","29","9","20","3","1","2","-2"
"169327","Cleary University","2020","First major","'99'","Grand total","Associate's degree","17","11","6","0","0","0","0","0","0","0","0","0","0","0","0","0","0","0","13","8","5","0","0","0","4","3","1","0","0","0","-2"
"169327","Cleary University","2020","First major","'99'","Grand total","Bachelor's degree","148","80","68","0","0","0","0","0","0","19","10","9","0","0","0","0","0","0","110","61","49","0","0","0","19","9","10","0","0","0","-2"
"169327","Cleary University","2020","First major","'99'","Grand total","Master's degree","58","31","27","0","0","0","0","0","0","4","0","4","0","0","0","0","0","0","34","18","16","0","0","0","20","13","7","0","0","0","-2"
"169363","Concordia University-Ann Arbor","2020","First major","'99'","Grand total","Associate's degree","0","0","0","0","0","0","0","0","0","0","0","0","0","0","0","0","0","0","0","0","0","0","0","0","0","0","0","0","0","0","-2"
"169363","Concordia University-Ann Arbor","2020","First major","'99'","Grand total","Bachelor's degree","168","63","105","0","0","0","1","0","1","11","9","2","12","5","7","1","0","1","123","37","86","7","2","5","3","2","1","10","8","2","-2"
"169363","Concordia University-Ann Arbor","2020","First major","'99'","Grand total","Master's degree","51","14","37","0","0","0","0","0","0","2","1","1","0","0","0","0","0","0","42","12","30","2","1","1","3","0","3","2","0","2","-2"
"169424","Cranbrook Academy of Art","2020","First major","'99'","Grand total","Master's degree","63","22","41","0","0","0","3","1","2","1","0","1","0","0","0","0","0","0","36","16","20","0","0","0","1","0","1","22","5","17","-2"
"169442","College for Creative Studies","2020","First major","'99'","Grand total","Bachelor's degree","264","109","155","0","0","0","15","5","10","15","5","10","8","2","6","0","0","0","162","74","88","8","2","6","36","6","30","20","15","5","-2"
"169442","College for Creative Studies","2020","First major","'99'","Grand total","Master's degree","27","18","9","0","0","0","2","1","1","0","0","0","0","0","0","0","0","0","6","5","1","1","1","0","0","0","0","18","11","7","-2"
"169479","Davenport University","2020","First major","'99'","Grand total","Associate's degree","172","55","117","2","1","1","3","1","2","19","4","15","10","2","8","0","0","0","115","38","77","5","3","2","17","6","11","1","0","1","-2"
"169479","Davenport University","2020","First major","'99'","Grand total","Bachelor's degree","952","419","533","9","3","6","27","13","14","78","25","53","28","15","13","3","1","2","692","312","380","32","17","15","54","23","31","29","10","19","-2"
"169479","Davenport University","2020","First major","'99'","Grand total","Master's degree","424","174","250","1","0","1","31","14","17","72","28","44","24","11","13","0","0","0","223","87","136","12","6","6","41","18","23","20","10","10","-2"
"169521","Delta College","2020","First major","'99'","Grand total","Associate's degree","1485","652","833","5","2","3","14","9","5","81","30","51","79","37","42","0","0","0","1238","534","704","36","19","17","30","20","10","2","1","1","-2"
"169655","MIAT College of Technology","2020","First major","'99'","Grand total","Associate's degree","95","90","5","0","0","0","3","3","0","9","8","1","12","11","1","0","0","0","68","66","2","2","2","0","1","0","1","0","0","0","-2"
"169716","University of Detroit Mercy","2020","First major","'99'","Grand total","Bachelor's degree","632","210","422","4","0","4","35","7","28","63","12","51","32","12","20","2","0","2","385","125","260","12","3","9","36","14","22","63","37","26","-2"
"169716","University of Detroit Mercy","2020","First major","'99'","Grand total","Master's degree","357","164","193","2","1","1","27","8","19","40","12","28","16","5","11","0","0","0","198","90","108","6","3","3","9","4","5","59","41","18","-2"
"169716","University of Detroit Mercy","2020","First major","'99'","Grand total","Doctor's degree - research/scholarship","9","4","5","0","0","0","0","0","0","0","0","0","1","0","1","0","0","0","6","2","4","0","0","0","0","0","0","2","2","0","-2"
"169716","University of Detroit Mercy","2020","First major","'99'","Grand total","Doctor's degree - professional practice","339","150","189","1","0","1","28","9","19","17","2","15","8","3","5","1","0","1","138","69","69","4","2","2","25","14","11","117","51","66","-2"
"169716","University of Detroit Mercy","2020","Second major","'99'","Grand total","Bachelor's degree","13","7","6","0","0","0","0","0","0","1","0","1","1","1","0","0","0","0","10","6","4","0","0","0","0","0","0","1","0","1","-2"
"169798","Eastern Michigan University","2020","First major","'99'","Grand total","Bachelor's degree","3266","1257","2009","1","0","1","104","44","60","484","159","325","189","73","116","2","1","1","2227","879","1348","132","51","81","58","15","43","69","35","34","-2"
"169798","Eastern Michigan University","2020","First major","'99'","Grand total","Master's degree","1058","346","712","4","1","3","72","22","50","100","22","78","63","15","48","0","0","0","680","230","450","24","7","17","15","5","10","100","44","56","-2"
"169798","Eastern Michigan University","2020","First major","'99'","Grand total","Doctor's degree - research/scholarship","42","15","27","0","0","0","0","0","0","11","5","6","0","0","0","0","0","0","30","10","20","0","0","0","0","0","0","1","0","1","-2"
"169798","Eastern Michigan University","2020","Second major","'99'","Grand total","Bachelor's degree","151","51","100","0","0","0","7","2","5","18","6","12","10","6","4","0","0","0","101","34","67","10","3","7","2","0","2","3","0","3","-2"
"169798","Eastern Michigan University","2020","Second major","'99'","Grand total","Master's degree","1","0","1","0","0","0","0","0","0","1","0","1","0","0","0","0","0","0","0","0","0","0","0","0","0","0","0","0","0","0","-2"
"169910","Ferris State University","2020","First major","'99'","Grand total","Associate's degree","729","377","352","5","3","2","6","2","4","43","15","28","30","14","16","0","0","0","611","327","284","25","11","14","5","2","3","4","3","1","-2"
"169910","Ferris State University","2020","First major","'99'","Grand total","Bachelor's degree","2149","1011","1138","12","6","6","32","10","22","141","53","88","97","43","54","2","1","1","1738","833","905","63","28","35","10","7","3","54","30","24","-2"
"169910","Ferris State University","2020","First major","'99'","Grand total","Master's degree","163","49","114","2","0","2","2","1","1","11","4","7","7","4","3","0","0","0","130","35","95","4","0","4","2","1","1","5","4","1","-2"
"169910","Ferris State University","2020","First major","'99'","Grand total","Doctor's degree - research/scholarship","23","4","19","0","0","0","0","0","0","4","1","3","2","1","1","0","0","0","16","2","14","0","0","0","1","0","1","0","0","0","-2"
"169910","Ferris State University","2020","First major","'99'","Grand total","Doctor's degree - professional practice","163","72","91","0","0","0","3","3","0","0","0","0","3","3","0","0","0","0","91","35","56","1","0","1","63","30","33","2","1","1","-2"
"169974","Glen Oaks Community College","2020","First major","'99'","Grand total","Associate's degree","135","51","84","0","0","0","0","0","0","3","1","2","27","9","18","0","0","0","102","40","62","2","1","1","1","0","1","0","0","0","-2"
"169983","Kettering University","2020","First major","'99'","Grand total","Bachelor's degree","443","357","86","0","0","0","16","13","3","11","9","2","26","18","8","0","0","0","327","269","58","7","7","0","29","20","9","27","21","6","-2"
"169983","Kettering University","2020","First major","'99'","Grand total","Master's degree","185","141","44","0","0","0","8","8","0","8","3","5","8","7","1","0","0","0","101","71","30","3","2","1","6","5","1","51","45","6","-2"
"169983","Kettering University","2020","Second major","'99'","Grand total","Bachelor's degree","23","17","6","0","0","0","1","1","0","0","0","0","1","0","1","0","0","0","16","13","3","0","0","0","2","1","1","3","2","1","-2"
"169992","Gogebic Community College","2020","First major","'99'","Grand total","Associate's degree","127","53","74","2","0","2","1","1","0","1","1","0","4","3","1","0","0","0","114","46","68","5","2","3","0","0","0","0","0","0","-2"
"170000","Grace Christian University","2020","First major","'99'","Grand total","Associate's degree","116","44","72","1","1","0","0","0","0","31","9","22","8","3","5","0","0","0","57","24","33","6","3","3","13","4","9","0","0","0","-2"
"170000","Grace Christian University","2020","First major","'99'","Grand total","Bachelor's degree","115","55","60","1","1","0","2","1","1","19","9","10","11","4","7","0","0","0","76","39","37","0","0","0","5","1","4","1","0","1","-2"
"170000","Grace Christian University","2020","First major","'99'","Grand total","Master's degree","26","13","13","0","0","0","0","0","0","7","3","4","1","0","1","0","0","0","14","7","7","0","0","0","4","3","1","0","0","0","-2"
"170037","Cornerstone University","2020","First major","'99'","Grand total","Associate's degree","36","10","26","0","0","0","1","0","1","8","2","6","7","2","5","0","0","0","18","6","12","2","0","2","0","0","0","0","0","0","-2"
"170037","Cornerstone University","2020","First major","'99'","Grand total","Bachelor's degree","379","137","242","0","0","0","9","3","6","37","10","27","14","7","7","0","0","0","305","111","194","6","2","4","0","0","0","8","4","4","-2"
"170037","Cornerstone University","2020","First major","'99'","Grand total","Master's degree","203","87","116","0","0","0","1","0","1","26","11","15","5","3","2","0","0","0","126","50","76","1","0","1","5","4","1","39","19","20","-2"
"170037","Cornerstone University","2020","First major","'99'","Grand total","Doctor's degree - research/scholarship","3","0","3","0","0","0","0","0","0","1","0","1","0","0","0","0","0","0","2","0","2","0","0","0","0","0","0","0","0","0","-2"
"170055","Grand Rapids Community College","2020","First major","'99'","Grand total","Associate's degree","1495","634","861","6","3","3","49","22","27","79","34","45","175","74","101","1","0","1","1075","455","620","43","17","26","61","28","33","6","1","5","-2"
"170082","Grand Valley State University","2020","First major","'99'","Grand total","Bachelor's degree","4554","1807","2747","11","4","7","124","58","66","175","69","106","243","99","144","3","1","2","3777","1473","2304","168","65","103","12","7","5","41","31","10","-2"
"170082","Grand Valley State University","2020","First major","'99'","Grand total","Master's degree","939","267","672","5","0","5","24","4","20","37","12","25","39","14","25","1","1","0","746","199","547","21","4","17","8","3","5","58","30","28","-2"
"170082","Grand Valley State University","2020","First major","'99'","Grand total","Doctor's degree - professional practice","85","27","58","0","0","0","0","0","0","3","1","2","1","0","1","0","0","0","76","24","52","2","0","2","1","1","0","2","1","1","-2"
"170082","Grand Valley State University","2020","Second major","'99'","Grand total","Bachelor's degree","695","280","415","2","0","2","11","6","5","14","7","7","38","13","25","1","1","0","603","241","362","20","7","13","1","0","1","5","5","0","-2"
"170091","Great Lakes Christian College","2020","First major","'99'","Grand total","Associate's degree","6","2","4","0","0","0","0","0","0","0","0","0","1","1","0","0","0","0","5","1","4","0","0","0","0","0","0","0","0","0","-2"
"170091","Great Lakes Christian College","2020","First major","'99'","Grand total","Bachelor's degree","22","11","11","0","0","0","0","0","0","4","3","1","0","0","0","0","0","0","14","7","7","0","0","0","0","0","0","4","1","3","-2"
"170091","Great Lakes Christian College","2020","Second major","'99'","Grand total","Bachelor's degree","7","3","4","0","0","0","0","0","0","3","3","0","0","0","0","0","0","0","2","0","2","0","0","0","0","0","0","2","0","2","-2"
"170240","Henry Ford College","2020","First major","'99'","Grand total","Associate's degree","1265","457","808","4","1","3","40","19","21","171","49","122","32","10","22","1","0","1","768","280","488","37","13","24","196","78","118","16","7","9","-2"
"170240","Henry Ford College","2020","First major","'99'","Grand total","Bachelor's degree","4","1","3","0","0","0","0","0","0","2","0","2","0","0","0","0","0","0","2","1","1","0","0","0","0","0","0","0","0","0","-2"
"170286","Hillsdale College","2020","First major","'99'","Grand total","Bachelor's degree","330","157","173","0","0","0","0","0","0","0","0","0","0","0","0","0","0","0","0","0","0","0","0","0","330","157","173","0","0","0","-2"
"170286","Hillsdale College","2020","First major","'99'","Grand total","Master's degree","17","15","2","0","0","0","0","0","0","0","0","0","0","0","0","0","0","0","0","0","0","0","0","0","17","15","2","0","0","0","-2"
"170286","Hillsdale College","2020","First major","'99'","Grand total","Doctor's degree - research/scholarship","1","1","0","0","0","0","0","0","0","0","0","0","0","0","0","0","0","0","0","0","0","0","0","0","1","1","0","0","0","0","-2"
"170286","Hillsdale College","2020","Second major","'99'","Grand total","Bachelor's degree","55","27","28","0","0","0","0","0","0","0","0","0","0","0","0","0","0","0","0","0","0","0","0","0","55","27","28","0","0","0","-2"
"170301","Hope College","2020","First major","'99'","Grand total","Bachelor's degree","690","273","417","0","0","0","16","6","10","14","6","8","60","17","43","0","0","0","561","233","328","15","4","11","4","1","3","20","6","14","-2"
"170301","Hope College","2020","Second major","'99'","Grand total","Bachelor's degree","126","28","98","0","0","0","3","1","2","3","2","1","8","2","6","0","0","0","106","23","83","2","0","2","0","0","0","4","0","4","-2"
"170444","Jackson College","2020","First major","'99'","Grand total","Associate's degree","535","187","348","2","0","2","4","3","1","32","10","22","26","5","21","0","0","0","401","146","255","18","4","14","49","17","32","3","2","1","-2"
"170444","Jackson College","2020","First major","'99'","Grand total","Bachelor's degree","5","5","0","0","0","0","0","0","0","0","0","0","0","0","0","0","0","0","4","4","0","0","0","0","1","1","0","0","0","0","-2"
"170532","Kalamazoo College","2020","First major","'99'","Grand total","Bachelor's degree","288","123","165","0","0","0","23","6","17","19","8","11","28","8","20","0","0","0","185","86","99","10","3","7","4","3","1","19","9","10","-2"
"170532","Kalamazoo College","2020","Second major","'99'","Grand total","Bachelor's degree","86","31","55","0","0","0","8","2","6","1","0","1","10","1","9","0","0","0","55","23","32","3","0","3","3","2","1","6","3","3","-2"
"170541","Kalamazoo Valley Community College","2020","First major","'99'","Grand total","Associate's degree","1014","415","599","6","2","4","16","8","8","83","28","55","61","25","36","0","0","0","788","337","451","33","7","26","16","6","10","11","2","9","-2"
"170550","Kellogg Community College","2020","First major","'99'","Grand total","Associate's degree","519","144","375","5","1","4","18","6","12","24","9","15","26","8","18","0","0","0","395","101","294","20","4","16","31","15","16","0","0","0","-2"
"170587","Kirtland Community College","2020","First major","'99'","Grand total","Associate's degree","183","51","132","3","1","2","2","0","2","4","1","3","0","0","0","0","0","0","174","49","125","0","0","0","0","0","0","0","0","0","-2"
"170620","Lake Michigan College","2020","First major","'99'","Grand total","Associate's degree","383","116","267","1","0","1","5","3","2","46","9","37","36","10","26","0","0","0","274","87","187","14","3","11","7","4","3","0","0","0","-2"
"170620","Lake Michigan College","2020","First major","'99'","Grand total","Bachelor's degree","1","1","0","0","0","0","0","0","0","0","0","0","1","1","0","0","0","0","0","0","0","0","0","0","0","0","0","0","0","0","-2"
"170639","Lake Superior State University","2020","First major","'99'","Grand total","Associate's degree","159","75","84","11","6","5","0","0","0","0","0","0","6","3","3","0","0","0","139","66","73","0","0","0","1","0","1","2","0","2","-2"
"170639","Lake Superior State University","2020","First major","'99'","Grand total","Bachelor's degree","390","200","190","28","10","18","1","1","0","1","0","1","10","5","5","0","0","0","328","168","160","0","0","0","5","4","1","17","12","5","-2"
"170657","Lansing Community College","2020","First major","'99'","Grand total","Associate's degree","1279","511","768","8","5","3","35","11","24","68","22","46","87","39","48","3","3","0","971","391","580","39","11","28","54","24","30","14","5","9","-2"
"170675","Lawrence Technological University","2020","First major","'99'","Grand total","Associate's degree","8","6","2","0","0","0","0","0","0","4","3","1","1","1","0","0","0","0","3","2","1","0","0","0","0","0","0","0","0","0","-2"
"170675","Lawrence Technological University","2020","First major","'99'","Grand total","Bachelor's degree","379","283","96","1","0","1","12","9","3","15","12","3","11","8","3","0","0","0","250","177","73","7","7","0","12","9","3","71","61","10","-2"
"170675","Lawrence Technological University","2020","First major","'99'","Grand total","Master's degree","246","174","72","0","0","0","9","6","3","12","4","8","6","3","3","0","0","0","107","75","32","1","0","1","7","5","2","104","81","23","-2"
"170675","Lawrence Technological University","2020","First major","'99'","Grand total","Doctor's degree - research/scholarship","2","1","1","0","0","0","0","0","0","0","0","0","0","0","0","0","0","0","1","0","1","0","0","0","1","1","0","0","0","0","-2"
"170790","Macomb Community College","2020","First major","'99'","Grand total","Associate's degree","1487","649","838","6","3","3","76","37","39","128","41","87","48","19","29","0","0","0","1080","486","594","32","14","18","109","43","66","8","6","2","-2"
"170806","Madonna University","2020","First major","'99'","Grand total","Associate's degree","13","7","6","0","0","0","0","0","0","2","1","1","0","0","0","0","0","0","6","3","3","1","1","0","0","0","0","4","2","2","-2"
"170806","Madonna University","2020","First major","'99'","Grand total","Bachelor's degree","574","173","401","0","0","0","15","4","11","48","18","30","23","4","19","2","1","1","340","79","261","9","3","6","19","6","13","118","58","60","-2"
"170806","Madonna University","2020","First major","'99'","Grand total","Master's degree","168","40","128","1","0","1","4","1","3","32","4","28","8","3","5","0","0","0","105","23","82","2","0","2","3","1","2","13","8","5","-2"
"170806","Madonna University","2020","First major","'99'","Grand total","Doctor's degree - research/scholarship","0","0","0","0","0","0","0","0","0","0","0","0","0","0","0","0","0","0","0","0","0","0","0","0","0","0","0","0","0","0","-2"
"170806","Madonna University","2020","First major","'99'","Grand total","Doctor's degree - professional practice","4","1","3","0","0","0","1","1","0","0","0","0","0","0","0","0","0","0","3","0","3","0","0","0","0","0","0","0","0","0","-2"
"170806","Madonna University","2020","Second major","'99'","Grand total","Bachelor's degree","12","2","10","0","0","0","0","0","0","0","0","0","2","0","2","0","0","0","10","2","8","0","0","0","0","0","0","0","0","0","-2"
"170967","Rochester University","2020","First major","'99'","Grand total","Associate's degree","7","2","5","0","0","0","0","0","0","1","0","1","0","0","0","0","0","0","3","0","3","0","0","0","3","2","1","0","0","0","-2"
"170967","Rochester University","2020","First major","'99'","Grand total","Bachelor's degree","195","58","137","0","0","0","1","0","1","23","7","16","1","1","0","0","0","0","158","44","114","4","1","3","4","2","2","4","3","1","-2"
"170967","Rochester University","2020","First major","'99'","Grand total","Master's degree","18","15","3","0","0","0","1","1","0","2","1","1","3","2","1","0","0","0","10","9","1","0","0","0","0","0","0","2","2","0","-2"
"170967","Rochester University","2020","Second major","'99'","Grand total","Bachelor's degree","1","0","1","0","0","0","0","0","0","0","0","0","0","0","0","0","0","0","1","0","1","0","0","0","0","0","0","0","0","0","-2"
"170976","University of Michigan-Ann Arbor","2020","First major","'99'","Grand total","Bachelor's degree","7817","3956","3861","6","4","2","1249","672","577","269","106","163","447","232","215","4","2","2","4594","2226","2368","332","164","168","234","147","87","682","403","279","-2"
"170976","University of Michigan-Ann Arbor","2020","First major","'99'","Grand total","Master's degree","4690","2283","2407","8","4","4","429","222","207","208","75","133","237","100","137","1","1","0","2045","897","1148","91","41","50","163","81","82","1508","862","646","-2"
"170976","University of Michigan-Ann Arbor","2020","First major","'99'","Grand total","Doctor's degree - research/scholarship","876","513","363","0","0","0","55","27","28","24","11","13","65","29","36","0","0","0","358","197","161","17","8","9","44","23","21","313","218","95","-2"
"170976","University of Michigan-Ann Arbor","2020","First major","'99'","Grand total","Doctor's degree - professional practice","750","356","394","2","1","1","109","44","65","36","13","23","40","19","21","0","0","0","473","245","228","33","15","18","18","7","11","39","12","27","-2"
"170976","University of Michigan-Ann Arbor","2020","Second major","'99'","Grand total","Bachelor's degree","898","344","554","0","0","0","119","49","70","17","4","13","38","13","25","1","0","1","529","189","340","42","14","28","28","13","15","124","62","62","-2"
"170976","University of Michigan-Ann Arbor","2020","Second major","'99'","Grand total","Master's degree","1","1","0","0","0","0","0","0","0","0","0","0","0","0","0","0","0","0","1","1","0","0","0","0","0","0","0","0","0","0","-2"
"171100","Michigan State University","2020","First major","'99'","Grand total","Bachelor's degree","9516","4442","5074","14","5","9","485","262","223","583","194","389","408","179","229","9","3","6","6646","3112","3534","285","109","176","62","29","33","1024","549","475","-2"
"171100","Michigan State University","2020","First major","'99'","Grand total","Master's degree","2063","865","1198","11","2","9","75","29","46","124","44","80","96","41","55","2","1","1","1368","536","832","39","19","20","43","26","17","305","167","138","-2"
"171100","Michigan State University","2020","First major","'99'","Grand total","Doctor's degree - research/scholarship","575","302","273","0","0","0","10","3","7","24","5","19","25","16","9","0","0","0","247","132","115","14","4","10","19","10","9","236","132","104","-2"
"171100","Michigan State University","2020","First major","'99'","Grand total","Doctor's degree - professional practice","862","396","466","1","0","1","101","48","53","48","22","26","34","17","17","4","1","3","582","272","310","24","6","18","34","15","19","34","15","19","-2"
"171128","Michigan Technological University","2020","First major","'99'","Grand total","Associate's degree","2","2","0","0","0","0","0","0","0","0","0","0","0","0","0","0","0","0","2","2","0","0","0","0","0","0","0","0","0","0","-2"
"171128","Michigan Technological University","2020","First major","'99'","Grand total","Bachelor's degree","1170","809","361","4","1","3","16","7","9","10","8","2","10","8","2","1","0","1","1043","728","315","32","17","15","23","17","6","31","23","8","-2"
"171128","Michigan Technological University","2020","First major","'99'","Grand total","Master's degree","357","250","107","0","0","0","4","1","3","9","7","2","1","1","0","0","0","0","136","82","54","4","3","1","6","4","2","197","152","45","-2"
"171128","Michigan Technological University","2020","First major","'99'","Grand total","Doctor's degree - research/scholarship","85","59","26","0","0","0","0","0","0","2","1","1","1","0","1","0","0","0","32","23","9","2","0","2","2","1","1","46","34","12","-2"
"171128","Michigan Technological University","2020","Second major","'99'","Grand total","Bachelor's degree","33","26","7","0","0","0","0","0","0","1","1","0","0","0","0","0","0","0","31","25","6","1","0","1","0","0","0","0","0","0","-2"
"171137","University of Michigan-Dearborn","2020","First major","'99'","Grand total","Bachelor's degree","1434","745","689","7","3","4","118","73","45","101","38","63","75","24","51","3","3","0","1039","550","489","30","16","14","36","15","21","25","23","2","-2"
"171137","University of Michigan-Dearborn","2020","First major","'99'","Grand total","Master's degree","756","458","298","2","2","0","41","20","21","40","20","20","23","12","11","0","0","0","363","220","143","12","5","7","14","7","7","261","172","89","-2"
"171137","University of Michigan-Dearborn","2020","First major","'99'","Grand total","Doctor's degree - research/scholarship","13","11","2","0","0","0","0","0","0","1","0","1","0","0","0","0","0","0","5","4","1","0","0","0","0","0","0","7","7","0","-2"
"171137","University of Michigan-Dearborn","2020","Second major","'99'","Grand total","Bachelor's degree","100","48","52","1","0","1","12","6","6","6","4","2","10","3","7","1","1","0","64","33","31","1","0","1","3","0","3","2","1","1","-2"
"171146","University of Michigan-Flint","2020","First major","'99'","Grand total","Bachelor's degree","1066","392","674","6","4","2","20","7","13","114","27","87","49","18","31","1","0","1","771","274","497","34","16","18","25","12","13","46","34","12","-2"
"171146","University of Michigan-Flint","2020","First major","'99'","Grand total","Master's degree","364","127","237","2","0","2","12","7","5","42","6","36","12","5","7","0","0","0","241","87","154","5","2","3","12","3","9","38","17","21","-2"
"171146","University of Michigan-Flint","2020","First major","'99'","Grand total","Doctor's degree - research/scholarship","3","2","1","0","0","0","0","0","0","2","2","0","0","0","0","0","0","0","1","0","1","0","0","0","0","0","0","0","0","0","-2"
"171146","University of Michigan-Flint","2020","First major","'99'","Grand total","Doctor's degree - professional practice","140","41","99","1","0","1","11","3","8","12","1","11","2","1","1","0","0","0","96","28","68","4","2","2","8","4","4","6","2","4","-2"
"171146","University of Michigan-Flint","2020","Second major","'99'","Grand total","Bachelor's degree","31","15","16","0","0","0","1","0","1","1","0","1","2","2","0","0","0","0","19","7","12","2","2","0","0","0","0","6","4","2","-2"
"171146","University of Michigan-Flint","2020","Second major","'99'","Grand total","Master's degree","1","0","1","0","0","0","0","0","0","0","0","0","0","0","0","0","0","0","1","0","1","0","0","0","0","0","0","0","0","0","-2"
"171155","Mid Michigan College","2020","First major","'99'","Grand total","Associate's degree","338","127","211","1","1","0","3","2","1","7","1","6","13","6","7","0","0","0","299","111","188","4","2","2","8","2","6","3","2","1","-2"
"171225","Monroe County Community College","2020","First major","'99'","Grand total","Associate's degree","392","146","246","2","0","2","2","0","2","13","4","9","16","7","9","0","0","0","336","125","211","3","1","2","20","9","11","0","0","0","-2"
"171234","Montcalm Community College","2020","First major","'99'","Grand total","Associate's degree","215","40","175","0","0","0","0","0","0","1","0","1","1","0","1","1","0","1","197","35","162","6","1","5","8","4","4","1","0","1","-2"
"171304","Muskegon Community College","2020","First major","'99'","Grand total","Associate's degree","502","194","308","4","1","3","3","2","1","16","4","12","18","6","12","1","0","1","417","163","254","14","5","9","26","11","15","3","2","1","-2"
"171395","North Central Michigan College","2020","First major","'99'","Grand total","Associate's degree","292","98","194","10","2","8","2","1","1","2","0","2","9","1","8","1","0","1","250","87","163","12","4","8","5","2","3","1","1","0","-2"
"171456","Northern Michigan University","2020","First major","'99'","Grand total","Associate's degree","207","101","106","6","0","6","1","1","0","2","0","2","9","4","5","0","0","0","170","86","84","18","9","9","1","1","0","0","0","0","-2"
"171456","Northern Michigan University","2020","First major","'99'","Grand total","Bachelor's degree","1182","531","651","10","4","6","8","1","7","18","10","8","39","16","23","0","0","0","1019","448","571","53","28","25","12","6","6","23","18","5","-2"
"171456","Northern Michigan University","2020","First major","'99'","Grand total","Master's degree","128","37","91","2","0","2","0","0","0","3","1","2","5","0","5","0","0","0","113","35","78","0","0","0","2","0","2","3","1","2","-2"
"171456","Northern Michigan University","2020","First major","'99'","Grand total","Doctor's degree - professional practice","1","0","1","1","0","1","0","0","0","0","0","0","0","0","0","0","0","0","0","0","0","0","0","0","0","0","0","0","0","0","-2"
"171456","Northern Michigan University","2020","Second major","'99'","Grand total","Bachelor's degree","47","16","31","0","0","0","1","0","1","1","1","0","1","0","1","0","0","0","42","14","28","1","1","0","1","0","1","0","0","0","-2"
"171483","Northwestern Michigan College","2020","First major","'99'","Grand total","Associate's degree","442","169","273","6","1","5","4","2","2","3","3","0","10","6","4","0","0","0","380","141","239","16","7","9","18","6","12","5","3","2","-2"
"171483","Northwestern Michigan College","2020","First major","'99'","Grand total","Bachelor's degree","44","40","4","0","0","0","0","0","0","0","0","0","1","1","0","0","0","0","43","39","4","0","0","0","0","0","0","0","0","0","-2"
"171492","Northwood University","2020","First major","'99'","Grand total","Associate's degree","21","11","10","0","0","0","0","0","0","3","1","2","3","2","1","1","0","1","11","7","4","2","1","1","1","0","1","0","0","0","-2"
"171492","Northwood University","2020","First major","'99'","Grand total","Bachelor's degree","884","509","375","1","0","1","6","1","5","57","31","26","57","31","26","0","0","0","604","336","268","15","7","8","100","65","35","44","38","6","-2"
"171492","Northwood University","2020","First major","'99'","Grand total","Master's degree","179","86","93","1","1","0","0","0","0","26","12","14","7","4","3","0","0","0","108","55","53","3","1","2","26","8","18","8","5","3","-2"
"171492","Northwood University","2020","Second major","'99'","Grand total","Bachelor's degree","47","23","24","0","0","0","0","0","0","4","1","3","3","1","2","0","0","0","34","19","15","0","0","0","4","0","4","2","2","0","-2"
"171535","Oakland Community College","2020","First major","'99'","Grand total","Associate's degree","2354","959","1395","5","2","3","65","26","39","350","119","231","87","27","60","9","5","4","1470","627","843","64","24","40","98","48","50","206","81","125","-2"
"171571","Oakland University","2020","First major","'99'","Grand total","Bachelor's degree","3472","1368","2104","9","4","5","155","62","93","206","55","151","112","47","65","4","1","3","2637","1045","1592","112","38","74","141","60","81","96","56","40","-2"
"171571","Oakland University","2020","First major","'99'","Grand total","Master's degree","869","341","528","5","1","4","26","10","16","60","13","47","25","7","18","1","0","1","567","216","351","12","6","6","28","14","14","145","74","71","-2"
"171571","Oakland University","2020","First major","'99'","Grand total","Doctor's degree - research/scholarship","67","30","37","0","0","0","3","3","0","4","1","3","1","0","1","0","0","0","30","6","24","0","0","0","1","1","0","28","19","9","-2"
"171571","Oakland University","2020","First major","'99'","Grand total","Doctor's degree - professional practice","154","70","84","0","0","0","33","14","19","7","4","3","5","3","2","0","0","0","87","43","44","5","0","5","12","3","9","5","3","2","-2"
"171571","Oakland University","2020","Second major","'99'","Grand total","Bachelor's degree","91","51","40","0","0","0","5","3","2","3","2","1","5","4","1","0","0","0","68","39","29","5","2","3","2","1","1","3","0","3","-2"
"171599","Olivet College","2020","First major","'99'","Grand total","Bachelor's degree","182","91","91","0","0","0","0","0","0","18","11","7","5","3","2","0","0","0","141","70","71","10","3","7","6","3","3","2","1","1","-2"
"171599","Olivet College","2020","First major","'99'","Grand total","Master's degree","13","9","4","0","0","0","0","0","0","2","0","2","2","1","1","0","0","0","9","8","1","0","0","0","0","0","0","0","0","0","-2"
"171599","Olivet College","2020","Second major","'99'","Grand total","Bachelor's degree","11","2","9","0","0","0","0","0","0","0","0","0","1","1","0","0","0","0","10","1","9","0","0","0","0","0","0","0","0","0","-2"
"171881","Kuyper College","2020","First major","'99'","Grand total","Associate's degree","2","1","1","0","0","0","0","0","0","0","0","0","0","0","0","0","0","0","2","1","1","0","0","0","0","0","0","0","0","0","-2"
"171881","Kuyper College","2020","First major","'99'","Grand total","Bachelor's degree","42","20","22","1","0","1","2","2","0","2","1","1","0","0","0","0","0","0","31","12","19","0","0","0","3","3","0","3","2","1","-2"
"171881","Kuyper College","2020","First major","'99'","Grand total","Master's degree","0","0","0","0","0","0","0","0","0","0","0","0","0","0","0","0","0","0","0","0","0","0","0","0","0","0","0","0","0","0","-2"
"171881","Kuyper College","2020","Second major","'99'","Grand total","Bachelor's degree","27","16","11","0","0","0","2","2","0","1","1","0","0","0","0","0","0","0","20","10","10","0","0","0","3","3","0","1","0","1","-2"
"172033","Sacred Heart Major Seminary","2020","First major","'99'","Grand total","Associate's degree","1","0","1","0","0","0","0","0","0","0","0","0","0","0","0","0","0","0","1","0","1","0","0","0","0","0","0","0","0","0","-2"
"172033","Sacred Heart Major Seminary","2020","First major","'99'","Grand total","Bachelor's degree","21","20","1","0","0","0","1","1","0","0","0","0","0","0","0","0","0","0","16","15","1","1","1","0","1","1","0","2","2","0","-2"
"172033","Sacred Heart Major Seminary","2020","First major","'99'","Grand total","Master's degree","20","17","3","0","0","0","0","0","0","0","0","0","0","0","0","0","0","0","15","12","3","3","3","0","0","0","0","2","2","0","-2"
"172051","Saginaw Valley State University","2020","First major","'99'","Grand total","Bachelor's degree","1420","560","860","4","1","3","11","1","10","89","38","51","49","21","28","0","0","0","1092","388","704","28","13","15","47","23","24","100","75","25","-2"
"172051","Saginaw Valley State University","2020","First major","'99'","Grand total","Master's degree","258","42","216","0","0","0","4","2","2","14","2","12","13","3","10","0","0","0","194","23","171","8","1","7","7","0","7","18","11","7","-2"
"172051","Saginaw Valley State University","2020","First major","'99'","Grand total","Doctor's degree - professional practice","4","0","4","0","0","0","0","0","0","0","0","0","0","0","0","0","0","0","4","0","4","0","0","0","0","0","0","0","0","0","-2"
"172051","Saginaw Valley State University","2020","Second major","'99'","Grand total","Bachelor's degree","112","30","82","0","0","0","0","0","0","2","2","0","4","1","3","0","0","0","93","19","74","1","0","1","5","2","3","7","6","1","-2"
"172200","Schoolcraft College","2020","First major","'99'","Grand total","Associate's degree","1134","483","651","8","4","4","53","22","31","111","30","81","54","20","34","2","0","2","781","372","409","36","9","27","70","17","53","19","9","10","-2"
"172200","Schoolcraft College","2020","First major","'99'","Grand total","Bachelor's degree","2","1","1","0","0","0","0","0","0","1","1","0","0","0","0","0","0","0","1","0","1","0","0","0","0","0","0","0","0","0","-2"
"172264","Siena Heights University","2020","First major","'99'","Grand total","Associate's degree","9","2","7","0","0","0","0","0","0","1","0","1","0","0","0","0","0","0","5","1","4","0","0","0","3","1","2","0","0","0","-2"
"172264","Siena Heights University","2020","First major","'99'","Grand total","Bachelor's degree","697","302","395","4","3","1","10","7","3","46","21","25","51","26","25","1","0","1","438","186","252","12","4","8","133","55","78","2","0","2","-2"
"172264","Siena Heights University","2020","First major","'99'","Grand total","Master's degree","121","41","80","0","0","0","2","1","1","22","10","12","5","2","3","0","0","0","72","22","50","5","2","3","15","4","11","0","0","0","-2"
"172291","St Clair County Community College","2020","First major","'99'","Grand total","Associate's degree","818","297","521","8","3","5","6","2","4","17","6","11","20","8","12","0","0","0","662","235","427","13","6","7","88","37","51","4","0","4","-2"
"172307","Southwestern Michigan College","2020","First major","'99'","Grand total","Associate's degree","296","108","188","3","1","2","6","3","3","19","7","12","13","5","8","2","2","0","235","83","152","7","3","4","11","4","7","0","0","0","-2"
"172334","Spring Arbor University","2020","First major","'99'","Grand total","Associate's degree","9","6","3","0","0","0","0","0","0","3","0","3","0","0","0","0","0","0","6","6","0","0","0","0","0","0","0","0","0","0","-2"
"172334","Spring Arbor University","2020","First major","'99'","Grand total","Bachelor's degree","435","128","307","4","0","4","5","1","4","45","16","29","21","6","15","0","0","0","326","91","235","11","6","5","21","7","14","2","1","1","-2"
"172334","Spring Arbor University","2020","First major","'99'","Grand total","Master's degree","451","67","384","2","0","2","2","0","2","41","5","36","31","9","22","1","0","1","317","45","272","7","2","5","50","6","44","0","0","0","-2"
"172334","Spring Arbor University","2020","Second major","'99'","Grand total","Bachelor's degree","11","6","5","0","0","0","0","0","0","0","0","0","0","0","0","0","0","0","9","4","5","0","0","0","1","1","0","1","1","0","-2"
"172334","Spring Arbor University","2020","Second major","'99'","Grand total","Master's degree","15","2","13","0","0","0","0","0","0","1","0","1","0","0","0","1","0","1","10","1","9","1","1","0","2","0","2","0","0","0","-2"
"172440","Finlandia University","2020","First major","'99'","Grand total","Associate's degree","22","7","15","1","0","1","0","0","0","0","0","0","1","0","1","0","0","0","17","7","10","0","0","0","3","0","3","0","0","0","-2"
"172440","Finlandia University","2020","First major","'99'","Grand total","Bachelor's degree","59","20","39","0","0","0","0","0","0","5","3","2","4","1","3","1","1","0","38","11","27","4","3","1","7","1","6","0","0","0","-2"
"172477","Western Michigan University-Thomas M. Cooley Law School","2020","First major","'99'","Grand total","Master's degree","20","8","12","0","0","0","1","1","0","1","0","1","3","1","2","0","0","0","9","4","5","3","1","2","2","0","2","1","1","0","-2"
"172477","Western Michigan University-Thomas M. Cooley Law School","2020","First major","'99'","Grand total","Doctor's degree - professional practice","319","145","174","1","1","0","7","2","5","77","24","53","20","9","11","1","0","1","151","82","69","46","21","25","11","3","8","5","3","2","-2"
"172608","Walsh College","2020","First major","'99'","Grand total","Bachelor's degree","283","131","152","1","0","1","19","12","7","8","4","4","7","2","5","0","0","0","235","104","131","1","1","0","6","3","3","6","5","1","-2"
"172608","Walsh College","2020","First major","'99'","Grand total","Master's degree","379","181","198","1","0","1","24","9","15","38","8","30","11","5","6","2","0","2","269","141","128","7","5","2","8","5","3","19","8","11","-2"
"172608","Walsh College","2020","First major","'99'","Grand total","Doctor's degree - research/scholarship","0","0","0","0","0","0","0","0","0","0","0","0","0","0","0","0","0","0","0","0","0","0","0","0","0","0","0","0","0","0","-2"
"172617","Washtenaw Community College","2020","First major","'99'","Grand total","Associate's degree","1459","654","805","11","5","6","50","25","25","156","58","98","80","36","44","0","0","0","1044","480","564","69","23","46","25","15","10","24","12","12","-2"
"172635","Wayne County Community College District","2020","First major","'99'","Grand total","Associate's degree","926","274","652","1","1","0","8","2","6","650","194","456","15","5","10","2","1","1","195","56","139","51","14","37","4","1","3","0","0","0","-2"
"172644","Wayne State University","2020","First major","'99'","Grand total","Bachelor's degree","3617","1530","2087","11","2","9","341","170","171","483","145","338","160","74","86","3","1","2","2303","1011","1292","143","53","90","98","38","60","75","36","39","-2"
"172644","Wayne State University","2020","First major","'99'","Grand total","Master's degree","2124","797","1327","5","0","5","119","48","71","320","80","240","68","32","36","0","0","0","1228","438","790","67","22","45","30","10","20","287","167","120","-2"
"172644","Wayne State University","2020","First major","'99'","Grand total","Doctor's degree - research/scholarship","222","113","109","0","0","0","20","9","11","23","10","13","4","0","4","0","0","0","100","48","52","5","2","3","3","1","2","67","43","24","-2"
"172644","Wayne State University","2020","First major","'99'","Grand total","Doctor's degree - professional practice","578","288","290","6","3","3","71","32","39","42","13","29","22","11","11","1","0","1","356","181","175","5","4","1","54","34","20","21","10","11","-2"
"172644","Wayne State University","2020","Second major","'99'","Grand total","Bachelor's degree","145","66","79","1","0","1","21","8","13","14","5","9","6","4","2","0","0","0","87","45","42","8","4","4","6","0","6","2","0","2","-2"
"172644","Wayne State University","2020","Second major","'99'","Grand total","Master's degree","6","1","5","0","0","0","0","0","0","2","0","2","0","0","0","0","0","0","3","1","2","1","0","1","0","0","0","0","0","0","-2"
"172644","Wayne State University","2020","Second major","'99'","Grand total","Doctor's degree - research/scholarship","2","0","2","0","0","0","0","0","0","0","0","0","1","0","1","0","0","0","1","0","1","0","0","0","0","0","0","0","0","0","-2"
"172671","West Shore Community College","2020","First major","'99'","Grand total","Associate's degree","142","42","100","1","0","1","0","0","0","4","1","3","10","4","6","0","0","0","116","32","84","6","1","5","3","3","0","2","1","1","-2"
"172699","Western Michigan University","2020","First major","'99'","Grand total","Bachelor's degree","3564","1730","1834","22","13","9","71","28","43","321","113","208","211","102","109","1","1","0","2566","1248","1318","116","51","65","33","19","14","223","155","68","-2"
"172699","Western Michigan University","2020","First major","'99'","Grand total","Master's degree","1223","472","751","4","2","2","24","8","16","74","20","54","46","20","26","0","0","0","785","241","544","30","13","17","5","2","3","255","166","89","-2"
"172699","Western Michigan University","2020","First major","'99'","Grand total","Doctor's degree - research/scholarship","142","58","84","1","0","1","2","0","2","6","1","5","5","1","4","0","0","0","64","24","40","0","0","0","2","2","0","62","30","32","-2"
"172699","Western Michigan University","2020","First major","'99'","Grand total","Doctor's degree - professional practice","6","1","5","0","0","0","0","0","0","0","0","0","0","0","0","0","0","0","6","1","5","0","0","0","0","0","0","0","0","0","-2"
"172699","Western Michigan University","2020","Second major","'99'","Grand total","Bachelor's degree","211","87","124","2","2","0","3","1","2","17","8","9","12","6","6","0","0","0","160","63","97","8","2","6","0","0","0","9","5","4","-2"
"172705","Western Theological Seminary","2020","First major","'99'","Grand total","Master's degree","19","7","12","0","0","0","0","0","0","2","0","2","1","0","1","0","0","0","11","4","7","0","0","0","0","0","0","5","3","2","-2"
"172705","Western Theological Seminary","2020","First major","'99'","Grand total","Doctor's degree - professional practice","12","9","3","0","0","0","0","0","0","1","1","0","1","1","0","0","0","0","10","7","3","0","0","0","0","0","0","0","0","0","-2"
"172866","Academy College","2020","First major","'99'","Grand total","Associate's degree","4","2","2","0","0","0","1","1","0","2","1","1","0","0","0","0","0","0","1","0","1","0","0","0","0","0","0","0","0","0","-2"
"172866","Academy College","2020","First major","'99'","Grand total","Bachelor's degree","10","9","1","0","0","0","2","2","0","0","0","0","0","0","0","0","0","0","7","7","0","0","0","0","1","0","1","0","0","0","-2"
"172918","Alexandria Technical & Community College","2020","First major","'99'","Grand total","Associate's degree","408","204","204","0","0","0","1","1","0","5","3","2","17","10","7","0","0","0","375","186","189","10","4","6","0","0","0","0","0","0","-2"
"172918","Alexandria Technical & Community College","2020","Second major","'99'","Grand total","Associate's degree","6","0","6","0","0","0","0","0","0","0","0","0","0","0","0","0","0","0","5","0","5","1","0","1","0","0","0","0","0","0","-2"
"172954","Anoka Technical College","2020","First major","'99'","Grand total","Associate's degree","184","84","100","1","0","1","10","3","7","12","6","6","14","6","8","0","0","0","139","64","75","5","4","1","3","1","2","0","0","0","-2"
"172954","Anoka Technical College","2020","Second major","'99'","Grand total","Associate's degree","4","1","3","0","0","0","0","0","0","1","1","0","0","0","0","0","0","0","3","0","3","0","0","0","0","0","0","0","0","0","-2"
"172963","Anoka-Ramsey Community College","2020","First major","'99'","Grand total","Associate's degree","1042","343","699","1","1","0","42","16","26","42","14","28","49","17","32","2","0","2","845","278","567","44","11","33","13","3","10","4","3","1","-2"
"172963","Anoka-Ramsey Community College","2020","Second major","'99'","Grand total","Associate's degree","13","7","6","0","0","0","0","0","0","0","0","0","1","1","0","0","0","0","10","6","4","2","0","2","0","0","0","0","0","0","-2"
"173045","Augsburg University","2020","First major","'99'","Grand total","Bachelor's degree","595","256","339","3","2","1","49","17","32","89","38","51","53","24","29","0","0","0","280","126","154","24","11","13","78","33","45","19","5","14","-2"
"173045","Augsburg University","2020","First major","'99'","Grand total","Master's degree","319","102","217","4","1","3","24","5","19","29","13","16","16","7","9","0","0","0","203","68","135","10","1","9","32","7","25","1","0","1","-2"
"173045","Augsburg University","2020","First major","'99'","Grand total","Doctor's degree - professional practice","25","1","24","0","0","0","2","1","1","3","0","3","0","0","0","0","0","0","12","0","12","1","0","1","7","0","7","0","0","0","-2"
"173045","Augsburg University","2020","Second major","'99'","Grand total","Bachelor's degree","68","35","33","1","0","1","4","2","2","8","4","4","9","4","5","0","0","0","33","19","14","3","1","2","6","4","2","4","1","3","-2"
"173063","Riverland Community College","2020","First major","'99'","Grand total","Associate's degree","348","107","241","0","0","0","7","4","3","21","7","14","33","9","24","0","0","0","274","80","194","7","2","5","0","0","0","6","5","1","-2"
"173063","Riverland Community College","2020","Second major","'99'","Grand total","Associate's degree","6","3","3","0","0","0","0","0","0","0","0","0","1","1","0","0","0","0","5","2","3","0","0","0","0","0","0","0","0","0","-2"
"173115","Northwest Technical College","2020","First major","'99'","Grand total","Associate's degree","110","26","84","4","0","4","0","0","0","2","1","1","0","0","0","0","0","0","98","24","74","4","1","3","2","0","2","0","0","0","-2"
"173115","Northwest Technical College","2020","Second major","'99'","Grand total","Associate's degree","2","0","2","0","0","0","0","0","0","0","0","0","0","0","0","0","0","0","2","0","2","0","0","0","0","0","0","0","0","0","-2"
"173124","Bemidji State University","2020","First major","'99'","Grand total","Associate's degree","21","6","15","0","0","0","0","0","0","0","0","0","1","0","1","0","0","0","17","4","13","1","1","0","2","1","1","0","0","0","-2"
"173124","Bemidji State University","2020","First major","'99'","Grand total","Bachelor's degree","948","338","610","22","4","18","10","2","8","21","11","10","30","9","21","0","0","0","803","283","520","24","8","16","8","5","3","30","16","14","-2"
"173124","Bemidji State University","2020","First major","'99'","Grand total","Master's degree","59","17","42","0","0","0","0","0","0","1","0","1","1","0","1","0","0","0","54","15","39","3","2","1","0","0","0","0","0","0","-2"
"173124","Bemidji State University","2020","Second major","'99'","Grand total","Bachelor's degree","31","16","15","0","0","0","0","0","0","0","0","0","1","1","0","0","0","0","26","14","12","4","1","3","0","0","0","0","0","0","-2"
"173142","Bethany Lutheran College","2020","First major","'99'","Grand total","Bachelor's degree","98","46","52","0","0","0","2","1","1","2","2","0","2","2","0","0","0","0","82","38","44","1","0","1","2","0","2","7","3","4","-2"
"173142","Bethany Lutheran College","2020","Second major","'99'","Grand total","Bachelor's degree","8","2","6","0","0","0","0","0","0","0","0","0","1","1","0","0","0","0","6","1","5","0","0","0","0","0","0","1","0","1","-2"
"173160","Bethel University","2020","First major","'99'","Grand total","Associate's degree","12","3","9","0","0","0","1","0","1","4","2","2","1","0","1","0","0","0","4","1","3","1","0","1","1","0","1","0","0","0","-2"
"173160","Bethel University","2020","First major","'99'","Grand total","Bachelor's degree","697","246","451","1","0","1","33","5","28","25","5","20","20","9","11","0","0","0","543","205","338","25","9","16","47","12","35","3","1","2","-2"
"173160","Bethel University","2020","First major","'99'","Grand total","Master's degree","318","99","219","2","0","2","11","4","7","15","4","11","13","5","8","0","0","0","216","69","147","8","3","5","51","13","38","2","1","1","-2"
"173160","Bethel University","2020","First major","'99'","Grand total","Doctor's degree - research/scholarship","21","8","13","0","0","0","1","1","0","1","1","0","2","0","2","0","0","0","14","5","9","1","0","1","1","1","0","1","0","1","-2"
"173160","Bethel University","2020","First major","'99'","Grand total","Doctor's degree - professional practice","13","11","2","0","0","0","1","1","0","4","2","2","1","1","0","0","0","0","4","4","0","0","0","0","1","1","0","2","2","0","-2"
"173160","Bethel University","2020","Second major","'99'","Grand total","Associate's degree","1","0","1","0","0","0","0","0","0","0","0","0","0","0","0","0","0","0","1","0","1","0","0","0","0","0","0","0","0","0","-2"
"173160","Bethel University","2020","Second major","'99'","Grand total","Bachelor's degree","87","48","39","0","0","0","1","0","1","0","0","0","3","2","1","0","0","0","80","46","34","1","0","1","1","0","1","1","0","1","-2"
"173160","Bethel University","2020","Second major","'99'","Grand total","Master's degree","3","1","2","0","0","0","0","0","0","1","1","0","0","0","0","0","0","0","2","0","2","0","0","0","0","0","0","0","0","0","-2"
"173203","Central Lakes College-Brainerd","2020","First major","'99'","Grand total","Associate's degree","484","145","339","4","0","4","4","1","3","5","1","4","8","2","6","0","0","0","440","135","305","21","5","16","1","1","0","1","0","1","-2"
"173203","Central Lakes College-Brainerd","2020","Second major","'99'","Grand total","Associate's degree","8","1","7","1","0","1","0","0","0","0","0","0","0","0","0","0","0","0","5","1","4","1","0","1","0","0","0","1","0","1","-2"
"173258","Carleton College","2020","First major","'99'","Grand total","Bachelor's degree","534","276","258","0","0","0","41","25","16","28","10","18","45","24","21","0","0","0","319","165","154","42","21","21","9","5","4","50","26","24","-2"
"173258","Carleton College","2020","Second major","'99'","Grand total","Bachelor's degree","80","51","29","0","0","0","7","5","2","2","1","1","4","3","1","0","0","0","49","35","14","6","2","4","1","0","1","11","5","6","-2"
"173300","Concordia College at Moorhead","2020","First major","'99'","Grand total","Bachelor's degree","422","181","241","3","2","1","3","1","2","3","1","2","11","8","3","0","0","0","370","155","215","10","5","5","11","3","8","11","6","5","-2"
"173300","Concordia College at Moorhead","2020","First major","'99'","Grand total","Master's degree","17","2","15","0","0","0","1","1","0","0","0","0","0","0","0","0","0","0","15","1","14","0","0","0","1","0","1","0","0","0","-2"
"173300","Concordia College at Moorhead","2020","Second major","'99'","Grand total","Bachelor's degree","86","29","57","0","0","0","1","0","1","1","0","1","0","0","0","0","0","0","80","26","54","1","1","0","1","1","0","2","1","1","-2"
"173328","Concordia University-Saint Paul","2020","First major","'99'","Grand total","Associate's degree","11","3","8","0","0","0","1","0","1","2","1","1","2","1","1","0","0","0","5","1","4","1","0","1","0","0","0","0","0","0","-2"
"173328","Concordia University-Saint Paul","2020","First major","'99'","Grand total","Bachelor's degree","785","301","484","2","0","2","54","15","39","62","32","30","33","12","21","2","1","1","524","173","351","26","9","17","29","15","14","53","44","9","-2"
"173328","Concordia University-Saint Paul","2020","First major","'99'","Grand total","Master's degree","781","217","564","5","2","3","37","6","31","53","23","30","24","6","18","1","1","0","578","141","437","20","7","13","18","10","8","45","21","24","-2"
"173328","Concordia University-Saint Paul","2020","First major","'99'","Grand total","Doctor's degree - research/scholarship","8","4","4","0","0","0","1","0","1","0","0","0","0","0","0","0","0","0","7","4","3","0","0","0","0","0","0","0","0","0","-2"
"173328","Concordia University-Saint Paul","2020","First major","'99'","Grand total","Doctor's degree - professional practice","29","10","19","0","0","0","1","1","0","0","0","0","0","0","0","0","0","0","28","9","19","0","0","0","0","0","0","0","0","0","-2"
"173328","Concordia University-Saint Paul","2020","Second major","'99'","Grand total","Bachelor's degree","10","3","7","0","0","0","0","0","0","1","1","0","0","0","0","0","0","0","9","2","7","0","0","0","0","0","0","0","0","0","-2"
"173416","Dakota County Technical College","2020","First major","'99'","Grand total","Associate's degree","381","240","141","0","0","0","12","6","6","19","14","5","29","23","6","0","0","0","304","186","118","10","8","2","5","2","3","2","1","1","-2"
"173416","Dakota County Technical College","2020","Second major","'99'","Grand total","Associate's degree","5","3","2","0","0","0","0","0","0","0","0","0","0","0","0","0","0","0","5","3","2","0","0","0","0","0","0","0","0","0","-2"
"173452","Martin Luther College","2020","First major","'99'","Grand total","Bachelor's degree","157","74","83","0","0","0","0","0","0","1","1","0","4","1","3","0","0","0","147","69","78","0","0","0","0","0","0","5","3","2","-2"
"173452","Martin Luther College","2020","First major","'99'","Grand total","Master's degree","27","23","4","0","0","0","0","0","0","0","0","0","0","0","0","0","0","0","26","22","4","0","0","0","0","0","0","1","1","0","-2"
"173452","Martin Luther College","2020","Second major","'99'","Grand total","Bachelor's degree","28","8","20","0","0","0","0","0","0","0","0","0","0","0","0","0","0","0","26","7","19","0","0","0","0","0","0","2","1","1","-2"
"173461","Lake Superior College","2020","First major","'99'","Grand total","Associate's degree","620","226","394","6","3","3","8","4","4","12","7","5","16","8","8","0","0","0","531","184","347","25","8","17","11","2","9","11","10","1","-2"
"173461","Lake Superior College","2020","Second major","'99'","Grand total","Associate's degree","1","0","1","0","0","0","0","0","0","0","0","0","0","0","0","0","0","0","1","0","1","0","0","0","0","0","0","0","0","0","-2"
"173559","Minnesota State Community and Technical College","2020","First major","'99'","Grand total","Associate's degree","755","290","465","5","2","3","14","8","6","58","27","31","29","9","20","0","0","0","618","232","386","22","6","16","3","1","2","6","5","1","-2"
"173559","Minnesota State Community and Technical College","2020","Second major","'99'","Grand total","Associate's degree","6","1","5","0","0","0","0","0","0","0","0","0","0","0","0","0","0","0","6","1","5","0","0","0","0","0","0","0","0","0","-2"
"173638","Minnesota West Community and Technical College","2020","First major","'99'","Grand total","Associate's degree","271","105","166","0","0","0","13","4","9","44","22","22","26","12","14","0","0","0","181","64","117","4","3","1","0","0","0","3","0","3","-2"
"173638","Minnesota West Community and Technical College","2020","Second major","'99'","Grand total","Associate's degree","6","5","1","0","0","0","0","0","0","0","0","0","0","0","0","0","0","0","5","4","1","1","1","0","0","0","0","0","0","0","-2"
"173647","Gustavus Adolphus College","2020","First major","'99'","Grand total","Bachelor's degree","539","225","314","0","0","0","38","11","27","18","5","13","32","14","18","0","0","0","423","183","240","23","9","14","5","3","2","0","0","0","-2"
"173665","Hamline University","2020","First major","'99'","Grand total","Bachelor's degree","483","174","309","0","0","0","40","13","27","33","10","23","45","19","26","0","0","0","330","120","210","24","10","14","6","2","4","5","0","5","-2"
"173665","Hamline University","2020","First major","'99'","Grand total","Master's degree","371","117","254","3","1","2","16","2","14","22","11","11","17","5","12","0","0","0","211","62","149","11","4","7","78","28","50","13","4","9","-2"
"173665","Hamline University","2020","First major","'99'","Grand total","Doctor's degree - research/scholarship","11","2","9","1","1","0","0","0","0","0","0","0","0","0","0","0","0","0","7","0","7","0","0","0","3","1","2","0","0","0","-2"
"173665","Hamline University","2020","Second major","'99'","Grand total","Bachelor's degree","100","28","72","0","0","0","7","3","4","6","2","4","9","1","8","0","0","0","74","22","52","4","0","4","0","0","0","0","0","0","-2"
"173665","Hamline University","2020","Second major","'99'","Grand total","Master's degree","2","1","1","0","0","0","0","0","0","0","0","0","0","0","0","0","0","0","1","1","0","0","0","0","1","0","1","0","0","0","-2"
"173683","Hazelden Betty Ford Graduate School of Addiction Studies","2020","First major","'99'","Grand total","Master's degree","49","11","38","0","0","0","0","0","0","1","0","1","0","0","0","0","0","0","45","10","35","1","0","1","0","0","0","2","1","1","-2"
"173708","Hennepin Technical College","2020","First major","'99'","Grand total","Associate's degree","481","317","164","1","1","0","70","53","17","61","30","31","25","12","13","0","0","0","301","205","96","15","10","5","5","5","0","3","1","2","-2"
"173708","Hennepin Technical College","2020","Second major","'99'","Grand total","Associate's degree","18","16","2","0","0","0","2","2","0","0","0","0","2","1","1","0","0","0","14","13","1","0","0","0","0","0","0","0","0","0","-2"
"173735","Hibbing Community College","2020","First major","'99'","Grand total","Associate's degree","199","63","136","5","1","4","1","1","0","19","10","9","7","3","4","0","0","0","157","46","111","8","2","6","0","0","0","2","0","2","-2"
"173799","Inver Hills Community College","2020","First major","'99'","Grand total","Associate's degree","577","222","355","7","3","4","34","15","19","49","23","26","52","24","28","0","0","0","403","141","262","21","11","10","4","2","2","7","3","4","-2"
"173799","Inver Hills Community College","2020","Second major","'99'","Grand total","Associate's degree","5","2","3","0","0","0","0","0","0","0","0","0","2","1","1","0","0","0","3","1","2","0","0","0","0","0","0","0","0","0","-2"
"173805","Itasca Community College","2020","First major","'99'","Grand total","Associate's degree","187","83","104","1","0","1","0","0","0","7","6","1","1","1","0","1","1","0","161","68","93","11","5","6","1","0","1","4","2","2","-2"
"173805","Itasca Community College","2020","Second major","'99'","Grand total","Associate's degree","2","0","2","0","0","0","0","0","0","0","0","0","0","0","0","0","0","0","2","0","2","0","0","0","0","0","0","0","0","0","-2"
"173896","Luther Seminary","2020","First major","'99'","Grand total","Master's degree","80","34","46","0","0","0","0","0","0","7","3","4","1","1","0","0","0","0","62","21","41","2","2","0","1","1","0","7","6","1","-2"
"173896","Luther Seminary","2020","First major","'99'","Grand total","Doctor's degree - research/scholarship","0","0","0","0","0","0","0","0","0","0","0","0","0","0","0","0","0","0","0","0","0","0","0","0","0","0","0","0","0","0","-2"
"173896","Luther Seminary","2020","First major","'99'","Grand total","Doctor's degree - professional practice","18","10","8","0","0","0","0","0","0","2","2","0","0","0","0","0","0","0","11","5","6","0","0","0","2","1","1","3","2","1","-2"
"173902","Macalester College","2020","First major","'99'","Grand total","Bachelor's degree","459","197","262","0","0","0","33","14","19","16","7","9","32","12","20","1","1","0","283","127","156","23","4","19","2","0","2","69","32","37","-2"
"173902","Macalester College","2020","Second major","'99'","Grand total","Bachelor's degree","146","62","84","0","0","0","6","3","3","5","1","4","12","3","9","0","0","0","84","36","48","7","2","5","1","0","1","31","17","14","-2"
"173911","South Central College","2020","First major","'99'","Grand total","Associate's degree","399","195","204","1","1","0","6","2","4","46","19","27","28","12","16","0","0","0","295","146","149","18","11","7","2","1","1","3","3","0","-2"
"173911","South Central College","2020","Second major","'99'","Grand total","Associate's degree","1","1","0","0","0","0","0","0","0","0","0","0","0","0","0","0","0","0","1","1","0","0","0","0","0","0","0","0","0","0","-2"
"173920","Minnesota State University-Mankato","2020","First major","'99'","Grand total","Associate's degree","65","24","41","0","0","0","3","1","2","4","2","2","3","2","1","0","0","0","49","17","32","4","2","2","1","0","1","1","0","1","-2"
"173920","Minnesota State University-Mankato","2020","First major","'99'","Grand total","Bachelor's degree","2390","1089","1301","6","1","5","79","30","49","102","53","49","109","49","60","2","1","1","1816","798","1018","60","23","37","21","10","11","195","124","71","-2"
"173920","Minnesota State University-Mankato","2020","First major","'99'","Grand total","Master's degree","586","208","378","5","4","1","18","13","5","18","11","7","11","4","7","0","0","0","412","121","291","13","4","9","48","14","34","61","37","24","-2"
"173920","Minnesota State University-Mankato","2020","First major","'99'","Grand total","Doctor's degree - research/scholarship","13","5","8","0","0","0","1","1","0","0","0","0","0","0","0","0","0","0","12","4","8","0","0","0","0","0","0","0","0","0","-2"
"173920","Minnesota State University-Mankato","2020","First major","'99'","Grand total","Doctor's degree - professional practice","5","0","5","0","0","0","0","0","0","1","0","1","0","0","0","0","0","0","3","0","3","0","0","0","1","0","1","0","0","0","-2"
"173920","Minnesota State University-Mankato","2020","Second major","'99'","Grand total","Bachelor's degree","75","31","44","0","0","0","1","0","1","2","1","1","5","2","3","0","0","0","58","26","32","2","0","2","1","1","0","6","1","5","-2"
"173957","Mayo Clinic College of Medicine and Science","2020","First major","'99'","Grand total","Master's degree","39","25","14","0","0","0","4","1","3","0","0","0","7","4","3","0","0","0","8","6","2","1","1","0","6","5","1","13","8","5","-2"
"173957","Mayo Clinic College of Medicine and Science","2020","First major","'99'","Grand total","Doctor's degree - research/scholarship","46","18","28","0","0","0","2","0","2","1","0","1","3","0","3","0","0","0","28","16","12","0","0","0","2","0","2","10","2","8","-2"
"173957","Mayo Clinic College of Medicine and Science","2020","First major","'99'","Grand total","Doctor's degree - professional practice","49","18","31","3","0","3","10","4","6","2","0","2","2","0","2","0","0","0","28","11","17","0","0","0","0","0","0","4","3","1","-2"
"173957","Mayo Clinic College of Medicine and Science","2020","First major","'99'","Grand total","Doctor's degree - other","59","23","36","2","2","0","3","1","2","1","0","1","2","1","1","0","0","0","51","19","32","0","0","0","0","0","0","0","0","0","-2"
"173993","Mesabi Range College","2020","First major","'99'","Grand total","Associate's degree","135","39","96","1","0","1","0","0","0","4","3","1","1","0","1","0","0","0","116","31","85","12","5","7","1","0","1","0","0","0","-2"
"173993","Mesabi Range College","2020","Second major","'99'","Grand total","Associate's degree","3","0","3","0","0","0","0","0","0","0","0","0","0","0","0","0","0","0","3","0","3","0","0","0","0","0","0","0","0","0","-2"
"174020","Metropolitan State University","2020","First major","'99'","Grand total","Bachelor's degree","1856","761","1095","7","1","6","272","105","167","344","156","188","124","41","83","1","1","0","964","404","560","78","25","53","4","2","2","62","26","36","-2"
"174020","Metropolitan State University","2020","First major","'99'","Grand total","Master's degree","174","68","106","2","1","1","23","10","13","38","16","22","5","3","2","0","0","0","85","32","53","6","1","5","3","1","2","12","4","8","-2"
"174020","Metropolitan State University","2020","First major","'99'","Grand total","Doctor's degree - research/scholarship","1","1","0","0","0","0","0","0","0","0","0","0","0","0","0","0","0","0","1","1","0","0","0","0","0","0","0","0","0","0","-2"
"174020","Metropolitan State University","2020","First major","'99'","Grand total","Doctor's degree - professional practice","16","4","12","0","0","0","4","2","2","4","0","4","0","0","0","0","0","0","7","1","6","1","1","0","0","0","0","0","0","0","-2"
"174020","Metropolitan State University","2020","Second major","'99'","Grand total","Bachelor's degree","35","13","22","0","0","0","8","3","5","5","2","3","0","0","0","0","0","0","19","6","13","1","1","0","0","0","0","2","1","1","-2"
"174066","University of Minnesota-Twin Cities","2020","First major","'99'","Grand total","Bachelor's degree","8056","3736","4320","18","8","10","791","378","413","351","147","204","316","138","178","4","2","2","5350","2442","2908","325","147","178","74","36","38","827","438","389","-2"
"174066","University of Minnesota-Twin Cities","2020","First major","'99'","Grand total","Master's degree","3136","1341","1795","12","7","5","183","69","114","98","37","61","120","47","73","1","0","1","1901","769","1132","72","30","42","59","35","24","690","347","343","-2"
"174066","University of Minnesota-Twin Cities","2020","First major","'99'","Grand total","Doctor's degree - research/scholarship","669","350","319","2","1","1","37","11","26","12","6","6","25","10","15","0","0","0","305","148","157","10","4","6","22","10","12","256","160","96","-2"
"174066","University of Minnesota-Twin Cities","2020","First major","'99'","Grand total","Doctor's degree - professional practice","950","364","586","8","4","4","84","35","49","24","8","16","29","7","22","0","0","0","686","266","420","26","11","15","59","22","37","34","11","23","-2"
"174066","University of Minnesota-Twin Cities","2020","Second major","'99'","Grand total","Bachelor's degree","831","339","492","3","1","2","62","23","39","9","2","7","31","14","17","0","0","0","624","254","370","33","15","18","14","4","10","55","26","29","-2"
"174075","University of Minnesota-Crookston","2020","First major","'99'","Grand total","Bachelor's degree","443","213","230","3","2","1","11","5","6","30","19","11","14","6","8","0","0","0","339","153","186","12","5","7","13","7","6","21","16","5","-2"
"174075","University of Minnesota-Crookston","2020","Second major","'99'","Grand total","Bachelor's degree","36","19","17","0","0","0","0","0","0","2","2","0","1","1","0","0","0","0","32","15","17","0","0","0","0","0","0","1","1","0","-2"
"174127","Minneapolis College of Art and Design","2020","First major","'99'","Grand total","Bachelor's degree","130","46","84","2","0","2","9","2","7","5","2","3","10","1","9","0","0","0","91","35","56","5","3","2","4","1","3","4","2","2","-2"
"174127","Minneapolis College of Art and Design","2020","First major","'99'","Grand total","Master's degree","40","12","28","0","0","0","2","1","1","1","0","1","2","1","1","0","0","0","24","8","16","0","0","0","3","0","3","8","2","6","-2"
"174136","Minneapolis Community and Technical College","2020","First major","'99'","Grand total","Associate's degree","691","310","381","5","3","2","45","16","29","150","68","82","96","41","55","0","0","0","314","151","163","48","16","32","6","4","2","27","11","16","-2"
"174136","Minneapolis Community and Technical College","2020","Second major","'99'","Grand total","Associate's degree","11","7","4","0","0","0","0","0","0","1","1","0","2","0","2","0","0","0","7","5","2","0","0","0","0","0","0","1","1","0","-2"
"174154","Herzing University-Minneapolis","2020","First major","'99'","Grand total","Associate's degree","26","3","23","0","0","0","1","0","1","3","0","3","2","0","2","0","0","0","17","2","15","0","0","0","3","1","2","0","0","0","-2"
"174154","Herzing University-Minneapolis","2020","First major","'99'","Grand total","Bachelor's degree","104","20","84","1","0","1","11","2","9","16","7","9","5","1","4","0","0","0","48","7","41","2","0","2","21","3","18","0","0","0","-2"
"174154","Herzing University-Minneapolis","2020","First major","'99'","Grand total","Master's degree","1","0","1","0","0","0","0","0","0","1","0","1","0","0","0","0","0","0","0","0","0","0","0","0","0","0","0","0","0","0","-2"
"174233","University of Minnesota-Duluth","2020","First major","'99'","Grand total","Bachelor's degree","2052","1042","1010","7","1","6","73","28","45","48","23","25","54","28","26","1","1","0","1769","918","851","66","25","41","7","6","1","27","12","15","-2"
"174233","University of Minnesota-Duluth","2020","First major","'99'","Grand total","Master's degree","239","111","128","14","2","12","7","5","2","4","3","1","1","0","1","0","0","0","168","76","92","16","4","12","1","1","0","28","20","8","-2"
"174233","University of Minnesota-Duluth","2020","First major","'99'","Grand total","Doctor's degree - research/scholarship","0","0","0","0","0","0","0","0","0","0","0","0","0","0","0","0","0","0","0","0","0","0","0","0","0","0","0","0","0","0","-2"
"174233","University of Minnesota-Duluth","2020","First major","'99'","Grand total","Doctor's degree - professional practice","1","0","1","1","0","1","0","0","0","0","0","0","0","0","0","0","0","0","0","0","0","0","0","0","0","0","0","0","0","0","-2"
"174233","University of Minnesota-Duluth","2020","Second major","'99'","Grand total","Bachelor's degree","131","63","68","0","0","0","4","1","3","2","2","0","7","3","4","0","0","0","111","55","56","4","1","3","1","0","1","2","1","1","-2"
"174251","University of Minnesota-Morris","2020","First major","'99'","Grand total","Bachelor's degree","322","138","184","17","6","11","6","3","3","3","1","2","17","7","10","0","0","0","200","82","118","43","16","27","3","3","0","33","20","13","-2"
"174251","University of Minnesota-Morris","2020","Second major","'99'","Grand total","Bachelor's degree","72","28","44","4","0","4","0","0","0","1","0","1","3","1","2","0","0","0","48","20","28","7","2","5","0","0","0","9","5","4","-2"
"174358","Minnesota State University Moorhead","2020","First major","'99'","Grand total","Associate's degree","10","5","5","0","0","0","0","0","0","0","0","0","1","1","0","0","0","0","8","4","4","0","0","0","1","0","1","0","0","0","-2"
"174358","Minnesota State University Moorhead","2020","First major","'99'","Grand total","Bachelor's degree","1076","363","713","8","0","8","14","11","3","34","20","14","24","7","17","0","0","0","870","266","604","36","17","19","14","7","7","76","35","41","-2"
"174358","Minnesota State University Moorhead","2020","First major","'99'","Grand total","Master's degree","307","82","225","1","0","1","6","4","2","2","2","0","6","2","4","0","0","0","281","72","209","4","0","4","2","0","2","5","2","3","-2"
"174358","Minnesota State University Moorhead","2020","First major","'99'","Grand total","Doctor's degree - research/scholarship","12","5","7","0","0","0","0","0","0","0","0","0","0","0","0","0","0","0","10","4","6","0","0","0","2","1","1","0","0","0","-2"
"174358","Minnesota State University Moorhead","2020","Second major","'99'","Grand total","Bachelor's degree","61","17","44","0","0","0","0","0","0","4","2","2","2","0","2","0","0","0","50","14","36","1","0","1","0","0","0","4","1","3","-2"
"174376","North Hennepin Community College","2020","First major","'99'","Grand total","Associate's degree","654","265","389","2","0","2","95","39","56","115","41","74","46","21","25","0","0","0","344","146","198","32","10","22","7","4","3","13","4","9","-2"
"174376","North Hennepin Community College","2020","Second major","'99'","Grand total","Associate's degree","5","5","0","0","0","0","1","1","0","0","0","0","0","0","0","0","0","0","4","4","0","0","0","0","0","0","0","0","0","0","-2"
"174428","Normandale Community College","2020","First major","'99'","Grand total","Associate's degree","1072","472","600","9","4","5","101","41","60","101","52","49","116","42","74","1","0","1","678","297","381","44","21","23","8","4","4","14","11","3","-2"
"174428","Normandale Community College","2020","Second major","'99'","Grand total","Associate's degree","10","5","5","0","0","0","0","0","0","1","1","0","1","1","0","0","0","0","8","3","5","0","0","0","0","0","0","0","0","0","-2"
"174437","North Central University","2020","First major","'99'","Grand total","Associate's degree","8","0","8","0","0","0","0","0","0","0","0","0","0","0","0","0","0","0","7","0","7","0","0","0","1","0","1","0","0","0","-2"
"174437","North Central University","2020","First major","'99'","Grand total","Bachelor's degree","186","76","110","0","0","0","8","5","3","7","3","4","13","5","8","0","0","0","138","57","81","7","1","6","11","4","7","2","1","1","-2"
"174437","North Central University","2020","First major","'99'","Grand total","Master's degree","19","10","9","1","1","0","0","0","0","1","0","1","0","0","0","0","0","0","15","9","6","0","0","0","2","0","2","0","0","0","-2"
"174437","North Central University","2020","Second major","'99'","Grand total","Bachelor's degree","1","0","1","0","0","0","0","0","0","0","0","0","0","0","0","0","0","0","1","0","1","0","0","0","0","0","0","0","0","0","-2"
"174473","Northland Community and Technical College","2020","First major","'99'","Grand total","Associate's degree","412","125","287","8","3","5","3","0","3","18","10","8","23","9","14","1","0","1","338","93","245","17","8","9","2","0","2","2","2","0","-2"
"174473","Northland Community and Technical College","2020","Second major","'99'","Grand total","Associate's degree","4","2","2","0","0","0","0","0","0","0","0","0","0","0","0","0","0","0","4","2","2","0","0","0","0","0","0","0","0","0","-2"
"174491","University of Northwestern-St Paul","2020","First major","'99'","Grand total","Associate's degree","18","5","13","2","0","2","0","0","0","2","1","1","1","0","1","0","0","0","12","4","8","1","0","1","0","0","0","0","0","0","-2"
"174491","University of Northwestern-St Paul","2020","First major","'99'","Grand total","Bachelor's degree","507","182","325","0","0","0","17","5","12","15","5","10","14","5","9","0","0","0","436","160","276","15","5","10","9","1","8","1","1","0","-2"
"174491","University of Northwestern-St Paul","2020","First major","'99'","Grand total","Master's degree","64","32","32","0","0","0","3","3","0","6","3","3","3","2","1","0","0","0","45","19","26","3","2","1","2","2","0","2","1","1","-2"
"174491","University of Northwestern-St Paul","2020","Second major","'99'","Grand total","Bachelor's degree","218","89","129","0","0","0","9","3","6","4","0","4","6","4","2","0","0","0","191","80","111","4","1","3","3","0","3","1","1","0","-2"
"174507","Northwestern Health Sciences University","2020","First major","'99'","Grand total","Associate's degree","41","7","34","0","0","0","0","0","0","0","0","0","0","0","0","0","0","0","13","3","10","0","0","0","28","4","24","0","0","0","-2"
"174507","Northwestern Health Sciences University","2020","First major","'99'","Grand total","Bachelor's degree","21","12","9","0","0","0","0","0","0","0","0","0","0","0","0","0","0","0","10","6","4","0","0","0","11","6","5","0","0","0","-2"
"174507","Northwestern Health Sciences University","2020","First major","'99'","Grand total","Master's degree","28","3","25","1","0","1","3","1","2","0","0","0","1","0","1","0","0","0","16","1","15","0","0","0","6","0","6","1","1","0","-2"
"174507","Northwestern Health Sciences University","2020","First major","'99'","Grand total","Doctor's degree - professional practice","147","85","62","3","2","1","6","3","3","0","0","0","2","0","2","0","0","0","76","41","35","1","0","1","58","38","20","1","1","0","-2"
"174525","Oak Hills Christian College","2020","First major","'99'","Grand total","Associate's degree","11","2","9","0","0","0","0","0","0","0","0","0","0","0","0","0","0","0","8","2","6","3","0","3","0","0","0","0","0","0","-2"
"174525","Oak Hills Christian College","2020","First major","'99'","Grand total","Bachelor's degree","13","8","5","1","1","0","0","0","0","0","0","0","0","0","0","0","0","0","9","5","4","3","2","1","0","0","0","0","0","0","-2"
"174570","Pine Technical & Community College","2020","First major","'99'","Grand total","Associate's degree","124","44","80","0","0","0","2","0","2","9","0","9","7","2","5","0","0","0","100","38","62","6","4","2","0","0","0","0","0","0","-2"
"174570","Pine Technical & Community College","2020","Second major","'99'","Grand total","Associate's degree","10","9","1","0","0","0","0","0","0","0","0","0","0","0","0","0","0","0","9","8","1","1","1","0","0","0","0","0","0","0","-2"
"174604","Rainy River Community College","2020","First major","'99'","Grand total","Associate's degree","47","24","23","0","0","0","1","1","0","2","2","0","7","7","0","0","0","0","34","14","20","1","0","1","0","0","0","2","0","2","-2"
"174738","Rochester Community and Technical College","2020","First major","'99'","Grand total","Associate's degree","706","253","453","0","0","0","31","6","25","64","30","34","33","7","26","0","0","0","540","199","341","27","5","22","2","1","1","9","5","4","-2"
"174738","Rochester Community and Technical College","2020","Second major","'99'","Grand total","Associate's degree","11","4","7","0","0","0","0","0","0","1","0","1","1","1","0","0","0","0","9","3","6","0","0","0","0","0","0","0","0","0","-2"
"174747","College of Saint Benedict","2020","First major","'99'","Grand total","Bachelor's degree","428","0","428","1","0","1","23","0","23","8","0","8","25","0","25","1","0","1","362","0","362","0","0","0","0","0","0","8","0","8","-2"
"174747","College of Saint Benedict","2020","Second major","'99'","Grand total","Bachelor's degree","39","0","39","0","0","0","1","0","1","0","0","0","5","0","5","0","0","0","32","0","32","0","0","0","0","0","0","1","0","1","-2"
"174756","St Cloud Technical and Community College","2020","First major","'99'","Grand total","Associate's degree","675","268","407","0","0","0","8","1","7","63","25","38","31","10","21","0","0","0","542","213","329","26","14","12","1","1","0","4","4","0","-2"
"174756","St Cloud Technical and Community College","2020","Second major","'99'","Grand total","Associate's degree","1","0","1","0","0","0","0","0","0","0","0","0","0","0","0","0","0","0","1","0","1","0","0","0","0","0","0","0","0","0","-2"
"174783","Saint Cloud State University","2020","First major","'99'","Grand total","Associate's degree","120","47","73","0","0","0","10","2","8","5","2","3","5","3","2","0","0","0","94","38","56","6","2","4","0","0","0","0","0","0","-2"
"174783","Saint Cloud State University","2020","First major","'99'","Grand total","Bachelor's degree","1934","895","1039","2","1","1","96","47","49","122","71","51","61","24","37","0","0","0","1355","579","776","57","30","27","16","6","10","225","137","88","-2"
"174783","Saint Cloud State University","2020","First major","'99'","Grand total","Master's degree","610","257","353","1","1","0","27","9","18","38","25","13","7","3","4","0","0","0","298","99","199","14","7","7","101","39","62","124","74","50","-2"
"174783","Saint Cloud State University","2020","First major","'99'","Grand total","Doctor's degree - research/scholarship","14","4","10","0","0","0","0","0","0","2","1","1","0","0","0","0","0","0","10","3","7","1","0","1","1","0","1","0","0","0","-2"
"174783","Saint Cloud State University","2020","Second major","'99'","Grand total","Bachelor's degree","85","36","49","0","0","0","1","1","0","10","7","3","2","1","1","0","0","0","65","24","41","1","1","0","0","0","0","6","2","4","-2"
"174783","Saint Cloud State University","2020","Second major","'99'","Grand total","Master's degree","1","1","0","0","0","0","0","0","0","0","0","0","0","0","0","0","0","0","1","1","0","0","0","0","0","0","0","0","0","0","-2"
"174792","Saint Johns University","2020","First major","'99'","Grand total","Bachelor's degree","372","372","0","1","1","0","9","9","0","13","13","0","25","25","0","1","1","0","311","311","0","0","0","0","0","0","0","12","12","0","-2"
"174792","Saint Johns University","2020","First major","'99'","Grand total","Master's degree","19","11","8","0","0","0","0","0","0","0","0","0","1","0","1","0","0","0","12","8","4","1","1","0","0","0","0","5","2","3","-2"
"174792","Saint Johns University","2020","Second major","'99'","Grand total","Bachelor's degree","18","18","0","0","0","0","0","0","0","1","1","0","2","2","0","0","0","0","15","15","0","0","0","0","0","0","0","0","0","0","-2"
"174817","Saint Mary's University of Minnesota","2020","First major","'99'","Grand total","Bachelor's degree","358","160","198","1","0","1","10","3","7","45","27","18","24","11","13","0","0","0","237","95","142","1","0","1","31","17","14","9","7","2","-2"
"174817","Saint Mary's University of Minnesota","2020","First major","'99'","Grand total","Master's degree","1234","393","841","7","2","5","51","20","31","85","35","50","44","14","30","2","0","2","810","228","582","0","0","0","199","77","122","36","17","19","-2"
"174817","Saint Mary's University of Minnesota","2020","First major","'99'","Grand total","Doctor's degree - research/scholarship","31","16","15","0","0","0","0","0","0","3","3","0","0","0","0","0","0","0","16","6","10","0","0","0","10","6","4","2","1","1","-2"
"174817","Saint Mary's University of Minnesota","2020","First major","'99'","Grand total","Doctor's degree - professional practice","12","3","9","0","0","0","1","1","0","0","0","0","0","0","0","0","0","0","9","2","7","0","0","0","2","0","2","0","0","0","-2"
"174817","Saint Mary's University of Minnesota","2020","Second major","'99'","Grand total","Bachelor's degree","59","36","23","0","0","0","1","0","1","2","2","0","7","4","3","0","0","0","43","27","16","0","0","0","4","2","2","2","1","1","-2"
"174844","St Olaf College","2020","First major","'99'","Grand total","Bachelor's degree","733","335","398","0","0","0","41","12","29","14","8","6","53","27","26","0","0","0","529","241","288","22","12","10","3","0","3","71","35","36","-2"
"174844","St Olaf College","2020","Second major","'99'","Grand total","Bachelor's degree","247","104","143","0","0","0","8","3","5","2","1","1","16","5","11","0","0","0","181","78","103","5","2","3","1","0","1","34","15","19","-2"
"174862","Crown College","2020","First major","'99'","Grand total","Associate's degree","13","3","10","0","0","0","0","0","0","0","0","0","0","0","0","0","0","0","13","3","10","0","0","0","0","0","0","0","0","0","-2"
"174862","Crown College","2020","First major","'99'","Grand total","Bachelor's degree","167","69","98","1","0","1","12","4","8","6","2","4","5","2","3","0","0","0","131","55","76","5","3","2","0","0","0","7","3","4","-2"
"174862","Crown College","2020","First major","'99'","Grand total","Master's degree","108","49","59","1","1","0","5","3","2","7","2","5","9","6","3","0","0","0","80","35","45","5","2","3","0","0","0","1","0","1","-2"
"174862","Crown College","2020","Second major","'99'","Grand total","Bachelor's degree","38","22","16","0","0","0","3","1","2","0","0","0","1","1","0","0","0","0","30","16","14","2","2","0","0","0","0","2","2","0","-2"
"174899","The College of Saint Scholastica","2020","First major","'99'","Grand total","Bachelor's degree","727","180","547","5","3","2","17","0","17","26","4","22","27","7","20","0","0","0","619","150","469","16","6","10","3","0","3","14","10","4","-2"
"174899","The College of Saint Scholastica","2020","First major","'99'","Grand total","Master's degree","356","90","266","1","0","1","10","3","7","18","6","12","8","4","4","0","0","0","297","70","227","15","3","12","4","1","3","3","3","0","-2"
"174899","The College of Saint Scholastica","2020","First major","'99'","Grand total","Doctor's degree - professional practice","225","70","155","0","0","0","39","13","26","8","5","3","4","2","2","0","0","0","158","43","115","4","1","3","12","6","6","0","0","0","-2"
"174899","The College of Saint Scholastica","2020","Second major","'99'","Grand total","Bachelor's degree","44","17","27","0","0","0","3","0","3","1","0","1","3","0","3","0","0","0","34","15","19","0","0","0","0","0","0","3","2","1","-2"
"174899","The College of Saint Scholastica","2020","Second major","'99'","Grand total","Master's degree","2","1","1","0","0","0","0","0","0","0","0","0","0","0","0","0","0","0","1","0","1","0","0","0","1","1","0","0","0","0","-2"
"174914","University of St Thomas","2020","First major","'99'","Grand total","Associate's degree","77","27","50","0","0","0","5","1","4","25","10","15","28","11","17","0","0","0","3","2","1","5","1","4","11","2","9","0","0","0","-2"
"174914","University of St Thomas","2020","First major","'99'","Grand total","Bachelor's degree","1335","701","634","3","1","2","50","30","20","28","15","13","40","16","24","0","0","0","1100","578","522","39","21","18","37","16","21","38","24","14","-2"
"174914","University of St Thomas","2020","First major","'99'","Grand total","Master's degree","925","427","498","1","0","1","64","34","30","64","37","27","33","12","21","0","0","0","559","244","315","16","6","10","76","36","40","112","58","54","-2"
"174914","University of St Thomas","2020","First major","'99'","Grand total","Doctor's degree - research/scholarship","40","14","26","0","0","0","1","0","1","5","2","3","2","0","2","0","0","0","28","10","18","0","0","0","1","0","1","3","2","1","-2"
"174914","University of St Thomas","2020","First major","'99'","Grand total","Doctor's degree - professional practice","136","57","79","0","0","0","4","0","4","6","1","5","9","4","5","0","0","0","109","51","58","2","0","2","1","0","1","5","1","4","-2"
"174914","University of St Thomas","2020","Second major","'99'","Grand total","Bachelor's degree","156","63","93","0","0","0","1","0","1","4","1","3","7","2","5","0","0","0","136","55","81","2","2","0","2","2","0","4","1","3","-2"
"174914","University of St Thomas","2020","Second major","'99'","Grand total","Master's degree","11","5","6","0","0","0","1","0","1","2","1","1","2","0","2","0","0","0","3","2","1","0","0","0","1","1","0","2","1","1","-2"
"175005","St Catherine University","2020","First major","'99'","Grand total","Associate's degree","269","33","236","1","0","1","16","2","14","25","4","21","27","3","24","0","0","0","174","21","153","9","3","6","17","0","17","0","0","0","-2"
"175005","St Catherine University","2020","First major","'99'","Grand total","Bachelor's degree","588","7","581","1","0","1","72","1","71","46","1","45","48","1","47","1","0","1","386","4","382","25","0","25","8","0","8","1","0","1","-2"
"175005","St Catherine University","2020","First major","'99'","Grand total","Master's degree","404","41","363","0","0","0","22","2","20","14","0","14","13","1","12","1","0","1","315","33","282","7","0","7","26","4","22","6","1","5","-2"
"175005","St Catherine University","2020","First major","'99'","Grand total","Doctor's degree - professional practice","64","6","58","0","0","0","1","0","1","1","0","1","1","0","1","0","0","0","55","5","50","1","0","1","5","1","4","0","0","0","-2"
"175005","St Catherine University","2020","Second major","'99'","Grand total","Bachelor's degree","10","0","10","0","0","0","2","0","2","3","0","3","1","0","1","0","0","0","2","0","2","1","0","1","1","0","1","0","0","0","-2"
"175014","Rasmussen University-Minnesota","2020","First major","'99'","Grand total","Associate's degree","1123","161","962","3","1","2","50","9","41","218","44","174","29","6","23","0","0","0","619","79","540","15","3","12","189","19","170","0","0","0","-2"
"175014","Rasmussen University-Minnesota","2020","First major","'99'","Grand total","Bachelor's degree","169","28","141","0","0","0","5","1","4","13","3","10","5","0","5","0","0","0","112","19","93","5","1","4","29","4","25","0","0","0","-2"
"175014","Rasmussen University-Minnesota","2020","First major","'99'","Grand total","Master's degree","19","1","18","0","0","0","0","0","0","2","1","1","1","0","1","0","0","0","15","0","15","0","0","0","1","0","1","0","0","0","-2"
"175041","Saint Paul College","2020","First major","'99'","Grand total","Associate's degree","533","236","297","4","1","3","131","55","76","133","61","72","44","19","25","0","0","0","191","89","102","26","9","17","3","2","1","1","0","1","-2"
"175041","Saint Paul College","2020","Second major","'99'","Grand total","Associate's degree","6","5","1","0","0","0","0","0","0","4","3","1","1","1","0","0","0","0","1","1","0","0","0","0","0","0","0","0","0","0","-2"
"175078","Southwest Minnesota State University","2020","First major","'99'","Grand total","Associate's degree","12","5","7","1","0","1","1","0","1","0","0","0","0","0","0","0","0","0","9","4","5","1","1","0","0","0","0","0","0","0","-2"
"175078","Southwest Minnesota State University","2020","First major","'99'","Grand total","Bachelor's degree","450","155","295","0","0","0","4","1","3","26","15","11","14","5","9","0","0","0","368","115","253","9","3","6","4","1","3","25","15","10","-2"
"175078","Southwest Minnesota State University","2020","First major","'99'","Grand total","Master's degree","211","54","157","0","0","0","3","2","1","4","3","1","1","0","1","0","0","0","147","25","122","0","0","0","6","2","4","50","22","28","-2"
"175078","Southwest Minnesota State University","2020","Second major","'99'","Grand total","Bachelor's degree","32","9","23","0","0","0","0","0","0","0","0","0","0","0","0","0","0","0","32","9","23","0","0","0","0","0","0","0","0","0","-2"
"175139","United Theological Seminary of the Twin Cities","2020","First major","'99'","Grand total","Master's degree","20","7","13","0","0","0","4","0","4","1","0","1","0","0","0","0","0","0","15","7","8","0","0","0","0","0","0","0","0","0","-2"
"175139","United Theological Seminary of the Twin Cities","2020","First major","'99'","Grand total","Doctor's degree - professional practice","3","3","0","0","0","0","1","1","0","0","0","0","0","0","0","0","0","0","2","2","0","0","0","0","0","0","0","0","0","0","-2"
"175157","Vermilion Community College","2020","First major","'99'","Grand total","Associate's degree","119","75","44","2","2","0","0","0","0","12","10","2","4","2","2","0","0","0","94","58","36","5","2","3","2","1","1","0","0","0","-2"
"175157","Vermilion Community College","2020","Second major","'99'","Grand total","Associate's degree","1","0","1","0","0","0","0","0","0","0","0","0","0","0","0","0","0","0","1","0","1","0","0","0","0","0","0","0","0","0","-2"
"175227","Dunwoody College of Technology","2020","First major","'99'","Grand total","Associate's degree","331","281","50","2","1","1","15","11","4","10","6","4","14","14","0","1","1","0","265","228","37","17","16","1","7","4","3","0","0","0","-2"
"175227","Dunwoody College of Technology","2020","First major","'99'","Grand total","Bachelor's degree","92","68","24","0","0","0","12","7","5","2","1","1","1","1","0","1","1","0","69","52","17","6","5","1","0","0","0","1","1","0","-2"
"175236","Ridgewater College","2020","First major","'99'","Grand total","Associate's degree","507","190","317","2","2","0","4","2","2","30","21","9","34","13","21","0","0","0","423","144","279","14","8","6","0","0","0","0","0","0","-2"
"175236","Ridgewater College","2020","Second major","'99'","Grand total","Associate's degree","8","6","2","0","0","0","0","0","0","0","0","0","0","0","0","0","0","0","7","5","2","1","1","0","0","0","0","0","0","0","-2"
"175263","Minnesota State College Southeast","2020","First major","'99'","Grand total","Associate's degree","148","68","80","2","0","2","2","2","0","3","1","2","10","5","5","0","0","0","126","56","70","4","4","0","0","0","0","1","0","1","-2"
"175263","Minnesota State College Southeast","2020","Second major","'99'","Grand total","Associate's degree","3","2","1","0","0","0","0","0","0","0","0","0","0","0","0","0","0","0","3","2","1","0","0","0","0","0","0","0","0","0","-2"
"175272","Winona State University","2020","First major","'99'","Grand total","Associate's degree","48","17","31","1","1","0","1","0","1","2","0","2","2","2","0","0","0","0","38","12","26","3","1","2","1","1","0","0","0","0","-2"
"175272","Winona State University","2020","First major","'99'","Grand total","Bachelor's degree","1602","536","1066","5","1","4","26","4","22","37","15","22","57","24","33","0","0","0","1388","448","940","35","13","22","7","2","5","47","29","18","-2"
"175272","Winona State University","2020","First major","'99'","Grand total","Master's degree","101","22","79","0","0","0","4","0","4","0","0","0","3","0","3","0","0","0","89","20","69","2","0","2","0","0","0","3","2","1","-2"
"175272","Winona State University","2020","First major","'99'","Grand total","Doctor's degree - research/scholarship","0","0","0","0","0","0","0","0","0","0","0","0","0","0","0","0","0","0","0","0","0","0","0","0","0","0","0","0","0","0","-2"
"175272","Winona State University","2020","First major","'99'","Grand total","Doctor's degree - professional practice","30","8","22","0","0","0","1","0","1","3","2","1","0","0","0","0","0","0","25","6","19","1","0","1","0","0","0","0","0","0","-2"
"175272","Winona State University","2020","Second major","'99'","Grand total","Bachelor's degree","117","33","84","0","0","0","0","0","0","2","2","0","1","0","1","0","0","0","108","29","79","2","0","2","1","0","1","3","2","1","-2"
"175272","Winona State University","2020","Second major","'99'","Grand total","Master's degree","3","1","2","0","0","0","0","0","0","0","0","0","0","0","0","0","0","0","2","0","2","0","0","0","0","0","0","1","1","0","-2"
"175281","Mitchell Hamline School of Law","2020","First major","'99'","Grand total","Master's degree","0","0","0","0","0","0","0","0","0","0","0","0","0","0","0","0","0","0","0","0","0","0","0","0","0","0","0","0","0","0","-2"
"175281","Mitchell Hamline School of Law","2020","First major","'99'","Grand total","Doctor's degree - professional practice","331","153","178","5","3","2","17","9","8","29","12","17","25","7","18","0","0","0","226","112","114","7","2","5","17","5","12","5","3","2","-2"
"175315","Century College","2020","First major","'99'","Grand total","Associate's degree","1185","452","733","2","0","2","194","78","116","95","30","65","77","28","49","0","0","0","728","282","446","48","16","32","8","4","4","33","14","19","-2"
"175315","Century College","2020","Second major","'99'","Grand total","Associate's degree","18","8","10","0","0","0","3","1","2","4","2","2","0","0","0","0","0","0","10","4","6","1","1","0","0","0","0","0","0","0","-2"
"175342","Alcorn State University","2020","First major","'99'","Grand total","Associate's degree","18","2","16","0","0","0","0","0","0","16","1","15","1","0","1","0","0","0","1","1","0","0","0","0","0","0","0","0","0","0","-2"
"175342","Alcorn State University","2020","First major","'99'","Grand total","Bachelor's degree","520","191","329","1","1","0","1","1","0","482","174","308","1","1","0","0","0","0","13","8","5","0","0","0","0","0","0","22","6","16","-2"
"175342","Alcorn State University","2020","First major","'99'","Grand total","Master's degree","94","23","71","0","0","0","1","0","1","81","16","65","0","0","0","0","0","0","4","1","3","0","0","0","0","0","0","8","6","2","-2"
"175342","Alcorn State University","2020","First major","'99'","Grand total","Doctor's degree - professional practice","0","0","0","0","0","0","0","0","0","0","0","0","0","0","0","0","0","0","0","0","0","0","0","0","0","0","0","0","0","0","-2"
"175421","Belhaven University","2020","First major","'99'","Grand total","Associate's degree","41","8","33","1","0","1","0","0","0","26","4","22","1","0","1","0","0","0","9","3","6","1","0","1","3","1","2","0","0","0","-2"
"175421","Belhaven University","2020","First major","'99'","Grand total","Bachelor's degree","613","222","391","0","0","0","85","40","45","181","51","130","26","12","14","0","0","0","232","82","150","10","4","6","70","28","42","9","5","4","-2"
"175421","Belhaven University","2020","First major","'99'","Grand total","Master's degree","753","269","484","7","1","6","102","55","47","340","77","263","13","4","9","1","0","1","128","49","79","12","8","4","143","69","74","7","6","1","-2"
"175421","Belhaven University","2020","First major","'99'","Grand total","Doctor's degree - research/scholarship","29","4","25","0","0","0","0","0","0","16","2","14","0","0","0","0","0","0","8","1","7","0","0","0","4","0","4","1","1","0","-2"
"175430","Blue Mountain College","2020","First major","'99'","Grand total","Bachelor's degree","143","71","72","2","2","0","0","0","0","11","6","5","4","2","2","0","0","0","118","55","63","1","1","0","0","0","0","7","5","2","-2"
"175430","Blue Mountain College","2020","First major","'99'","Grand total","Master's degree","8","2","6","0","0","0","0","0","0","0","0","0","0","0","0","0","0","0","8","2","6","0","0","0","0","0","0","0","0","0","-2"
"175430","Blue Mountain College","2020","Second major","'99'","Grand total","Bachelor's degree","4","1","3","0","0","0","0","0","0","0","0","0","0","0","0","0","0","0","4","1","3","0","0","0","0","0","0","0","0","0","-2"
"175519","Coahoma Community College","2020","First major","'99'","Grand total","Associate's degree","232","57","175","1","1","0","1","0","1","216","51","165","1","0","1","0","0","0","8","4","4","2","1","1","1","0","1","2","0","2","-2"
"175573","Copiah-Lincoln Community College","2020","First major","'99'","Grand total","Associate's degree","642","255","387","3","0","3","5","0","5","243","90","153","8","5","3","1","0","1","359","152","207","5","2","3","18","6","12","0","0","0","-2"
"175573","Copiah-Lincoln Community College","2020","Second major","'99'","Grand total","Associate's degree","3","1","2","0","0","0","1","0","1","0","0","0","0","0","0","0","0","0","2","1","1","0","0","0","0","0","0","0","0","0","-2"
"175616","Delta State University","2020","First major","'99'","Grand total","Bachelor's degree","599","223","376","0","0","0","1","1","0","159","54","105","14","5","9","0","0","0","381","143","238","6","2","4","2","1","1","36","17","19","-2"
"175616","Delta State University","2020","First major","'99'","Grand total","Master's degree","316","93","223","2","0","2","1","1","0","116","22","94","14","5","9","1","0","1","145","50","95","2","1","1","14","4","10","21","10","11","-2"
"175616","Delta State University","2020","First major","'99'","Grand total","Doctor's degree - research/scholarship","13","2","11","0","0","0","0","0","0","3","1","2","0","0","0","0","0","0","10","1","9","0","0","0","0","0","0","0","0","0","-2"
"175616","Delta State University","2020","First major","'99'","Grand total","Doctor's degree - professional practice","2","0","2","0","0","0","0","0","0","1","0","1","0","0","0","0","0","0","0","0","0","1","0","1","0","0","0","0","0","0","-2"
"175616","Delta State University","2020","Second major","'99'","Grand total","Bachelor's degree","7","3","4","0","0","0","0","0","0","1","0","1","1","1","0","0","0","0","4","2","2","0","0","0","0","0","0","1","0","1","-2"
"175643","East Central Community College","2020","First major","'99'","Grand total","Associate's degree","450","155","295","19","9","10","0","0","0","111","31","80","4","1","3","1","1","0","296","106","190","12","5","7","4","1","3","3","1","2","-2"
"175652","East Mississippi Community College","2020","First major","'99'","Grand total","Associate's degree","815","364","451","7","3","4","10","6","4","404","146","258","8","5","3","0","0","0","374","196","178","2","2","0","10","6","4","0","0","0","-2"
"175786","Hinds Community College","2020","First major","'99'","Grand total","Associate's degree","1768","595","1173","2","1","1","13","5","8","1004","323","681","29","10","19","0","0","0","640","231","409","55","15","40","25","10","15","0","0","0","-2"
"175810","Holmes Community College","2020","First major","'99'","Grand total","Associate's degree","1084","327","757","2","0","2","9","2","7","450","121","329","19","7","12","0","0","0","581","192","389","7","2","5","16","3","13","0","0","0","-2"
"175829","Itawamba Community College","2020","First major","'99'","Grand total","Associate's degree","1182","461","721","2","1","1","10","2","8","247","92","155","27","10","17","1","1","0","869","346","523","12","2","10","14","7","7","0","0","0","-2"
"175856","Jackson State University","2020","First major","'99'","Grand total","Bachelor's degree","1082","352","730","2","1","1","3","0","3","961","290","671","19","12","7","0","0","0","43","18","25","18","3","15","0","0","0","36","28","8","-2"
"175856","Jackson State University","2020","First major","'99'","Grand total","Master's degree","358","73","285","1","0","1","0","0","0","297","47","250","0","0","0","0","0","0","34","11","23","3","2","1","0","0","0","23","13","10","-2"
"175856","Jackson State University","2020","First major","'99'","Grand total","Doctor's degree - research/scholarship","93","30","63","0","0","0","2","1","1","64","17","47","2","1","1","0","0","0","13","5","8","0","0","0","0","0","0","12","6","6","-2"
"175856","Jackson State University","2020","First major","'99'","Grand total","Doctor's degree - other","0","0","0","0","0","0","0","0","0","0","0","0","0","0","0","0","0","0","0","0","0","0","0","0","0","0","0","0","0","0","-2"
"175883","Jones County Junior College","2020","First major","'99'","Grand total","Associate's degree","853","348","505","6","1","5","3","2","1","219","72","147","12","8","4","1","0","1","597","262","335","10","1","9","5","2","3","0","0","0","-2"
"175935","Meridian Community College","2020","First major","'99'","Grand total","Associate's degree","537","182","355","14","3","11","3","2","1","175","48","127","5","1","4","0","0","0","326","123","203","4","1","3","10","4","6","0","0","0","-2"
"175980","Millsaps College","2020","First major","'99'","Grand total","Bachelor's degree","183","90","93","0","0","0","5","1","4","28","13","15","7","5","2","0","0","0","120","59","61","6","2","4","3","2","1","14","8","6","-2"
"175980","Millsaps College","2020","First major","'99'","Grand total","Master's degree","32","24","8","0","0","0","1","1","0","4","2","2","1","1","0","0","0","0","23","19","4","2","1","1","0","0","0","1","0","1","-2"
"175980","Millsaps College","2020","Second major","'99'","Grand total","Bachelor's degree","18","13","5","0","0","0","0","0","0","1","1","0","1","1","0","0","0","0","10","6","4","0","0","0","1","1","0","5","4","1","-2"
"176008","Mississippi Delta Community College","2020","First major","'99'","Grand total","Associate's degree","373","97","276","1","1","0","2","1","1","222","53","169","12","3","9","0","0","0","129","33","96","0","0","0","7","6","1","0","0","0","-2"
"176017","University of Mississippi","2020","First major","'99'","Grand total","Bachelor's degree","4588","1877","2711","15","5","10","79","31","48","533","178","355","148","53","95","6","2","4","3630","1524","2106","92","38","54","2","1","1","83","45","38","-2"
"176017","University of Mississippi","2020","First major","'99'","Grand total","Master's degree","1015","389","626","0","0","0","22","9","13","132","36","96","25","9","16","1","1","0","756","294","462","20","8","12","0","0","0","59","32","27","-2"
"176017","University of Mississippi","2020","First major","'99'","Grand total","Doctor's degree - research/scholarship","144","59","85","0","0","0","3","1","2","19","4","15","6","2","4","0","0","0","78","30","48","2","1","1","1","0","1","35","21","14","-2"
"176017","University of Mississippi","2020","First major","'99'","Grand total","Doctor's degree - professional practice","449","207","242","0","0","0","37","14","23","49","16","33","21","13","8","0","0","0","336","161","175","6","3","3","0","0","0","0","0","0","-2"
"176035","Mississippi University for Women","2020","First major","'99'","Grand total","Associate's degree","47","4","43","1","0","1","0","0","0","7","0","7","0","0","0","0","0","0","39","4","35","0","0","0","0","0","0","0","0","0","-2"
"176035","Mississippi University for Women","2020","First major","'99'","Grand total","Bachelor's degree","775","107","668","3","0","3","8","3","5","275","23","252","1","1","0","0","0","0","459","70","389","0","0","0","0","0","0","29","10","19","-2"
"176035","Mississippi University for Women","2020","First major","'99'","Grand total","Master's degree","88","11","77","1","0","1","1","0","1","15","3","12","0","0","0","0","0","0","68","8","60","0","0","0","0","0","0","3","0","3","-2"
"176035","Mississippi University for Women","2020","First major","'99'","Grand total","Doctor's degree - professional practice","7","0","7","0","0","0","0","0","0","1","0","1","0","0","0","0","0","0","6","0","6","0","0","0","0","0","0","0","0","0","-2"
"176035","Mississippi University for Women","2020","Second major","'99'","Grand total","Bachelor's degree","2","0","2","0","0","0","0","0","0","0","0","0","0","0","0","0","0","0","1","0","1","0","0","0","0","0","0","1","0","1","-2"
"176044","Mississippi Valley State University","2020","First major","'99'","Grand total","Bachelor's degree","246","85","161","0","0","0","2","2","0","221","73","148","3","1","2","0","0","0","8","3","5","4","3","1","8","3","5","0","0","0","-2"
"176044","Mississippi Valley State University","2020","First major","'99'","Grand total","Master's degree","81","32","49","0","0","0","1","1","0","75","29","46","1","0","1","0","0","0","2","1","1","0","0","0","2","1","1","0","0","0","-2"
"176053","Mississippi College","2020","First major","'99'","Grand total","Bachelor's degree","696","244","452","6","4","2","12","3","9","113","31","82","19","6","13","1","1","0","506","180","326","3","1","2","4","2","2","32","16","16","-2"
"176053","Mississippi College","2020","First major","'99'","Grand total","Master's degree","587","165","422","0","0","0","23","7","16","170","35","135","24","3","21","1","1","0","335","100","235","5","4","1","1","1","0","28","14","14","-2"
"176053","Mississippi College","2020","First major","'99'","Grand total","Doctor's degree - research/scholarship","34","9","25","1","1","0","0","0","0","26","6","20","2","0","2","0","0","0","4","2","2","0","0","0","0","0","0","1","0","1","-2"
"176053","Mississippi College","2020","First major","'99'","Grand total","Doctor's degree - professional practice","111","58","53","0","0","0","2","1","1","19","7","12","2","0","2","0","0","0","74","42","32","4","3","1","10","5","5","0","0","0","-2"
"176071","Mississippi Gulf Coast Community College","2020","First major","'99'","Grand total","Associate's degree","2145","790","1355","7","1","6","63","22","41","451","159","292","123","43","80","3","0","3","1370","508","862","102","46","56","26","11","15","0","0","0","-2"
"176080","Mississippi State University","2020","First major","'99'","Grand total","Bachelor's degree","4103","1940","2163","23","6","17","47","28","19","662","270","392","101","47","54","5","1","4","3129","1523","1606","67","24","43","8","3","5","61","38","23","-2"
"176080","Mississippi State University","2020","First major","'99'","Grand total","Master's degree","788","389","399","1","0","1","9","4","5","84","31","53","28","14","14","0","0","0","563","279","284","8","4","4","6","4","2","89","53","36","-2"
"176080","Mississippi State University","2020","First major","'99'","Grand total","Doctor's degree - research/scholarship","160","95","65","0","0","0","2","0","2","15","8","7","3","1","2","0","0","0","84","49","35","1","0","1","0","0","0","55","37","18","-2"
"176080","Mississippi State University","2020","First major","'99'","Grand total","Doctor's degree - professional practice","87","19","68","0","0","0","0","0","0","1","0","1","3","0","3","0","0","0","82","19","63","0","0","0","1","0","1","0","0","0","-2"
"176080","Mississippi State University","2020","Second major","'99'","Grand total","Bachelor's degree","72","39","33","0","0","0","2","1","1","9","1","8","1","1","0","0","0","0","57","35","22","1","0","1","0","0","0","2","1","1","-2"
"176080","Mississippi State University","2020","Second major","'99'","Grand total","Master's degree","6","5","1","0","0","0","0","0","0","1","1","0","0","0","0","0","0","0","5","4","1","0","0","0","0","0","0","0","0","0","-2"
"176169","Northeast Mississippi Community College","2020","First major","'99'","Grand total","Associate's degree","749","267","482","1","0","1","5","1","4","122","52","70","15","8","7","0","0","0","597","204","393","6","2","4","3","0","3","0","0","0","-2"
"176178","Northwest Mississippi Community College","2020","First major","'99'","Grand total","Associate's degree","1088","406","682","5","1","4","4","3","1","335","103","232","47","15","32","0","0","0","674","274","400","21","9","12","2","1","1","0","0","0","-2"
"176239","Pearl River Community College","2020","First major","'99'","Grand total","Associate's degree","1008","386","622","7","1","6","8","2","6","245","80","165","21","9","12","0","0","0","693","281","412","0","0","0","30","10","20","4","3","1","-2"
"176318","Rust College","2020","First major","'99'","Grand total","Associate's degree","1","0","1","0","0","0","0","0","0","1","0","1","0","0","0","0","0","0","0","0","0","0","0","0","0","0","0","0","0","0","-2"
"176318","Rust College","2020","First major","'99'","Grand total","Bachelor's degree","125","36","89","0","0","0","0","0","0","117","31","86","0","0","0","0","0","0","0","0","0","0","0","0","3","2","1","5","3","2","-2"
"176336","Southeastern Baptist College","2020","First major","'99'","Grand total","Associate's degree","7","3","4","0","0","0","0","0","0","6","2","4","0","0","0","0","0","0","1","1","0","0","0","0","0","0","0","0","0","0","-2"
"176336","Southeastern Baptist College","2020","First major","'99'","Grand total","Bachelor's degree","3","2","1","0","0","0","0","0","0","0","0","0","0","0","0","0","0","0","3","2","1","0","0","0","0","0","0","0","0","0","-2"
"176354","Southwest Mississippi Community College","2020","First major","'99'","Grand total","Associate's degree","431","178","253","0","0","0","3","2","1","181","72","109","8","5","3","0","0","0","227","93","134","6","3","3","4","2","2","2","1","1","-2"
"176372","University of Southern Mississippi","2020","First major","'99'","Grand total","Bachelor's degree","2474","874","1600","10","7","3","45","19","26","564","162","402","75","24","51","3","1","2","1650","599","1051","65","25","40","0","0","0","62","37","25","-2"
"176372","University of Southern Mississippi","2020","First major","'99'","Grand total","Master's degree","635","187","448","6","1","5","6","1","5","86","23","63","16","1","15","0","0","0","476","135","341","10","4","6","0","0","0","35","22","13","-2"
"176372","University of Southern Mississippi","2020","First major","'99'","Grand total","Doctor's degree - research/scholarship","161","81","80","0","0","0","9","8","1","28","9","19","1","1","0","0","0","0","120","62","58","2","1","1","0","0","0","1","0","1","-2"
"176372","University of Southern Mississippi","2020","Second major","'99'","Grand total","Bachelor's degree","29","13","16","1","0","1","4","3","1","4","1","3","1","0","1","0","0","0","12","4","8","1","1","0","0","0","0","6","4","2","-2"
"176372","University of Southern Mississippi","2020","Second major","'99'","Grand total","Master's degree","6","2","4","0","0","0","0","0","0","0","0","0","1","0","1","0","0","0","3","1","2","0","0","0","0","0","0","2","1","1","-2"
"176406","Tougaloo College","2020","First major","'99'","Grand total","Associate's degree","0","0","0","0","0","0","0","0","0","0","0","0","0","0","0","0","0","0","0","0","0","0","0","0","0","0","0","0","0","0","-2"
"176406","Tougaloo College","2020","First major","'99'","Grand total","Bachelor's degree","108","25","83","0","0","0","0","0","0","102","22","80","1","1","0","0","0","0","0","0","0","0","0","0","0","0","0","5","2","3","-2"
"176406","Tougaloo College","2020","First major","'99'","Grand total","Master's degree","1","0","1","0","0","0","0","0","0","1","0","1","0","0","0","0","0","0","0","0","0","0","0","0","0","0","0","0","0","0","-2"
"176451","Wesley Biblical Seminary","2020","First major","'99'","Grand total","Master's degree","14","10","4","0","0","0","0","0","0","4","2","2","1","1","0","0","0","0","5","3","2","0","0","0","4","4","0","0","0","0","-2"
"176451","Wesley Biblical Seminary","2020","First major","'99'","Grand total","Doctor's degree - other","3","3","0","0","0","0","0","0","0","0","0","0","0","0","0","0","0","0","3","3","0","0","0","0","0","0","0","0","0","0","-2"
"176479","William Carey University","2020","First major","'99'","Grand total","Bachelor's degree","527","173","354","1","1","0","2","1","1","128","34","94","8","3","5","0","0","0","354","119","235","0","0","0","15","3","12","19","12","7","-2"
"176479","William Carey University","2020","First major","'99'","Grand total","Master's degree","514","126","388","0","0","0","3","2","1","137","26","111","3","0","3","0","0","0","357","90","267","0","0","0","5","0","5","9","8","1","-2"
"176479","William Carey University","2020","First major","'99'","Grand total","Doctor's degree - research/scholarship","78","16","62","0","0","0","0","0","0","36","6","30","0","0","0","0","0","0","42","10","32","0","0","0","0","0","0","0","0","0","-2"
"176479","William Carey University","2020","First major","'99'","Grand total","Doctor's degree - professional practice","129","65","64","0","0","0","25","10","15","11","3","8","5","2","3","0","0","0","83","48","35","0","0","0","1","0","1","4","2","2","-2"
"176600","Aquinas Institute of Theology","2020","First major","'99'","Grand total","Master's degree","20","14","6","0","0","0","0","0","0","0","0","0","3","1","2","1","1","0","12","9","3","0","0","0","0","0","0","4","3","1","-2"
"176600","Aquinas Institute of Theology","2020","First major","'99'","Grand total","Doctor's degree - research/scholarship","4","4","0","0","0","0","1","1","0","0","0","0","0","0","0","0","0","0","1","1","0","0","0","0","0","0","0","2","2","0","-2"
"176628","Avila University","2020","First major","'99'","Grand total","Bachelor's degree","285","107","178","0","0","0","4","0","4","49","22","27","23","11","12","2","0","2","162","39","123","8","1","7","0","0","0","37","34","3","-2"
"176628","Avila University","2020","First major","'99'","Grand total","Master's degree","122","31","91","0","0","0","0","0","0","16","5","11","8","2","6","1","1","0","86","20","66","3","0","3","0","0","0","8","3","5","-2"
"176628","Avila University","2020","Second major","'99'","Grand total","Bachelor's degree","6","2","4","0","0","0","0","0","0","0","0","0","1","1","0","0","0","0","5","1","4","0","0","0","0","0","0","0","0","0","-2"
"176664","Baptist Bible College","2020","First major","'99'","Grand total","Associate's degree","3","1","2","0","0","0","0","0","0","0","0","0","1","0","1","0","0","0","2","1","1","0","0","0","0","0","0","0","0","0","-2"
"176664","Baptist Bible College","2020","First major","'99'","Grand total","Bachelor's degree","59","27","32","2","1","1","0","0","0","0","0","0","4","1","3","0","0","0","48","23","25","4","1","3","0","0","0","1","1","0","-2"
"176664","Baptist Bible College","2020","First major","'99'","Grand total","Master's degree","4","4","0","0","0","0","0","0","0","0","0","0","0","0","0","0","0","0","3","3","0","0","0","0","0","0","0","1","1","0","-2"
"176770","Cox College","2020","First major","'99'","Grand total","Associate's degree","113","14","99","0","0","0","2","0","2","2","0","2","2","0","2","1","1","0","98","13","85","3","0","3","5","0","5","0","0","0","-2"
"176770","Cox College","2020","First major","'99'","Grand total","Bachelor's degree","153","23","130","0","0","0","4","1","3","1","0","1","2","2","0","0","0","0","133","17","116","4","0","4","9","3","6","0","0","0","-2"
"176770","Cox College","2020","First major","'99'","Grand total","Master's degree","79","9","70","0","0","0","0","0","0","3","1","2","3","1","2","0","0","0","68","6","62","2","1","1","3","0","3","0","0","0","-2"
"176789","Calvary University","2020","First major","'99'","Grand total","Associate's degree","7","3","4","0","0","0","0","0","0","0","0","0","0","0","0","0","0","0","7","3","4","0","0","0","0","0","0","0","0","0","-2"
"176789","Calvary University","2020","First major","'99'","Grand total","Bachelor's degree","42","14","28","0","0","0","0","0","0","2","2","0","2","0","2","0","0","0","34","12","22","4","0","4","0","0","0","0","0","0","-2"
"176789","Calvary University","2020","First major","'99'","Grand total","Master's degree","13","11","2","0","0","0","1","0","1","1","1","0","0","0","0","2","2","0","9","8","1","0","0","0","0","0","0","0","0","0","-2"
"176789","Calvary University","2020","First major","'99'","Grand total","Doctor's degree - research/scholarship","0","0","0","0","0","0","0","0","0","0","0","0","0","0","0","0","0","0","0","0","0","0","0","0","0","0","0","0","0","0","-2"
"176910","Central Christian College of the Bible","2020","First major","'99'","Grand total","Associate's degree","8","5","3","0","0","0","0","0","0","1","1","0","0","0","0","0","0","0","5","2","3","2","2","0","0","0","0","0","0","0","-2"
"176910","Central Christian College of the Bible","2020","First major","'99'","Grand total","Bachelor's degree","38","19","19","0","0","0","0","0","0","0","0","0","2","1","1","0","0","0","36","18","18","0","0","0","0","0","0","0","0","0","-2"
"176910","Central Christian College of the Bible","2020","First major","'99'","Grand total","Master's degree","0","0","0","0","0","0","0","0","0","0","0","0","0","0","0","0","0","0","0","0","0","0","0","0","0","0","0","0","0","0","-2"
"176947","Central Methodist University-College of Liberal Arts and Sciences","2020","First major","'99'","Grand total","Associate's degree","8","6","2","0","0","0","0","0","0","0","0","0","1","0","1","0","0","0","5","5","0","1","1","0","1","0","1","0","0","0","-2"
"176947","Central Methodist University-College of Liberal Arts and Sciences","2020","First major","'99'","Grand total","Bachelor's degree","263","111","152","0","0","0","2","0","2","19","11","8","15","8","7","0","0","0","185","72","113","12","5","7","7","3","4","23","12","11","-2"
"176947","Central Methodist University-College of Liberal Arts and Sciences","2020","Second major","'99'","Grand total","Bachelor's degree","17","10","7","0","0","0","0","0","0","0","0","0","0","0","0","0","0","0","12","6","6","1","1","0","0","0","0","4","3","1","-2"
"176965","University of Central Missouri","2020","First major","'99'","Grand total","Bachelor's degree","1878","797","1081","3","1","2","16","8","8","141","57","84","73","35","38","4","2","2","1505","615","890","68","29","39","18","12","6","50","38","12","-2"
"176965","University of Central Missouri","2020","First major","'99'","Grand total","Master's degree","901","353","548","1","0","1","8","3","5","26","10","16","22","13","9","0","0","0","456","125","331","15","2","13","18","2","16","355","198","157","-2"
"176965","University of Central Missouri","2020","Second major","'99'","Grand total","Bachelor's degree","32","16","16","0","0","0","1","0","1","1","1","0","1","0","1","0","0","0","24","14","10","4","1","3","0","0","0","1","0","1","-2"
"177038","Cleveland University-Kansas City","2020","First major","'99'","Grand total","Associate's degree","17","3","14","0","0","0","1","0","1","3","1","2","0","0","0","0","0","0","12","1","11","0","0","0","1","1","0","0","0","0","-2"
"177038","Cleveland University-Kansas City","2020","First major","'99'","Grand total","Bachelor's degree","21","9","12","0","0","0","0","0","0","0","0","0","1","1","0","0","0","0","14","3","11","0","0","0","6","5","1","0","0","0","-2"
"177038","Cleveland University-Kansas City","2020","First major","'99'","Grand total","Master's degree","0","0","0","0","0","0","0","0","0","0","0","0","0","0","0","0","0","0","0","0","0","0","0","0","0","0","0","0","0","0","-2"
"177038","Cleveland University-Kansas City","2020","First major","'99'","Grand total","Doctor's degree - professional practice","127","71","56","0","0","0","4","3","1","4","2","2","3","3","0","0","0","0","97","56","41","3","1","2","16","6","10","0","0","0","-2"
"177065","Columbia College","2020","First major","'99'","Grand total","Associate's degree","1043","517","526","7","4","3","21","16","5","257","97","160","107","59","48","7","6","1","554","294","260","45","21","24","22","11","11","23","9","14","-2"
"177065","Columbia College","2020","First major","'99'","Grand total","Bachelor's degree","1843","816","1027","11","5","6","25","12","13","341","136","205","198","91","107","4","3","1","1102","499","603","89","36","53","40","16","24","33","18","15","-2"
"177065","Columbia College","2020","First major","'99'","Grand total","Master's degree","228","85","143","2","1","1","3","1","2","29","9","20","16","5","11","1","0","1","153","58","95","15","7","8","0","0","0","9","4","5","-2"
"177065","Columbia College","2020","Second major","'99'","Grand total","Bachelor's degree","226","88","138","2","1","1","2","1","1","30","12","18","23","7","16","0","0","0","154","61","93","5","1","4","7","3","4","3","2","1","-2"
"177083","Conception Seminary College","2020","First major","'99'","Grand total","Bachelor's degree","6","6","0","0","0","0","1","1","0","0","0","0","1","1","0","0","0","0","4","4","0","0","0","0","0","0","0","0","0","0","-2"
"177092","Concordia Seminary","2020","First major","'99'","Grand total","Master's degree","79","72","7","0","0","0","0","0","0","3","2","1","4","3","1","0","0","0","66","62","4","1","1","0","5","4","1","0","0","0","-2"
"177092","Concordia Seminary","2020","First major","'99'","Grand total","Doctor's degree - research/scholarship","8","7","1","0","0","0","0","0","0","0","0","0","0","0","0","0","0","0","5","4","1","2","2","0","1","1","0","0","0","0","-2"
"177092","Concordia Seminary","2020","First major","'99'","Grand total","Doctor's degree - other","3","3","0","0","0","0","0","0","0","0","0","0","0","0","0","0","0","0","2","2","0","1","1","0","0","0","0","0","0","0","-2"
"177117","Cottey College","2020","First major","'99'","Grand total","Associate's degree","52","0","52","0","0","0","0","0","0","2","0","2","5","0","5","0","0","0","33","0","33","3","0","3","0","0","0","9","0","9","-2"
"177117","Cottey College","2020","First major","'99'","Grand total","Bachelor's degree","39","0","39","0","0","0","0","0","0","4","0","4","0","0","0","1","0","1","25","0","25","2","0","2","0","0","0","7","0","7","-2"
"177126","Covenant Theological Seminary","2020","First major","'99'","Grand total","Master's degree","103","67","36","0","0","0","7","4","3","4","2","2","3","3","0","1","1","0","72","47","25","3","1","2","3","2","1","10","7","3","-2"
"177126","Covenant Theological Seminary","2020","First major","'99'","Grand total","Doctor's degree - research/scholarship","3","3","0","0","0","0","0","0","0","0","0","0","0","0","0","0","0","0","3","3","0","0","0","0","0","0","0","0","0","0","-2"
"177135","Crowder College","2020","First major","'99'","Grand total","Associate's degree","681","218","463","13","4","9","16","5","11","5","1","4","54","19","35","0","0","0","546","176","370","34","7","27","9","4","5","4","2","2","-2"
"177144","Culver-Stockton College","2020","First major","'99'","Grand total","Bachelor's degree","195","85","110","2","0","2","2","2","0","10","7","3","9","7","2","0","0","0","153","54","99","5","3","2","0","0","0","14","12","2","-2"
"177144","Culver-Stockton College","2020","First major","'99'","Grand total","Master's degree","21","7","14","0","0","0","0","0","0","1","0","1","0","0","0","0","0","0","20","7","13","0","0","0","0","0","0","0","0","0","-2"
"177144","Culver-Stockton College","2020","Second major","'99'","Grand total","Bachelor's degree","20","10","10","1","0","1","1","1","0","0","0","0","0","0","0","0","0","0","15","6","9","0","0","0","0","0","0","3","3","0","-2"
"177214","Drury University","2020","First major","'99'","Grand total","Bachelor's degree","309","119","190","0","0","0","4","2","2","7","2","5","8","3","5","0","0","0","254","97","157","10","2","8","2","1","1","24","12","12","-2"
"177214","Drury University","2020","First major","'99'","Grand total","Master's degree","96","30","66","0","0","0","2","1","1","4","3","1","2","0","2","0","0","0","82","20","62","1","1","0","0","0","0","5","5","0","-2"
"177214","Drury University","2020","Second major","'99'","Grand total","Bachelor's degree","102","33","69","0","0","0","0","0","0","0","0","0","1","0","1","0","0","0","91","29","62","1","0","1","1","0","1","8","4","4","-2"
"177250","East Central College","2020","First major","'99'","Grand total","Associate's degree","472","146","326","1","0","1","6","1","5","2","0","2","12","2","10","0","0","0","439","137","302","9","3","6","0","0","0","3","3","0","-2"
"177278","Eden Theological Seminary","2020","First major","'99'","Grand total","Master's degree","22","8","14","0","0","0","0","0","0","8","2","6","0","0","0","0","0","0","11","5","6","0","0","0","0","0","0","3","1","2","-2"
"177278","Eden Theological Seminary","2020","First major","'99'","Grand total","Doctor's degree - research/scholarship","1","1","0","0","0","0","0","0","0","0","0","0","0","0","0","0","0","0","1","1","0","0","0","0","0","0","0","0","0","0","-2"
"177302","Pinnacle Career Institute-South Kansas City","2020","First major","'99'","Grand total","Associate's degree","0","0","0","0","0","0","0","0","0","0","0","0","0","0","0","0","0","0","0","0","0","0","0","0","0","0","0","0","0","0","-2"
"177339","Evangel University","2020","First major","'99'","Grand total","Associate's degree","44","19","25","0","0","0","1","0","1","1","0","1","2","2","0","0","0","0","33","16","17","6","1","5","1","0","1","0","0","0","-2"
"177339","Evangel University","2020","First major","'99'","Grand total","Bachelor's degree","357","132","225","3","1","2","3","0","3","11","8","3","18","9","9","1","0","1","307","106","201","10","6","4","4","2","2","0","0","0","-2"
"177339","Evangel University","2020","First major","'99'","Grand total","Master's degree","102","40","62","1","1","0","1","0","1","3","2","1","5","2","3","0","0","0","89","34","55","3","1","2","0","0","0","0","0","0","-2"
"177339","Evangel University","2020","First major","'99'","Grand total","Doctor's degree - research/scholarship","10","5","5","1","0","1","0","0","0","0","0","0","0","0","0","0","0","0","8","5","3","0","0","0","1","0","1","0","0","0","-2"
"177339","Evangel University","2020","First major","'99'","Grand total","Doctor's degree - professional practice","16","13","3","0","0","0","0","0","0","3","2","1","2","2","0","0","0","0","11","9","2","0","0","0","0","0","0","0","0","0","-2"
"177339","Evangel University","2020","Second major","'99'","Grand total","Bachelor's degree","26","7","19","0","0","0","0","0","0","0","0","0","1","0","1","0","0","0","23","6","17","1","1","0","1","0","1","0","0","0","-2"
"177418","Fontbonne University","2020","First major","'99'","Grand total","Bachelor's degree","180","66","114","1","1","0","4","0","4","17","6","11","4","1","3","0","0","0","135","49","86","6","2","4","6","1","5","7","6","1","-2"
"177418","Fontbonne University","2020","First major","'99'","Grand total","Master's degree","138","31","107","0","0","0","1","0","1","21","7","14","3","0","3","0","0","0","93","14","79","4","0","4","4","2","2","12","8","4","-2"
"177418","Fontbonne University","2020","First major","'99'","Grand total","Doctor's degree - research/scholarship","0","0","0","0","0","0","0","0","0","0","0","0","0","0","0","0","0","0","0","0","0","0","0","0","0","0","0","0","0","0","-2"
"177418","Fontbonne University","2020","Second major","'99'","Grand total","Bachelor's degree","4","3","1","0","0","0","0","0","0","0","0","0","0","0","0","0","0","0","3","2","1","0","0","0","0","0","0","1","1","0","-2"
"177472","Ozarks Technical Community College","2020","First major","'99'","Grand total","Associate's degree","1647","622","1025","8","3","5","30","10","20","38","16","22","78","22","56","1","0","1","1330","498","832","126","53","73","36","20","16","0","0","0","-2"
"177542","Hannibal-LaGrange University","2020","First major","'99'","Grand total","Associate's degree","36","2","34","0","0","0","0","0","0","0","0","0","0","0","0","1","0","1","35","2","33","0","0","0","0","0","0","0","0","0","-2"
"177542","Hannibal-LaGrange University","2020","First major","'99'","Grand total","Bachelor's degree","149","50","99","0","0","0","0","0","0","2","0","2","5","3","2","0","0","0","130","43","87","2","1","1","7","0","7","3","3","0","-2"
"177542","Hannibal-LaGrange University","2020","First major","'99'","Grand total","Master's degree","38","7","31","0","0","0","0","0","0","0","0","0","1","0","1","0","0","0","36","7","29","0","0","0","1","0","1","0","0","0","-2"
"177542","Hannibal-LaGrange University","2020","Second major","'99'","Grand total","Bachelor's degree","1","0","1","0","0","0","0","0","0","0","0","0","0","0","0","0","0","0","1","0","1","0","0","0","0","0","0","0","0","0","-2"
"177551","Harris-Stowe State University","2020","First major","'99'","Grand total","Bachelor's degree","191","58","133","1","0","1","1","0","1","150","42","108","10","3","7","0","0","0","8","4","4","6","3","3","10","2","8","5","4","1","-2"
"177676","Jefferson College","2020","First major","'99'","Grand total","Associate's degree","694","257","437","1","1","0","9","3","6","8","4","4","18","7","11","1","0","1","637","233","404","14","3","11","0","0","0","6","6","0","-2"
"177719","Barnes-Jewish College Goldfarb School of Nursing","2020","First major","'99'","Grand total","Bachelor's degree","410","49","361","1","0","1","12","0","12","28","5","23","7","2","5","2","1","1","333","35","298","13","3","10","5","1","4","9","2","7","-2"
"177719","Barnes-Jewish College Goldfarb School of Nursing","2020","First major","'99'","Grand total","Master's degree","26","5","21","0","0","0","0","0","0","3","0","3","1","0","1","0","0","0","22","5","17","0","0","0","0","0","0","0","0","0","-2"
"177719","Barnes-Jewish College Goldfarb School of Nursing","2020","First major","'99'","Grand total","Doctor's degree - research/scholarship","0","0","0","0","0","0","0","0","0","0","0","0","0","0","0","0","0","0","0","0","0","0","0","0","0","0","0","0","0","0","-2"
"177719","Barnes-Jewish College Goldfarb School of Nursing","2020","First major","'99'","Grand total","Doctor's degree - professional practice","0","0","0","0","0","0","0","0","0","0","0","0","0","0","0","0","0","0","0","0","0","0","0","0","0","0","0","0","0","0","-2"
"177719","Barnes-Jewish College Goldfarb School of Nursing","2020","First major","'99'","Grand total","Doctor's degree - other","1","0","1","0","0","0","0","0","0","0","0","0","0","0","0","0","0","0","1","0","1","0","0","0","0","0","0","0","0","0","-2"
"177746","Kansas City Art Institute","2020","First major","'99'","Grand total","Bachelor's degree","132","26","106","1","1","0","7","3","4","6","1","5","7","2","5","0","0","0","84","14","70","14","1","13","11","3","8","2","1","1","-2"
"177746","Kansas City Art Institute","2020","Second major","'99'","Grand total","Bachelor's degree","19","1","18","0","0","0","1","0","1","1","0","1","0","0","0","0","0","0","13","1","12","3","0","3","1","0","1","0","0","0","-2"
"177816","Kenrick Glennon Seminary","2020","First major","'99'","Grand total","Master's degree","13","13","0","0","0","0","0","0","0","0","0","0","1","1","0","0","0","0","12","12","0","0","0","0","0","0","0","0","0","0","-2"
"177834","A T Still University of Health Sciences","2020","First major","'99'","Grand total","Master's degree","315","107","208","2","0","2","37","11","26","32","8","24","35","17","18","0","0","0","179","59","120","14","3","11","9","5","4","7","4","3","-2"
"177834","A T Still University of Health Sciences","2020","First major","'99'","Grand total","Doctor's degree - research/scholarship","124","40","84","2","0","2","1","1","0","19","8","11","12","3","9","0","0","0","78","23","55","1","0","1","7","3","4","4","2","2","-2"
"177834","A T Still University of Health Sciences","2020","First major","'99'","Grand total","Doctor's degree - professional practice","617","251","366","3","0","3","103","37","66","15","7","8","40","10","30","1","1","0","351","158","193","27","12","15","40","15","25","37","11","26","-2"
"177940","Lincoln University","2020","First major","'99'","Grand total","Associate's degree","33","9","24","0","0","0","2","0","2","4","2","2","1","0","1","0","0","0","24","6","18","2","1","1","0","0","0","0","0","0","-2"
"177940","Lincoln University","2020","First major","'99'","Grand total","Bachelor's degree","305","113","192","1","0","1","2","0","2","147","58","89","4","3","1","0","0","0","105","34","71","11","3","8","24","11","13","11","4","7","-2"
"177940","Lincoln University","2020","First major","'99'","Grand total","Master's degree","24","8","16","0","0","0","0","0","0","7","3","4","0","0","0","0","0","0","11","3","8","0","0","0","0","0","0","6","2","4","-2"
"177968","Lindenwood University","2020","First major","'99'","Grand total","Bachelor's degree","1673","740","933","5","1","4","19","11","8","198","79","119","62","27","35","7","1","6","980","418","562","34","12","22","181","86","95","187","105","82","-2"
"177968","Lindenwood University","2020","First major","'99'","Grand total","Master's degree","1030","338","692","2","0","2","6","2","4","195","45","150","33","13","20","1","0","1","610","199","411","22","6","16","89","31","58","72","42","30","-2"
"177968","Lindenwood University","2020","First major","'99'","Grand total","Doctor's degree - research/scholarship","41","21","20","0","0","0","0","0","0","4","0","4","1","1","0","0","0","0","28","16","12","0","0","0","6","3","3","2","1","1","-2"
"177968","Lindenwood University","2020","Second major","'99'","Grand total","Bachelor's degree","73","25","48","0","0","0","0","0","0","0","0","0","2","0","2","0","0","0","48","16","32","2","1","1","5","3","2","16","5","11","-2"
"177968","Lindenwood University","2020","Second major","'99'","Grand total","Master's degree","3","1","2","0","0","0","0","0","0","0","0","0","0","0","0","0","0","0","3","1","2","0","0","0","0","0","0","0","0","0","-2"
"177977","State Technical College of Missouri","2020","First major","'99'","Grand total","Associate's degree","533","438","95","1","1","0","3","3","0","7","4","3","8","7","1","0","0","0","504","416","88","3","2","1","7","5","2","0","0","0","-2"
"177986","Logan University","2020","First major","'99'","Grand total","Bachelor's degree","47","22","25","0","0","0","2","2","0","1","0","1","0","0","0","0","0","0","33","14","19","3","2","1","8","4","4","0","0","0","-2"
"177986","Logan University","2020","First major","'99'","Grand total","Master's degree","213","76","137","0","0","0","6","2","4","27","9","18","13","11","2","0","0","0","142","46","96","6","2","4","18","5","13","1","1","0","-2"
"177986","Logan University","2020","First major","'99'","Grand total","Doctor's degree - research/scholarship","10","3","7","0","0","0","1","0","1","1","0","1","0","0","0","0","0","0","6","3","3","0","0","0","2","0","2","0","0","0","-2"
"177986","Logan University","2020","First major","'99'","Grand total","Doctor's degree - professional practice","205","121","84","0","0","0","6","3","3","12","7","5","5","3","2","0","0","0","164","94","70","5","3","2","8","7","1","5","4","1","-2"
"177995","Metropolitan Community College-Kansas City","2020","First major","'99'","Grand total","Associate's degree","1857","683","1174","7","2","5","55","23","32","220","65","155","189","62","127","1","0","1","1209","461","748","109","43","66","44","19","25","23","8","15","-2"
"178059","Maryville University of Saint Louis","2020","First major","'99'","Grand total","Bachelor's degree","690","214","476","1","0","1","22","5","17","35","5","30","23","9","14","0","0","0","537","155","382","17","7","10","24","8","16","31","25","6","-2"
"178059","Maryville University of Saint Louis","2020","First major","'99'","Grand total","Master's degree","1513","405","1108","17","7","10","68","22","46","159","53","106","79","27","52","0","0","0","1027","240","787","35","10","25","93","29","64","35","17","18","-2"
"178059","Maryville University of Saint Louis","2020","First major","'99'","Grand total","Doctor's degree - research/scholarship","197","45","152","1","0","1","3","0","3","38","4","34","5","2","3","0","0","0","135","34","101","2","1","1","13","4","9","0","0","0","-2"
"178059","Maryville University of Saint Louis","2020","Second major","'99'","Grand total","Bachelor's degree","35","9","26","0","0","0","1","0","1","1","0","1","4","3","1","0","0","0","23","4","19","3","0","3","0","0","0","3","2","1","-2"
"178059","Maryville University of Saint Louis","2020","Second major","'99'","Grand total","Master's degree","2","0","2","0","0","0","0","0","0","0","0","0","0","0","0","0","0","0","2","0","2","0","0","0","0","0","0","0","0","0","-2"
"178059","Maryville University of Saint Louis","2020","Second major","'99'","Grand total","Doctor's degree - research/scholarship","1","0","1","0","0","0","0","0","0","1","0","1","0","0","0","0","0","0","0","0","0","0","0","0","0","0","0","0","0","0","-2"
"178183","Midwest Institute","2020","First major","'99'","Grand total","Associate's degree","55","1","54","0","0","0","0","0","0","6","0","6","0","0","0","0","0","0","34","1","33","0","0","0","15","0","15","0","0","0","-2"
"178208","Midwestern Baptist Theological Seminary","2020","First major","'99'","Grand total","Associate's degree","13","6","7","0","0","0","0","0","0","0","0","0","1","0","1","0","0","0","12","6","6","0","0","0","0","0","0","0","0","0","-2"
"178208","Midwestern Baptist Theological Seminary","2020","First major","'99'","Grand total","Bachelor's degree","72","51","21","1","1","0","1","0","1","3","2","1","3","2","1","0","0","0","63","45","18","1","1","0","0","0","0","0","0","0","-2"
"178208","Midwestern Baptist Theological Seminary","2020","First major","'99'","Grand total","Master's degree","250","199","51","1","1","0","21","12","9","12","6","6","12","9","3","0","0","0","174","149","25","3","1","2","20","17","3","7","4","3","-2"
"178208","Midwestern Baptist Theological Seminary","2020","First major","'99'","Grand total","Doctor's degree - research/scholarship","63","60","3","0","0","0","7","6","1","2","2","0","1","0","1","0","0","0","47","46","1","0","0","0","5","5","0","1","1","0","-2"
"178208","Midwestern Baptist Theological Seminary","2020","First major","'99'","Grand total","Doctor's degree - professional practice","39","32","7","1","0","1","3","0","3","2","2","0","4","3","1","0","0","0","22","21","1","0","0","0","5","4","1","2","2","0","-2"
"178208","Midwestern Baptist Theological Seminary","2020","Second major","'99'","Grand total","Bachelor's degree","6","0","6","0","0","0","0","0","0","0","0","0","0","0","0","0","0","0","6","0","6","0","0","0","0","0","0","0","0","0","-2"
"178217","Mineral Area College","2020","First major","'99'","Grand total","Associate's degree","508","169","339","1","0","1","6","3","3","8","3","5","12","4","8","0","0","0","452","152","300","13","3","10","8","2","6","8","2","6","-2"
"178244","Missouri Baptist University","2020","First major","'99'","Grand total","Associate's degree","10","2","8","0","0","0","0","0","0","1","0","1","0","0","0","0","0","0","9","2","7","0","0","0","0","0","0","0","0","0","-2"
"178244","Missouri Baptist University","2020","First major","'99'","Grand total","Bachelor's degree","495","181","314","8","2","6","3","2","1","48","26","22","3","1","2","0","0","0","405","137","268","5","3","2","12","5","7","11","5","6","-2"
"178244","Missouri Baptist University","2020","First major","'99'","Grand total","Master's degree","230","74","156","1","0","1","1","0","1","19","10","9","2","0","2","0","0","0","192","56","136","1","0","1","2","0","2","12","8","4","-2"
"178244","Missouri Baptist University","2020","First major","'99'","Grand total","Doctor's degree - research/scholarship","12","3","9","0","0","0","0","0","0","3","1","2","0","0","0","0","0","0","9","2","7","0","0","0","0","0","0","0","0","0","-2"
"178244","Missouri Baptist University","2020","Second major","'99'","Grand total","Bachelor's degree","35","6","29","0","0","0","0","0","0","1","1","0","0","0","0","0","0","0","29","4","25","2","0","2","1","0","1","2","1","1","-2"
"178341","Missouri Southern State University","2020","First major","'99'","Grand total","Associate's degree","167","74","93","5","2","3","3","0","3","8","6","2","17","8","9","0","0","0","120","49","71","4","2","2","3","1","2","7","6","1","-2"
"178341","Missouri Southern State University","2020","First major","'99'","Grand total","Bachelor's degree","999","377","622","33","13","20","23","8","15","46","25","21","64","25","39","1","0","1","753","263","490","15","4","11","21","9","12","43","30","13","-2"
"178341","Missouri Southern State University","2020","First major","'99'","Grand total","Master's degree","78","26","52","2","1","1","1","1","0","2","1","1","4","2","2","0","0","0","63","17","46","0","0","0","0","0","0","6","4","2","-2"
"178341","Missouri Southern State University","2020","Second major","'99'","Grand total","Associate's degree","1","1","0","0","0","0","0","0","0","0","0","0","0","0","0","0","0","0","1","1","0","0","0","0","0","0","0","0","0","0","-2"
"178341","Missouri Southern State University","2020","Second major","'99'","Grand total","Bachelor's degree","9","5","4","0","0","0","0","0","0","0","0","0","1","0","1","0","0","0","7","5","2","0","0","0","0","0","0","1","0","1","-2"
"178369","Missouri Valley College","2020","First major","'99'","Grand total","Associate's degree","3","3","0","0","0","0","0","0","0","0","0","0","1","1","0","0","0","0","2","2","0","0","0","0","0","0","0","0","0","0","-2"
"178369","Missouri Valley College","2020","First major","'99'","Grand total","Bachelor's degree","227","114","113","1","1","0","2","1","1","25","14","11","24","14","10","0","0","0","120","51","69","14","3","11","4","2","2","37","28","9","-2"
"178369","Missouri Valley College","2020","First major","'99'","Grand total","Master's degree","13","1","12","0","0","0","0","0","0","1","0","1","2","0","2","0","0","0","6","0","6","0","0","0","0","0","0","4","1","3","-2"
"178369","Missouri Valley College","2020","Second major","'99'","Grand total","Bachelor's degree","13","9","4","0","0","0","0","0","0","0","0","0","0","0","0","0","0","0","5","3","2","1","0","1","0","0","0","7","6","1","-2"
"178387","Missouri Western State University","2020","First major","'99'","Grand total","Associate's degree","31","15","16","1","1","0","0","0","0","2","2","0","0","0","0","0","0","0","26","11","15","2","1","1","0","0","0","0","0","0","-2"
"178387","Missouri Western State University","2020","First major","'99'","Grand total","Bachelor's degree","695","243","452","3","2","1","4","2","2","48","19","29","10","3","7","2","2","0","556","191","365","48","15","33","11","2","9","13","7","6","-2"
"178387","Missouri Western State University","2020","First major","'99'","Grand total","Master's degree","87","42","45","2","1","1","5","2","3","2","1","1","3","1","2","0","0","0","58","29","29","4","1","3","3","0","3","10","7","3","-2"
"178387","Missouri Western State University","2020","Second major","'99'","Grand total","Bachelor's degree","28","16","12","0","0","0","0","0","0","4","1","3","0","0","0","0","0","0","24","15","9","0","0","0","0","0","0","0","0","0","-2"
"178396","University of Missouri-Columbia","2020","First major","'99'","Grand total","Bachelor's degree","5641","2566","3075","13","8","5","131","61","70","378","130","248","213","91","122","2","1","1","4438","2051","2387","164","53","111","39","22","17","263","149","114","-2"
"178396","University of Missouri-Columbia","2020","First major","'99'","Grand total","Master's degree","1562","648","914","5","3","2","37","16","21","69","35","34","62","25","37","0","0","0","1137","452","685","52","24","28","22","9","13","178","84","94","-2"
"178396","University of Missouri-Columbia","2020","First major","'99'","Grand total","Doctor's degree - research/scholarship","359","166","193","0","0","0","7","4","3","10","3","7","13","6","7","0","0","0","187","71","116","2","0","2","19","9","10","121","73","48","-2"
"178396","University of Missouri-Columbia","2020","First major","'99'","Grand total","Doctor's degree - professional practice","376","149","227","0","0","0","2","1","1","12","7","5","16","4","12","0","0","0","311","123","188","4","1","3","31","13","18","0","0","0","-2"
"178402","University of Missouri-Kansas City","2020","First major","'99'","Grand total","Bachelor's degree","1903","819","1084","6","6","0","186","75","111","199","64","135","167","67","100","5","1","4","1079","466","613","80","33","47","91","45","46","90","62","28","-2"
"178402","University of Missouri-Kansas City","2020","First major","'99'","Grand total","Master's degree","892","403","489","2","2","0","35","17","18","66","26","40","28","14","14","1","0","1","475","172","303","17","6","11","46","30","16","222","136","86","-2"
"178402","University of Missouri-Kansas City","2020","First major","'99'","Grand total","Doctor's degree - research/scholarship","138","41","97","1","0","1","6","1","5","7","0","7","6","2","4","0","0","0","81","21","60","3","0","3","13","4","9","21","13","8","-2"
"178402","University of Missouri-Kansas City","2020","First major","'99'","Grand total","Doctor's degree - professional practice","477","228","249","1","0","1","75","30","45","21","12","9","19","6","13","0","0","0","316","157","159","18","9","9","17","9","8","10","5","5","-2"
"178402","University of Missouri-Kansas City","2020","Second major","'99'","Grand total","Bachelor's degree","47","9","38","0","0","0","2","1","1","2","0","2","9","1","8","0","0","0","28","6","22","3","0","3","2","0","2","1","1","0","-2"
"178411","Missouri University of Science and Technology","2020","First major","'99'","Grand total","Bachelor's degree","1423","1030","393","7","5","2","66","47","19","33","26","7","49","31","18","0","0","0","1161","844","317","34","22","12","28","21","7","45","34","11","-2"
"178411","Missouri University of Science and Technology","2020","First major","'99'","Grand total","Master's degree","427","329","98","2","1","1","20","17","3","18","15","3","29","21","8","1","1","0","243","192","51","17","14","3","6","4","2","91","64","27","-2"
"178411","Missouri University of Science and Technology","2020","First major","'99'","Grand total","Doctor's degree - research/scholarship","119","95","24","0","0","0","1","1","0","1","1","0","0","0","0","0","0","0","19","15","4","1","1","0","3","3","0","94","74","20","-2"
"178420","University of Missouri-St Louis","2020","First major","'99'","Grand total","Bachelor's degree","1888","838","1050","4","3","1","117","63","54","235","57","178","59","28","31","1","1","0","1244","582","662","66","20","46","95","44","51","67","40","27","-2"
"178420","University of Missouri-St Louis","2020","First major","'99'","Grand total","Master's degree","647","217","430","4","2","2","23","11","12","74","20","54","10","4","6","0","0","0","450","153","297","17","1","16","13","2","11","56","24","32","-2"
"178420","University of Missouri-St Louis","2020","First major","'99'","Grand total","Doctor's degree - research/scholarship","130","37","93","1","0","1","7","2","5","22","6","16","3","2","1","0","0","0","82","22","60","1","0","1","4","1","3","10","4","6","-2"
"178420","University of Missouri-St Louis","2020","First major","'99'","Grand total","Doctor's degree - professional practice","46","17","29","1","0","1","2","0","2","0","0","0","1","1","0","0","0","0","39","16","23","1","0","1","1","0","1","1","0","1","-2"
"178448","Moberly Area Community College","2020","First major","'99'","Grand total","Associate's degree","704","262","442","2","0","2","11","4","7","51","24","27","16","8","8","0","0","0","580","207","373","23","9","14","19","8","11","2","2","0","-2"
"178518","Nazarene Theological Seminary","2020","First major","'99'","Grand total","Master's degree","29","20","9","0","0","0","0","0","0","1","1","0","3","2","1","0","0","0","25","17","8","0","0","0","0","0","0","0","0","0","-2"
"178518","Nazarene Theological Seminary","2020","First major","'99'","Grand total","Doctor's degree - other","3","2","1","0","0","0","0","0","0","0","0","0","2","1","1","1","1","0","0","0","0","0","0","0","0","0","0","0","0","0","-2"
"178518","Nazarene Theological Seminary","2020","Second major","'99'","Grand total","Master's degree","1","1","0","0","0","0","0","0","0","0","0","0","0","0","0","0","0","0","1","1","0","0","0","0","0","0","0","0","0","0","-2"
"178615","Truman State University","2020","First major","'99'","Grand total","Bachelor's degree","1127","424","703","6","2","4","38","11","27","45","17","28","26","8","18","1","1","0","887","336","551","30","14","16","8","2","6","86","33","53","-2"
"178615","Truman State University","2020","First major","'99'","Grand total","Master's degree","169","47","122","0","0","0","4","1","3","1","0","1","4","1","3","0","0","0","155","43","112","1","0","1","0","0","0","4","2","2","-2"
"178615","Truman State University","2020","Second major","'99'","Grand total","Bachelor's degree","69","31","38","0","0","0","3","2","1","2","1","1","1","0","1","1","1","0","56","23","33","1","1","0","0","0","0","5","3","2","-2"
"178624","Northwest Missouri State University","2020","First major","'99'","Grand total","Associate's degree","0","0","0","0","0","0","0","0","0","0","0","0","0","0","0","0","0","0","0","0","0","0","0","0","0","0","0","0","0","0","-2"
"178624","Northwest Missouri State University","2020","First major","'99'","Grand total","Bachelor's degree","1139","469","670","2","1","1","13","7","6","37","16","21","36","16","20","1","1","0","971","388","583","30","11","19","10","4","6","39","25","14","-2"
"178624","Northwest Missouri State University","2020","First major","'99'","Grand total","Master's degree","753","288","465","2","1","1","3","1","2","14","7","7","12","4","8","1","0","1","490","139","351","7","2","5","11","8","3","213","126","87","-2"
"178624","Northwest Missouri State University","2020","Second major","'99'","Grand total","Bachelor's degree","137","50","87","0","0","0","2","0","2","2","0","2","4","2","2","0","0","0","119","44","75","5","2","3","2","0","2","3","2","1","-2"
"178679","Ozark Christian College","2020","First major","'99'","Grand total","Associate's degree","30","15","15","0","0","0","0","0","0","1","1","0","1","0","1","0","0","0","24","11","13","0","0","0","2","1","1","2","2","0","-2"
"178679","Ozark Christian College","2020","First major","'99'","Grand total","Bachelor's degree","113","58","55","2","1","1","0","0","0","1","0","1","7","2","5","0","0","0","93","52","41","7","2","5","2","1","1","1","0","1","-2"
"178697","College of the Ozarks","2020","First major","'99'","Grand total","Bachelor's degree","355","140","215","2","1","1","3","0","3","1","0","1","8","2","6","1","1","0","318","127","191","9","4","5","4","0","4","9","5","4","-2"
"178697","College of the Ozarks","2020","Second major","'99'","Grand total","Bachelor's degree","60","27","33","0","0","0","0","0","0","0","0","0","1","0","1","0","0","0","54","25","29","1","0","1","1","0","1","3","2","1","-2"
"178721","Park University","2020","First major","'99'","Grand total","Associate's degree","174","97","77","0","0","0","4","2","2","39","21","18","35","15","20","3","1","2","70","43","27","13","10","3","10","5","5","0","0","0","-2"
"178721","Park University","2020","First major","'99'","Grand total","Bachelor's degree","1747","959","788","7","4","3","46","22","24","279","152","127","318","153","165","12","5","7","811","458","353","123","62","61","122","86","36","29","17","12","-2"
"178721","Park University","2020","First major","'99'","Grand total","Master's degree","595","238","357","1","0","1","15","5","10","119","35","84","78","35","43","2","0","2","308","127","181","30","16","14","19","6","13","23","14","9","-2"
"178721","Park University","2020","Second major","'99'","Grand total","Bachelor's degree","27","9","18","0","0","0","0","0","0","8","1","7","3","1","2","0","0","0","9","3","6","1","1","0","6","3","3","0","0","0","-2"
"178767","Stevens-The Institute of Business & Arts","2020","First major","'99'","Grand total","Associate's degree","10","1","9","0","0","0","0","0","0","7","1","6","1","0","1","0","0","0","2","0","2","0","0","0","0","0","0","0","0","0","-2"
"178767","Stevens-The Institute of Business & Arts","2020","First major","'99'","Grand total","Bachelor's degree","17","3","14","0","0","0","0","0","0","10","1","9","0","0","0","0","0","0","6","2","4","1","0","1","0","0","0","0","0","0","-2"
"178891","Ranken Technical College","2020","First major","'99'","Grand total","Associate's degree","396","369","27","0","0","0","11","9","2","39","33","6","3","3","0","1","1","0","302","286","16","2","2","0","37","34","3","1","1","0","-2"
"178891","Ranken Technical College","2020","First major","'99'","Grand total","Bachelor's degree","21","21","0","1","1","0","0","0","0","2","2","0","0","0","0","0","0","0","18","18","0","0","0","0","0","0","0","0","0","0","-2"
"178989","Research College of Nursing","2020","First major","'99'","Grand total","Bachelor's degree","117","15","102","1","0","1","2","1","1","4","0","4","0","0","0","1","0","1","101","13","88","3","0","3","5","1","4","0","0","0","-2"
"178989","Research College of Nursing","2020","First major","'99'","Grand total","Master's degree","34","9","25","0","0","0","1","0","1","3","1","2","0","0","0","0","0","0","26","6","20","1","1","0","3","1","2","0","0","0","-2"
"179043","Rockhurst University","2020","First major","'99'","Grand total","Associate's degree","30","1","29","0","0","0","0","0","0","5","0","5","2","0","2","0","0","0","20","1","19","0","0","0","3","0","3","0","0","0","-2"
"179043","Rockhurst University","2020","First major","'99'","Grand total","Bachelor's degree","619","187","432","3","1","2","19","5","14","27","7","20","28","16","12","0","0","0","480","141","339","19","8","11","40","7","33","3","2","1","-2"
"179043","Rockhurst University","2020","First major","'99'","Grand total","Master's degree","323","128","195","1","0","1","18","5","13","21","16","5","10","6","4","1","1","0","225","87","138","6","3","3","33","6","27","8","4","4","-2"
"179043","Rockhurst University","2020","First major","'99'","Grand total","Doctor's degree - professional practice","45","22","23","1","0","1","0","0","0","0","0","0","0","0","0","4","3","1","33","16","17","5","1","4","2","2","0","0","0","0","-2"
"179043","Rockhurst University","2020","Second major","'99'","Grand total","Bachelor's degree","75","35","40","0","0","0","3","2","1","1","0","1","6","3","3","0","0","0","58","26","32","3","3","0","4","1","3","0","0","0","-2"
"179159","Saint Louis University","2020","First major","'99'","Grand total","Associate's degree","0","0","0","0","0","0","0","0","0","0","0","0","0","0","0","0","0","0","0","0","0","0","0","0","0","0","0","0","0","0","-2"
"179159","Saint Louis University","2020","First major","'99'","Grand total","Bachelor's degree","1614","626","988","0","0","0","162","59","103","79","28","51","77","36","41","0","0","0","1156","442","714","54","17","37","13","6","7","73","38","35","-2"
"179159","Saint Louis University","2020","First major","'99'","Grand total","Master's degree","886","290","596","0","0","0","47","13","34","48","10","38","40","11","29","0","0","0","604","184","420","21","11","10","10","2","8","116","59","57","-2"
"179159","Saint Louis University","2020","First major","'99'","Grand total","Doctor's degree - research/scholarship","234","87","147","2","1","1","7","3","4","13","2","11","8","5","3","0","0","0","175","62","113","4","2","2","1","0","1","24","12","12","-2"
"179159","Saint Louis University","2020","First major","'99'","Grand total","Doctor's degree - professional practice","331","174","157","1","1","0","61","33","28","29","11","18","15","9","6","0","0","0","200","106","94","8","4","4","5","3","2","12","7","5","-2"
"179159","Saint Louis University","2020","Second major","'99'","Grand total","Bachelor's degree","165","85","80","0","0","0","14","6","8","6","3","3","7","3","4","0","0","0","117","63","54","11","5","6","0","0","0","10","5","5","-2"
"179256","Saint Louis Christian College","2020","First major","'99'","Grand total","Associate's degree","5","1","4","0","0","0","0","0","0","2","1","1","0","0","0","0","0","0","3","0","3","0","0","0","0","0","0","0","0","0","-2"
"179256","Saint Louis Christian College","2020","First major","'99'","Grand total","Bachelor's degree","15","9","6","0","0","0","0","0","0","4","2","2","0","0","0","0","0","0","9","5","4","2","2","0","0","0","0","0","0","0","-2"
"179265","University of Health Sciences and Pharmacy in St. Louis","2020","First major","'99'","Grand total","Bachelor's degree","125","42","83","0","0","0","19","6","13","8","0","8","3","1","2","0","0","0","83","31","52","4","2","2","1","0","1","7","2","5","-2"
"179265","University of Health Sciences and Pharmacy in St. Louis","2020","First major","'99'","Grand total","Doctor's degree - professional practice","111","49","62","1","0","1","28","12","16","18","8","10","2","1","1","0","0","0","55","24","31","3","2","1","1","1","0","3","1","2","-2"
"179308","Saint Louis Community College","2020","First major","'99'","Grand total","Associate's degree","1978","736","1242","6","3","3","75","28","47","440","131","309","63","15","48","0","0","0","1253","506","747","89","27","62","26","10","16","26","16","10","-2"
"179317","Saint Paul School of Theology","2020","First major","'99'","Grand total","Master's degree","16","9","7","1","1","0","0","0","0","2","1","1","2","2","0","0","0","0","11","5","6","0","0","0","0","0","0","0","0","0","-2"
"179317","Saint Paul School of Theology","2020","First major","'99'","Grand total","Doctor's degree - other","5","3","2","0","0","0","0","0","0","0","0","0","1","0","1","0","0","0","4","3","1","0","0","0","0","0","0","0","0","0","-2"
"179326","Southwest Baptist University","2020","First major","'99'","Grand total","Associate's degree","171","31","140","1","1","0","2","0","2","6","1","5","3","2","1","0","0","0","148","25","123","0","0","0","11","2","9","0","0","0","-2"
"179326","Southwest Baptist University","2020","First major","'99'","Grand total","Bachelor's degree","309","106","203","2","0","2","4","0","4","12","7","5","13","6","7","0","0","0","258","87","171","2","1","1","10","1","9","8","4","4","-2"
"179326","Southwest Baptist University","2020","First major","'99'","Grand total","Master's degree","155","56","99","0","0","0","1","0","1","3","2","1","3","3","0","0","0","0","133","47","86","2","0","2","11","3","8","2","1","1","-2"
"179326","Southwest Baptist University","2020","First major","'99'","Grand total","Doctor's degree - research/scholarship","13","6","7","0","0","0","0","0","0","0","0","0","0","0","0","0","0","0","10","3","7","0","0","0","3","3","0","0","0","0","-2"
"179326","Southwest Baptist University","2020","First major","'99'","Grand total","Doctor's degree - professional practice","75","41","34","0","0","0","2","1","1","6","1","5","1","1","0","0","0","0","64","36","28","0","0","0","2","2","0","0","0","0","-2"
"179326","Southwest Baptist University","2020","Second major","'99'","Grand total","Bachelor's degree","15","9","6","0","0","0","0","0","0","1","0","1","0","0","0","0","0","0","11","8","3","1","1","0","1","0","1","1","0","1","-2"
"179344","Missouri State University-West Plains","2020","First major","'99'","Grand total","Associate's degree","279","83","196","1","1","0","2","0","2","13","8","5","2","0","2","0","0","0","246","67","179","11","5","6","4","2","2","0","0","0","-2"
"179511","St Louis College of Health Careers-St Louis","2020","First major","'99'","Grand total","Associate's degree","20","2","18","0","0","0","0","0","0","19","2","17","0","0","0","0","0","0","1","0","1","0","0","0","0","0","0","0","0","0","-2"
"179539","State Fair Community College","2020","First major","'99'","Grand total","Associate's degree","660","180","480","8","2","6","4","2","2","22","10","12","31","13","18","1","0","1","567","149","418","25","4","21","0","0","0","2","0","2","-2"
"179548","Stephens College","2020","First major","'99'","Grand total","Associate's degree","1","0","1","0","0","0","0","0","0","0","0","0","0","0","0","0","0","0","0","0","0","1","0","1","0","0","0","0","0","0","-2"
"179548","Stephens College","2020","First major","'99'","Grand total","Bachelor's degree","106","0","106","0","0","0","2","0","2","16","0","16","8","0","8","0","0","0","70","0","70","9","0","9","1","0","1","0","0","0","-2"
"179548","Stephens College","2020","First major","'99'","Grand total","Master's degree","61","17","44","0","0","0","1","0","1","8","4","4","2","0","2","0","0","0","47","11","36","2","1","1","1","1","0","0","0","0","-2"
"179557","Southeast Missouri State University","2020","First major","'99'","Grand total","Associate's degree","9","3","6","0","0","0","0","0","0","3","0","3","0","0","0","0","0","0","6","3","3","0","0","0","0","0","0","0","0","0","-2"
"179557","Southeast Missouri State University","2020","First major","'99'","Grand total","Bachelor's degree","1823","737","1086","3","1","2","24","8","16","143","64","79","35","13","22","1","0","1","1485","582","903","19","4","15","13","6","7","100","59","41","-2"
"179557","Southeast Missouri State University","2020","First major","'99'","Grand total","Master's degree","446","158","288","1","1","0","7","5","2","18","5","13","3","1","2","1","0","1","294","86","208","0","0","0","4","1","3","118","59","59","-2"
"179557","Southeast Missouri State University","2020","Second major","'99'","Grand total","Bachelor's degree","37","20","17","0","0","0","0","0","0","2","0","2","1","1","0","0","0","0","29","17","12","0","0","0","0","0","0","5","2","3","-2"
"179566","Missouri State University-Springfield","2020","First major","'99'","Grand total","Bachelor's degree","3565","1408","2157","18","5","13","55","19","36","151","65","86","126","56","70","0","0","0","2926","1132","1794","94","36","58","22","13","9","173","82","91","-2"
"179566","Missouri State University-Springfield","2020","First major","'99'","Grand total","Master's degree","1139","454","685","2","0","2","23","12","11","25","11","14","31","19","12","1","0","1","794","287","507","25","12","13","28","13","15","210","100","110","-2"
"179566","Missouri State University-Springfield","2020","First major","'99'","Grand total","Doctor's degree - professional practice","121","41","80","2","0","2","4","2","2","9","2","7","2","0","2","1","0","1","97","34","63","1","0","1","3","3","0","2","0","2","-2"
"179566","Missouri State University-Springfield","2020","Second major","'99'","Grand total","Bachelor's degree","152","62","90","0","0","0","3","1","2","6","3","3","5","2","3","0","0","0","122","45","77","5","4","1","1","0","1","10","7","3","-2"
"179566","Missouri State University-Springfield","2020","Second major","'99'","Grand total","Master's degree","13","5","8","0","0","0","1","0","1","1","0","1","0","0","0","0","0","0","5","2","3","0","0","0","2","1","1","4","2","2","-2"
"179645","Three Rivers College","2020","First major","'99'","Grand total","Associate's degree","513","141","372","3","1","2","5","0","5","41","11","30","7","4","3","4","2","2","421","112","309","0","0","0","30","10","20","2","1","1","-2"
"179715","North Central Missouri College","2020","First major","'99'","Grand total","Associate's degree","375","120","255","0","0","0","1","0","1","9","6","3","17","9","8","0","0","0","333","99","234","10","2","8","0","0","0","5","4","1","-2"
"179812","Kansas City University of Medicine and Biosciences","2020","First major","'99'","Grand total","Master's degree","136","72","64","0","0","0","39","22","17","7","4","3","6","1","5","0","0","0","71","39","32","6","3","3","5","3","2","2","0","2","-2"
"179812","Kansas City University of Medicine and Biosciences","2020","First major","'99'","Grand total","Doctor's degree - professional practice","267","167","100","1","1","0","56","33","23","2","2","0","5","2","3","0","0","0","162","102","60","14","9","5","15","10","5","12","8","4","-2"
"179812","Kansas City University of Medicine and Biosciences","2020","First major","'99'","Grand total","Doctor's degree - other","0","0","0","0","0","0","0","0","0","0","0","0","0","0","0","0","0","0","0","0","0","0","0","0","0","0","0","0","0","0","-2"
"179867","Washington University in St Louis","2020","First major","'99'","Grand total","Associate's degree","18","8","10","0","0","0","0","0","0","6","2","4","2","0","2","0","0","0","8","4","4","0","0","0","2","2","0","0","0","0","-2"
"179867","Washington University in St Louis","2020","First major","'99'","Grand total","Bachelor's degree","1892","924","968","1","0","1","309","143","166","174","73","101","165","76","89","0","0","0","943","476","467","82","29","53","38","22","16","180","105","75","-2"
"179867","Washington University in St Louis","2020","First major","'99'","Grand total","Master's degree","2399","1080","1319","8","3","5","125","67","58","152","47","105","84","40","44","2","1","1","713","292","421","31","11","20","74","42","32","1210","577","633","-2"
"179867","Washington University in St Louis","2020","First major","'99'","Grand total","Doctor's degree - research/scholarship","302","187","115","1","0","1","20","11","9","11","4","7","12","4","8","0","0","0","126","70","56","0","0","0","22","18","4","110","80","30","-2"
"179867","Washington University in St Louis","2020","First major","'99'","Grand total","Doctor's degree - professional practice","490","204","286","5","1","4","52","18","34","31","10","21","23","12","11","0","0","0","298","124","174","12","5","7","39","22","17","30","12","18","-2"
"179867","Washington University in St Louis","2020","Second major","'99'","Grand total","Bachelor's degree","547","262","285","0","0","0","82","34","48","42","18","24","45","23","22","0","0","0","285","138","147","22","11","11","10","6","4","61","32","29","-2"
"179894","Webster University","2020","First major","'99'","Grand total","Bachelor's degree","644","273","371","2","1","1","15","6","9","83","37","46","36","21","15","0","0","0","434","175","259","21","6","15","31","17","14","22","10","12","-2"
"179894","Webster University","2020","First major","'99'","Grand total","Master's degree","3003","1414","1589","8","4","4","90","52","38","1021","371","650","260","143","117","7","5","2","1294","683","611","78","31","47","124","57","67","121","68","53","-2"
"179894","Webster University","2020","First major","'99'","Grand total","Doctor's degree - research/scholarship","5","1","4","0","0","0","1","0","1","2","0","2","0","0","0","0","0","0","2","1","1","0","0","0","0","0","0","0","0","0","-2"
"179894","Webster University","2020","First major","'99'","Grand total","Doctor's degree - professional practice","18","5","13","0","0","0","1","0","1","0","0","0","0","0","0","0","0","0","16","4","12","1","1","0","0","0","0","0","0","0","-2"
"179894","Webster University","2020","First major","'99'","Grand total","Doctor's degree - other","3","1","2","0","0","0","0","0","0","0","0","0","1","0","1","0","0","0","2","1","1","0","0","0","0","0","0","0","0","0","-2"
"179894","Webster University","2020","Second major","'99'","Grand total","Bachelor's degree","15","7","8","0","0","0","0","0","0","1","1","0","1","0","1","0","0","0","9","3","6","1","1","0","1","1","0","2","1","1","-2"
"179894","Webster University","2020","Second major","'99'","Grand total","Master's degree","70","19","51","0","0","0","0","0","0","43","9","34","5","4","1","0","0","0","13","6","7","3","0","3","5","0","5","1","0","1","-2"
"179946","Westminster College","2020","First major","'99'","Grand total","Bachelor's degree","171","91","80","1","1","0","3","3","0","4","2","2","10","8","2","0","0","0","133","64","69","0","0","0","7","4","3","13","9","4","-2"
"179946","Westminster College","2020","Second major","'99'","Grand total","Bachelor's degree","38","16","22","0","0","0","1","1","0","0","0","0","4","2","2","0","0","0","32","12","20","0","0","0","0","0","0","1","1","0","-2"
"179955","William Jewell College","2020","First major","'99'","Grand total","Bachelor's degree","227","80","147","1","1","0","6","3","3","10","4","6","20","9","11","1","0","1","175","59","116","4","2","2","4","0","4","6","2","4","-2"
"179955","William Jewell College","2020","First major","'99'","Grand total","Master's degree","5","0","5","0","0","0","0","0","0","0","0","0","0","0","0","0","0","0","5","0","5","0","0","0","0","0","0","0","0","0","-2"
"179955","William Jewell College","2020","Second major","'99'","Grand total","Bachelor's degree","66","27","39","0","0","0","2","2","0","0","0","0","3","1","2","0","0","0","56","21","35","1","1","0","1","0","1","3","2","1","-2"
"179964","William Woods University","2020","First major","'99'","Grand total","Associate's degree","2","0","2","0","0","0","0","0","0","0","0","0","0","0","0","0","0","0","2","0","2","0","0","0","0","0","0","0","0","0","-2"
"179964","William Woods University","2020","First major","'99'","Grand total","Bachelor's degree","209","42","167","1","1","0","1","0","1","6","4","2","7","2","5","1","0","1","171","23","148","3","0","3","3","1","2","16","11","5","-2"
"179964","William Woods University","2020","First major","'99'","Grand total","Master's degree","505","188","317","0","0","0","1","0","1","19","7","12","9","3","6","1","0","1","462","175","287","4","0","4","5","2","3","4","1","3","-2"
"179964","William Woods University","2020","First major","'99'","Grand total","Doctor's degree - research/scholarship","42","21","21","1","1","0","0","0","0","3","2","1","0","0","0","0","0","0","34","16","18","1","1","0","3","1","2","0","0","0","-2"
"180054","Blackfeet Community College","2020","First major","'99'","Grand total","Associate's degree","44","12","32","38","9","29","0","0","0","0","0","0","0","0","0","0","0","0","6","3","3","0","0","0","0","0","0","0","0","0","-2"
"180081","Highlands College of Montana Tech","2020","First major","'99'","Grand total","Associate's degree","56","29","27","1","0","1","0","0","0","0","0","0","0","0","0","0","0","0","50","26","24","1","1","0","4","2","2","0","0","0","-2"
"180106","Carroll College","2020","First major","'99'","Grand total","Associate's degree","1","0","1","0","0","0","0","0","0","0","0","0","0","0","0","0","0","0","1","0","1","0","0","0","0","0","0","0","0","0","-2"
"180106","Carroll College","2020","First major","'99'","Grand total","Bachelor's degree","288","106","182","1","0","1","4","0","4","3","3","0","12","5","7","0","0","0","233","87","146","7","3","4","26","7","19","2","1","1","-2"
"180106","Carroll College","2020","First major","'99'","Grand total","Master's degree","11","3","8","0","0","0","0","0","0","0","0","0","0","0","0","0","0","0","5","2","3","0","0","0","6","1","5","0","0","0","-2"
"180106","Carroll College","2020","Second major","'99'","Grand total","Bachelor's degree","66","24","42","0","0","0","1","0","1","1","1","0","3","0","3","0","0","0","50","21","29","3","1","2","7","1","6","1","0","1","-2"
"180151","Dawson Community College","2020","First major","'99'","Grand total","Associate's degree","89","44","45","2","1","1","0","0","0","8","6","2","1","1","0","1","1","0","65","26","39","4","3","1","0","0","0","8","6","2","-2"
"180160","Chief Dull Knife College","2020","First major","'99'","Grand total","Associate's degree","12","8","4","8","4","4","0","0","0","0","0","0","0","0","0","0","0","0","4","4","0","0","0","0","0","0","0","0","0","0","-2"
"180179","Montana State University Billings","2020","First major","'99'","Grand total","Associate's degree","212","90","122","8","4","4","1","1","0","2","2","0","14","7","7","0","0","0","175","72","103","6","3","3","4","0","4","2","1","1","-2"
"180179","Montana State University Billings","2020","First major","'99'","Grand total","Bachelor's degree","434","123","311","20","5","15","6","1","5","1","0","1","26","8","18","1","0","1","355","97","258","7","0","7","7","3","4","11","9","2","-2"
"180179","Montana State University Billings","2020","First major","'99'","Grand total","Master's degree","116","17","99","6","0","6","1","0","1","0","0","0","2","0","2","1","0","1","100","17","83","5","0","5","1","0","1","0","0","0","-2"
"180179","Montana State University Billings","2020","Second major","'99'","Grand total","Bachelor's degree","29","5","24","1","0","1","0","0","0","1","0","1","3","1","2","0","0","0","23","4","19","1","0","1","0","0","0","0","0","0","-2"
"180197","Flathead Valley Community College","2020","First major","'99'","Grand total","Associate's degree","275","113","162","0","0","0","2","1","1","2","0","2","3","0","3","1","1","0","191","78","113","47","23","24","27","9","18","2","1","1","-2"
"180203","Aaniiih Nakoda College","2020","First major","'99'","Grand total","Associate's degree","32","15","17","26","15","11","0","0","0","0","0","0","0","0","0","0","0","0","6","0","6","0","0","0","0","0","0","0","0","0","-2"
"180212","Fort Peck Community College","2020","First major","'99'","Grand total","Associate's degree","34","7","27","27","6","21","0","0","0","0","0","0","0","0","0","0","0","0","7","1","6","0","0","0","0","0","0","0","0","0","-2"
"180249","Great Falls College Montana State University","2020","First major","'99'","Grand total","Associate's degree","207","52","155","5","1","4","1","1","0","1","1","0","9","2","7","0","0","0","175","45","130","12","2","10","4","0","4","0","0","0","-2"
"180258","University of Providence","2020","First major","'99'","Grand total","Associate's degree","0","0","0","0","0","0","0","0","0","0","0","0","0","0","0","0","0","0","0","0","0","0","0","0","0","0","0","0","0","0","-2"
"180258","University of Providence","2020","First major","'99'","Grand total","Bachelor's degree","241","65","176","3","2","1","14","2","12","9","4","5","6","2","4","2","2","0","188","47","141","0","0","0","19","6","13","0","0","0","-2"
"180258","University of Providence","2020","First major","'99'","Grand total","Master's degree","82","14","68","1","0","1","7","0","7","1","0","1","3","3","0","0","0","0","59","9","50","0","0","0","11","2","9","0","0","0","-2"
"180276","Helena College University of Montana","2020","First major","'99'","Grand total","Associate's degree","176","94","82","4","2","2","0","0","0","0","0","0","4","1","3","0","0","0","159","84","75","0","0","0","9","7","2","0","0","0","-2"
"180328","Little Big Horn College","2020","First major","'99'","Grand total","Associate's degree","26","8","18","26","8","18","0","0","0","0","0","0","0","0","0","0","0","0","0","0","0","0","0","0","0","0","0","0","0","0","-2"
"180373","Miles Community College","2020","First major","'99'","Grand total","Associate's degree","121","47","74","3","1","2","0","0","0","7","3","4","5","3","2","5","2","3","101","38","63","0","0","0","0","0","0","0","0","0","-2"
"180416","Montana Technological University","2020","First major","'99'","Grand total","Associate's degree","0","0","0","0","0","0","0","0","0","0","0","0","0","0","0","0","0","0","0","0","0","0","0","0","0","0","0","0","0","0","-2"
"180416","Montana Technological University","2020","First major","'99'","Grand total","Bachelor's degree","359","240","119","7","4","3","2","0","2","3","3","0","4","3","1","0","0","0","262","164","98","1","0","1","21","13","8","59","53","6","-2"
"180416","Montana Technological University","2020","First major","'99'","Grand total","Master's degree","88","66","22","1","1","0","1","0","1","2","0","2","1","1","0","0","0","0","59","47","12","0","0","0","16","11","5","8","6","2","-2"
"180416","Montana Technological University","2020","First major","'99'","Grand total","Doctor's degree - research/scholarship","1","1","0","0","0","0","0","0","0","0","0","0","0","0","0","0","0","0","0","0","0","0","0","0","1","1","0","0","0","0","-2"
"180461","Montana State University","2020","First major","'99'","Grand total","Associate's degree","120","51","69","0","0","0","2","0","2","0","0","0","4","2","2","0","0","0","101","42","59","6","4","2","4","1","3","3","2","1","-2"
"180461","Montana State University","2020","First major","'99'","Grand total","Bachelor's degree","2683","1355","1328","29","13","16","22","6","16","7","3","4","98","43","55","0","0","0","2277","1146","1131","129","68","61","47","24","23","74","52","22","-2"
"180461","Montana State University","2020","First major","'99'","Grand total","Master's degree","414","203","211","11","5","6","2","0","2","1","0","1","8","5","3","0","0","0","344","170","174","16","6","10","10","5","5","22","12","10","-2"
"180461","Montana State University","2020","First major","'99'","Grand total","Doctor's degree - research/scholarship","70","37","33","0","0","0","1","1","0","0","0","0","2","0","2","0","0","0","50","25","25","3","2","1","2","2","0","12","7","5","-2"
"180461","Montana State University","2020","First major","'99'","Grand total","Doctor's degree - professional practice","18","2","16","0","0","0","0","0","0","0","0","0","0","0","0","0","0","0","17","1","16","0","0","0","1","1","0","0","0","0","-2"
"180489","The University of Montana","2020","First major","'99'","Grand total","Associate's degree","331","135","196","8","4","4","7","1","6","1","0","1","17","7","10","0","0","0","261","106","155","14","4","10","21","12","9","2","1","1","-2"
"180489","The University of Montana","2020","First major","'99'","Grand total","Bachelor's degree","1325","602","723","35","14","21","18","10","8","11","9","2","50","30","20","8","4","4","1070","482","588","54","24","30","56","19","37","23","10","13","-2"
"180489","The University of Montana","2020","First major","'99'","Grand total","Master's degree","499","156","343","14","7","7","8","2","6","2","1","1","20","8","12","0","0","0","406","120","286","11","4","7","25","8","17","13","6","7","-2"
"180489","The University of Montana","2020","First major","'99'","Grand total","Doctor's degree - research/scholarship","53","23","30","2","1","1","2","0","2","0","0","0","1","1","0","0","0","0","31","10","21","3","3","0","4","3","1","10","5","5","-2"
"180489","The University of Montana","2020","First major","'99'","Grand total","Doctor's degree - professional practice","447","177","270","4","1","3","127","39","88","6","4","2","9","2","7","1","1","0","190","73","117","11","5","6","10","5","5","89","47","42","-2"
"180489","The University of Montana","2020","Second major","'99'","Grand total","Bachelor's degree","40","12","28","0","0","0","0","0","0","0","0","0","2","2","0","0","0","0","32","9","23","3","0","3","1","0","1","2","1","1","-2"
"180489","The University of Montana","2020","Second major","'99'","Grand total","Master's degree","1","1","0","0","0","0","0","0","0","0","0","0","0","0","0","0","0","0","1","1","0","0","0","0","0","0","0","0","0","0","-2"
"180522","Montana State University-Northern","2020","First major","'99'","Grand total","Associate's degree","133","93","40","5","4","1","0","0","0","2","2","0","5","3","2","0","0","0","113","80","33","7","4","3","1","0","1","0","0","0","-2"
"180522","Montana State University-Northern","2020","First major","'99'","Grand total","Bachelor's degree","134","70","64","18","7","11","3","1","2","0","0","0","5","2","3","0","0","0","103","57","46","4","2","2","0","0","0","1","1","0","-2"
"180522","Montana State University-Northern","2020","First major","'99'","Grand total","Master's degree","18","4","14","4","0","4","0","0","0","0","0","0","1","0","1","0","0","0","12","4","8","1","0","1","0","0","0","0","0","0","-2"
"180595","Rocky Mountain College","2020","First major","'99'","Grand total","Associate's degree","4","2","2","0","0","0","0","0","0","1","1","0","0","0","0","0","0","0","3","1","2","0","0","0","0","0","0","0","0","0","-2"
"180595","Rocky Mountain College","2020","First major","'99'","Grand total","Bachelor's degree","150","59","91","2","0","2","0","0","0","3","2","1","9","4","5","1","0","1","117","44","73","9","3","6","5","2","3","4","4","0","-2"
"180595","Rocky Mountain College","2020","First major","'99'","Grand total","Master's degree","55","29","26","0","0","0","2","1","1","0","0","0","0","0","0","0","0","0","47","26","21","1","0","1","5","2","3","0","0","0","-2"
"180595","Rocky Mountain College","2020","First major","'99'","Grand total","Doctor's degree - professional practice","0","0","0","0","0","0","0","0","0","0","0","0","0","0","0","0","0","0","0","0","0","0","0","0","0","0","0","0","0","0","-2"
"180595","Rocky Mountain College","2020","Second major","'99'","Grand total","Bachelor's degree","18","3","15","0","0","0","0","0","0","0","0","0","3","1","2","0","0","0","14","1","13","0","0","0","0","0","0","1","1","0","-2"
"180647","Salish Kootenai College","2020","First major","'99'","Grand total","Associate's degree","52","14","38","34","11","23","0","0","0","0","0","0","1","0","1","0","0","0","17","3","14","0","0","0","0","0","0","0","0","0","-2"
"180647","Salish Kootenai College","2020","First major","'99'","Grand total","Bachelor's degree","30","6","24","20","5","15","0","0","0","0","0","0","1","1","0","0","0","0","9","0","9","0","0","0","0","0","0","0","0","0","-2"
"180692","The University of Montana-Western","2020","First major","'99'","Grand total","Associate's degree","139","37","102","2","1","1","1","0","1","1","1","0","4","1","3","0","0","0","123","30","93","5","3","2","3","1","2","0","0","0","-2"
"180692","The University of Montana-Western","2020","First major","'99'","Grand total","Bachelor's degree","259","78","181","7","1","6","2","2","0","1","1","0","14","3","11","2","2","0","212","62","150","12","5","7","9","2","7","0","0","0","-2"
"180717","Yellowstone Christian College","2020","First major","'99'","Grand total","Associate's degree","4","1","3","0","0","0","1","0","1","0","0","0","0","0","0","0","0","0","3","1","2","0","0","0","0","0","0","0","0","0","-2"
"180717","Yellowstone Christian College","2020","First major","'99'","Grand total","Bachelor's degree","6","2","4","0","0","0","0","0","0","3","1","2","0","0","0","0","0","0","3","1","2","0","0","0","0","0","0","0","0","0","-2"
"180814","Bellevue University","2020","First major","'99'","Grand total","Associate's degree","0","0","0","0","0","0","0","0","0","0","0","0","0","0","0","0","0","0","0","0","0","0","0","0","0","0","0","0","0","0","-2"
"180814","Bellevue University","2020","First major","'99'","Grand total","Bachelor's degree","1657","820","837","11","2","9","67","34","33","142","63","79","197","90","107","2","1","1","857","430","427","39","20","19","333","173","160","9","7","2","-2"
"180814","Bellevue University","2020","First major","'99'","Grand total","Master's degree","925","422","503","6","1","5","43","22","21","116","50","66","121","57","64","0","0","0","468","207","261","28","13","15","137","68","69","6","4","2","-2"
"180814","Bellevue University","2020","First major","'99'","Grand total","Doctor's degree - research/scholarship","5","4","1","0","0","0","0","0","0","1","1","0","1","1","0","0","0","0","3","2","1","0","0","0","0","0","0","0","0","0","-2"
"180832","Clarkson College","2020","First major","'99'","Grand total","Associate's degree","62","13","49","0","0","0","0","0","0","1","0","1","2","1","1","0","0","0","56","12","44","0","0","0","3","0","3","0","0","0","-2"
"180832","Clarkson College","2020","First major","'99'","Grand total","Bachelor's degree","130","16","114","1","0","1","5","1","4","4","0","4","21","2","19","1","0","1","91","12","79","0","0","0","7","1","6","0","0","0","-2"
"180832","Clarkson College","2020","First major","'99'","Grand total","Master's degree","133","22","111","0","0","0","3","0","3","4","1","3","3","2","1","0","0","0","114","18","96","0","0","0","9","1","8","0","0","0","-2"
"180832","Clarkson College","2020","First major","'99'","Grand total","Doctor's degree - research/scholarship","0","0","0","0","0","0","0","0","0","0","0","0","0","0","0","0","0","0","0","0","0","0","0","0","0","0","0","0","0","0","-2"
"180832","Clarkson College","2020","First major","'99'","Grand total","Doctor's degree - professional practice","2","0","2","0","0","0","0","0","0","0","0","0","0","0","0","0","0","0","2","0","2","0","0","0","0","0","0","0","0","0","-2"
"180832","Clarkson College","2020","Second major","'99'","Grand total","Bachelor's degree","24","5","19","0","0","0","0","0","0","0","0","0","1","0","1","0","0","0","22","5","17","0","0","0","1","0","1","0","0","0","-2"
"180878","Bryan College of Health Sciences","2020","First major","'99'","Grand total","Associate's degree","0","0","0","0","0","0","0","0","0","0","0","0","0","0","0","0","0","0","0","0","0","0","0","0","0","0","0","0","0","0","-2"
"180878","Bryan College of Health Sciences","2020","First major","'99'","Grand total","Bachelor's degree","121","12","109","0","0","0","3","1","2","2","0","2","4","0","4","0","0","0","109","11","98","3","0","3","0","0","0","0","0","0","-2"
"180878","Bryan College of Health Sciences","2020","First major","'99'","Grand total","Master's degree","7","0","7","0","0","0","0","0","0","0","0","0","0","0","0","0","0","0","7","0","7","0","0","0","0","0","0","0","0","0","-2"
"180878","Bryan College of Health Sciences","2020","First major","'99'","Grand total","Doctor's degree - research/scholarship","20","4","16","0","0","0","1","0","1","0","0","0","1","1","0","0","0","0","17","3","14","1","0","1","0","0","0","0","0","0","-2"
"180902","Central Community College","2020","First major","'99'","Grand total","Associate's degree","706","268","438","3","2","1","8","3","5","14","5","9","130","58","72","0","0","0","548","199","349","3","1","2","0","0","0","0","0","0","-2"
"180948","Chadron State College","2020","First major","'99'","Grand total","Bachelor's degree","377","161","216","1","0","1","1","0","1","13","11","2","29","17","12","2","1","1","298","116","182","14","4","10","6","4","2","13","8","5","-2"
"180948","Chadron State College","2020","First major","'99'","Grand total","Master's degree","183","66","117","1","1","0","2","2","0","3","3","0","8","5","3","1","1","0","163","53","110","3","1","2","0","0","0","2","0","2","-2"
"180948","Chadron State College","2020","Second major","'99'","Grand total","Bachelor's degree","5","1","4","0","0","0","0","0","0","0","0","0","0","0","0","0","0","0","4","1","3","1","0","1","0","0","0","0","0","0","-2"
"180984","Concordia University-Nebraska","2020","First major","'99'","Grand total","Bachelor's degree","248","110","138","1","1","0","0","0","0","6","4","2","12","8","4","0","0","0","217","89","128","3","1","2","2","1","1","7","6","1","-2"
"180984","Concordia University-Nebraska","2020","First major","'99'","Grand total","Master's degree","210","63","147","1","1","0","1","0","1","35","13","22","11","4","7","1","0","1","104","28","76","2","1","1","47","10","37","8","6","2","-2"
"180984","Concordia University-Nebraska","2020","Second major","'99'","Grand total","Bachelor's degree","44","17","27","0","0","0","0","0","0","1","0","1","4","3","1","0","0","0","39","14","25","0","0","0","0","0","0","0","0","0","-2"
"181002","Creighton University","2020","First major","'99'","Grand total","Associate's degree","0","0","0","0","0","0","0","0","0","0","0","0","0","0","0","0","0","0","0","0","0","0","0","0","0","0","0","0","0","0","-2"
"181002","Creighton University","2020","First major","'99'","Grand total","Bachelor's degree","1075","448","627","4","4","0","88","35","53","26","12","14","63","26","37","3","1","2","783","314","469","56","29","27","24","9","15","28","18","10","-2"
"181002","Creighton University","2020","First major","'99'","Grand total","Master's degree","470","201","269","8","1","7","22","7","15","14","6","8","24","8","16","0","0","0","336","150","186","13","5","8","16","10","6","37","14","23","-2"
"181002","Creighton University","2020","First major","'99'","Grand total","Doctor's degree - research/scholarship","52","28","24","0","0","0","1","1","0","4","3","1","5","5","0","0","0","0","33","16","17","2","1","1","2","2","0","5","0","5","-2"
"181002","Creighton University","2020","First major","'99'","Grand total","Doctor's degree - professional practice","719","270","449","5","2","3","77","33","44","21","9","12","44","19","25","1","0","1","526","189","337","33","14","19","6","1","5","6","3","3","-2"
"181002","Creighton University","2020","Second major","'99'","Grand total","Bachelor's degree","204","122","82","1","1","0","6","3","3","3","0","3","9","4","5","0","0","0","160","99","61","7","5","2","5","2","3","13","8","5","-2"
"181020","Doane University","2020","First major","'99'","Grand total","Bachelor's degree","327","137","190","0","0","0","6","4","2","4","2","2","20","12","8","2","0","2","274","111","163","10","3","7","5","1","4","6","4","2","-2"
"181020","Doane University","2020","First major","'99'","Grand total","Master's degree","392","98","294","2","0","2","6","3","3","15","3","12","11","2","9","0","0","0","331","81","250","11","5","6","16","4","12","0","0","0","-2"
"181020","Doane University","2020","First major","'99'","Grand total","Doctor's degree - research/scholarship","15","3","12","0","0","0","0","0","0","0","0","0","1","0","1","0","0","0","14","3","11","0","0","0","0","0","0","0","0","0","-2"
"181020","Doane University","2020","Second major","'99'","Grand total","Bachelor's degree","52","24","28","0","0","0","1","0","1","0","0","0","3","2","1","0","0","0","46","21","25","1","0","1","0","0","0","1","1","0","-2"
"181127","Hastings College","2020","First major","'99'","Grand total","Bachelor's degree","202","100","102","1","1","0","0","0","0","6","6","0","16","11","5","0","0","0","164","75","89","5","3","2","6","2","4","4","2","2","-2"
"181127","Hastings College","2020","First major","'99'","Grand total","Master's degree","13","10","3","1","0","1","0","0","0","2","1","1","2","2","0","0","0","0","6","6","0","1","0","1","0","0","0","1","1","0","-2"
"181127","Hastings College","2020","Second major","'99'","Grand total","Bachelor's degree","71","32","39","0","0","0","0","0","0","3","3","0","7","5","2","0","0","0","56","22","34","0","0","0","3","1","2","2","1","1","-2"
"181127","Hastings College","2020","Second major","'99'","Grand total","Master's degree","2","2","0","0","0","0","0","0","0","0","0","0","1","1","0","0","0","0","1","1","0","0","0","0","0","0","0","0","0","0","-2"
"181145","CHI Health School of Radiologic Technology","2020","First major","'99'","Grand total","Associate's degree","6","1","5","0","0","0","0","0","0","1","0","1","0","0","0","0","0","0","5","1","4","0","0","0","0","0","0","0","0","0","-2"
"181215","University of Nebraska at Kearney","2020","First major","'99'","Grand total","Bachelor's degree","791","311","480","0","0","0","7","4","3","12","9","3","89","35","54","0","0","0","628","232","396","17","8","9","2","0","2","36","23","13","-2"
"181215","University of Nebraska at Kearney","2020","First major","'99'","Grand total","Master's degree","473","134","339","1","1","0","4","2","2","4","3","1","24","9","15","2","0","2","420","114","306","11","3","8","3","1","2","4","1","3","-2"
"181215","University of Nebraska at Kearney","2020","Second major","'99'","Grand total","Bachelor's degree","52","13","39","0","0","0","1","0","1","0","0","0","8","2","6","0","0","0","42","11","31","1","0","1","0","0","0","0","0","0","-2"
"181297","Nebraska Methodist College of Nursing & Allied Health","2020","First major","'99'","Grand total","Associate's degree","63","7","56","1","0","1","2","1","1","1","0","1","8","1","7","0","0","0","48","5","43","2","0","2","1","0","1","0","0","0","-2"
"181297","Nebraska Methodist College of Nursing & Allied Health","2020","First major","'99'","Grand total","Bachelor's degree","198","26","172","0","0","0","2","0","2","10","1","9","4","1","3","0","0","0","173","22","151","4","2","2","5","0","5","0","0","0","-2"
"181297","Nebraska Methodist College of Nursing & Allied Health","2020","First major","'99'","Grand total","Master's degree","79","3","76","0","0","0","0","0","0","0","0","0","1","0","1","1","0","1","72","3","69","1","0","1","4","0","4","0","0","0","-2"
"181297","Nebraska Methodist College of Nursing & Allied Health","2020","First major","'99'","Grand total","Doctor's degree - other","44","9","35","0","0","0","0","0","0","9","3","6","3","1","2","0","0","0","30","4","26","1","0","1","1","1","0","0","0","0","-2"
"181303","Metropolitan Community College Area","2020","First major","'99'","Grand total","Associate's degree","1380","623","757","3","2","1","54","30","24","145","54","91","155","56","99","3","2","1","874","409","465","47","20","27","92","45","47","7","5","2","-2"
"181312","Mid-Plains Community College","2020","First major","'99'","Grand total","Associate's degree","263","114","149","1","0","1","1","0","1","7","5","2","24","8","16","0","0","0","212","93","119","6","2","4","3","2","1","9","4","5","-2"
"181330","Midland University","2020","First major","'99'","Grand total","Bachelor's degree","250","115","135","0","0","0","4","2","2","12","10","2","24","11","13","7","5","2","109","49","60","8","3","5","86","35","51","0","0","0","-2"
"181330","Midland University","2020","First major","'99'","Grand total","Master's degree","68","27","41","0","0","0","1","0","1","6","1","5","7","5","2","1","0","1","49","19","30","1","1","0","3","1","2","0","0","0","-2"
"181394","University of Nebraska at Omaha","2020","First major","'99'","Grand total","Bachelor's degree","2372","1085","1287","4","1","3","87","36","51","121","39","82","105","41","64","4","2","2","1636","778","858","267","108","159","37","16","21","111","64","47","-2"
"181394","University of Nebraska at Omaha","2020","First major","'99'","Grand total","Master's degree","793","274","519","2","1","1","16","6","10","30","11","19","12","3","9","0","0","0","577","191","386","66","22","44","10","4","6","80","36","44","-2"
"181394","University of Nebraska at Omaha","2020","First major","'99'","Grand total","Doctor's degree - research/scholarship","32","10","22","0","0","0","1","0","1","1","1","0","0","0","0","0","0","0","26","8","18","1","0","1","0","0","0","3","1","2","-2"
"181394","University of Nebraska at Omaha","2020","Second major","'99'","Grand total","Bachelor's degree","56","23","33","0","0","0","5","2","3","1","0","1","4","0","4","0","0","0","34","19","15","6","1","5","3","0","3","3","1","2","-2"
"181419","Nebraska Indian Community College","2020","First major","'99'","Grand total","Associate's degree","11","4","7","10","4","6","0","0","0","0","0","0","0","0","0","0","0","0","1","0","1","0","0","0","0","0","0","0","0","0","-2"
"181428","University of Nebraska Medical Center","2020","First major","'99'","Grand total","Bachelor's degree","462","70","392","3","0","3","9","1","8","13","4","9","31","7","24","0","0","0","389","55","334","11","2","9","5","0","5","1","1","0","-2"
"181428","University of Nebraska Medical Center","2020","First major","'99'","Grand total","Master's degree","264","89","175","2","1","1","13","8","5","7","2","5","12","3","9","0","0","0","194","63","131","8","3","5","1","0","1","27","9","18","-2"
"181428","University of Nebraska Medical Center","2020","First major","'99'","Grand total","Doctor's degree - research/scholarship","64","31","33","0","0","0","4","2","2","1","0","1","2","2","0","0","0","0","38","17","21","0","0","0","0","0","0","19","10","9","-2"
"181428","University of Nebraska Medical Center","2020","First major","'99'","Grand total","Doctor's degree - professional practice","298","135","163","0","0","0","13","5","8","6","3","3","9","5","4","0","0","0","248","111","137","9","6","3","2","0","2","11","5","6","-2"
"181428","University of Nebraska Medical Center","2020","First major","'99'","Grand total","Doctor's degree - other","47","4","43","0","0","0","3","0","3","2","0","2","2","0","2","0","0","0","38","4","34","1","0","1","0","0","0","1","0","1","-2"
"181446","Nebraska Wesleyan University","2020","First major","'99'","Grand total","Bachelor's degree","347","139","208","0","0","0","7","2","5","14","5","9","25","7","18","0","0","0","272","110","162","10","6","4","14","6","8","5","3","2","-2"
"181446","Nebraska Wesleyan University","2020","First major","'99'","Grand total","Master's degree","70","19","51","0","0","0","0","0","0","0","0","0","1","0","1","0","0","0","64","19","45","2","0","2","2","0","2","1","0","1","-2"
"181446","Nebraska Wesleyan University","2020","Second major","'99'","Grand total","Bachelor's degree","31","12","19","0","0","0","0","0","0","0","0","0","2","0","2","0","0","0","28","12","16","0","0","0","1","0","1","0","0","0","-2"
"181464","University of Nebraska-Lincoln","2020","First major","'99'","Grand total","Bachelor's degree","4302","2205","2097","13","5","8","107","51","56","104","55","49","232","117","115","4","3","1","3158","1585","1573","124","68","56","48","21","27","512","300","212","-2"
"181464","University of Nebraska-Lincoln","2020","First major","'99'","Grand total","Master's degree","956","472","484","1","0","1","27","17","10","23","13","10","40","16","24","0","0","0","699","337","362","11","6","5","25","15","10","130","68","62","-2"
"181464","University of Nebraska-Lincoln","2020","First major","'99'","Grand total","Doctor's degree - research/scholarship","302","151","151","0","0","0","6","4","2","4","1","3","10","5","5","0","0","0","151","59","92","11","3","8","10","6","4","110","73","37","-2"
"181464","University of Nebraska-Lincoln","2020","First major","'99'","Grand total","Doctor's degree - professional practice","141","81","60","1","0","1","0","0","0","1","0","1","6","5","1","0","0","0","129","73","56","3","2","1","1","1","0","0","0","0","-2"
"181464","University of Nebraska-Lincoln","2020","Second major","'99'","Grand total","Bachelor's degree","366","158","208","0","0","0","7","4","3","8","2","6","32","11","21","1","0","1","274","119","155","17","10","7","2","0","2","25","12","13","-2"
"181464","University of Nebraska-Lincoln","2020","Second major","'99'","Grand total","Doctor's degree - research/scholarship","1","1","0","0","0","0","0","0","0","0","0","0","0","0","0","0","0","0","0","0","0","0","0","0","0","0","0","1","1","0","-2"
"181491","Northeast Community College","2020","First major","'99'","Grand total","Associate's degree","726","359","367","5","3","2","3","0","3","4","3","1","78","35","43","1","0","1","597","295","302","11","6","5","5","4","1","22","13","9","-2"
"181534","Peru State College","2020","First major","'99'","Grand total","Bachelor's degree","278","98","180","2","0","2","3","1","2","21","12","9","26","12","14","0","0","0","204","64","140","12","5","7","3","0","3","7","4","3","-2"
"181534","Peru State College","2020","First major","'99'","Grand total","Master's degree","100","26","74","0","0","0","0","0","0","4","1","3","4","1","3","0","0","0","90","23","67","2","1","1","0","0","0","0","0","0","-2"
"181534","Peru State College","2020","Second major","'99'","Grand total","Bachelor's degree","42","8","34","0","0","0","0","0","0","0","0","0","3","0","3","0","0","0","34","5","29","1","0","1","0","0","0","4","3","1","-2"
"181543","Summit Christian College","2020","First major","'99'","Grand total","Associate's degree","2","1","1","0","0","0","0","0","0","0","0","0","0","0","0","0","0","0","1","1","0","1","0","1","0","0","0","0","0","0","-2"
"181543","Summit Christian College","2020","First major","'99'","Grand total","Bachelor's degree","2","2","0","0","0","0","0","0","0","0","0","0","0","0","0","0","0","0","2","2","0","0","0","0","0","0","0","0","0","0","-2"
"181604","College of Saint Mary","2020","First major","'99'","Grand total","Associate's degree","2","0","2","0","0","0","1","0","1","0","0","0","1","0","1","0","0","0","0","0","0","0","0","0","0","0","0","0","0","0","-2"
"181604","College of Saint Mary","2020","First major","'99'","Grand total","Bachelor's degree","174","0","174","1","0","1","1","0","1","15","0","15","19","0","19","0","0","0","131","0","131","6","0","6","0","0","0","1","0","1","-2"
"181604","College of Saint Mary","2020","First major","'99'","Grand total","Master's degree","142","10","132","0","0","0","5","0","5","3","1","2","12","1","11","1","0","1","116","8","108","4","0","4","0","0","0","1","0","1","-2"
"181604","College of Saint Mary","2020","First major","'99'","Grand total","Doctor's degree - research/scholarship","2","0","2","0","0","0","0","0","0","1","0","1","0","0","0","0","0","0","1","0","1","0","0","0","0","0","0","0","0","0","-2"
"181604","College of Saint Mary","2020","First major","'99'","Grand total","Doctor's degree - professional practice","0","0","0","0","0","0","0","0","0","0","0","0","0","0","0","0","0","0","0","0","0","0","0","0","0","0","0","0","0","0","-2"
"181640","Southeast Community College Area","2020","First major","'99'","Grand total","Associate's degree","758","430","328","2","1","1","28","16","12","18","9","9","48","19","29","1","1","0","641","376","265","20","8","12","0","0","0","0","0","0","-2"
"181738","Union College","2020","First major","'99'","Grand total","Associate's degree","49","24","25","0","0","0","3","1","2","0","0","0","15","8","7","0","0","0","21","8","13","5","2","3","0","0","0","5","5","0","-2"
"181738","Union College","2020","First major","'99'","Grand total","Bachelor's degree","167","67","100","1","1","0","7","2","5","8","2","6","35","15","20","2","1","1","92","35","57","7","2","5","0","0","0","15","9","6","-2"
"181738","Union College","2020","First major","'99'","Grand total","Master's degree","31","8","23","0","0","0","0","0","0","0","0","0","2","0","2","0","0","0","29","8","21","0","0","0","0","0","0","0","0","0","-2"
"181765","Nebraska College of Technical Agriculture","2020","First major","'99'","Grand total","Associate's degree","99","40","59","0","0","0","0","0","0","0","0","0","3","0","3","0","0","0","93","38","55","1","1","0","2","1","1","0","0","0","-2"
"181783","Wayne State College","2020","First major","'99'","Grand total","Bachelor's degree","529","213","316","7","1","6","4","1","3","16","12","4","47","17","30","0","0","0","425","165","260","12","5","7","4","2","2","14","10","4","-2"
"181783","Wayne State College","2020","First major","'99'","Grand total","Master's degree","204","55","149","3","1","2","0","0","0","5","2","3","3","1","2","0","0","0","187","47","140","4","2","2","2","2","0","0","0","0","-2"
"181783","Wayne State College","2020","Second major","'99'","Grand total","Bachelor's degree","77","17","60","2","0","2","0","0","0","2","0","2","5","1","4","0","0","0","62","13","49","2","0","2","0","0","0","4","3","1","-2"
"181817","Western Nebraska Community College","2020","First major","'99'","Grand total","Associate's degree","204","65","139","0","0","0","2","1","1","10","5","5","41","10","31","1","1","0","125","37","88","0","0","0","4","1","3","21","10","11","-2"
"181853","York College","2020","First major","'99'","Grand total","Associate's degree","15","0","15","0","0","0","0","0","0","6","0","6","0","0","0","0","0","0","9","0","9","0","0","0","0","0","0","0","0","0","-2"
"181853","York College","2020","First major","'99'","Grand total","Bachelor's degree","63","27","36","0","0","0","1","0","1","11","8","3","13","2","11","0","0","0","34","16","18","0","0","0","2","0","2","2","1","1","-2"
"181853","York College","2020","First major","'99'","Grand total","Master's degree","19","8","11","0","0","0","0","0","0","1","1","0","1","0","1","1","0","1","15","7","8","0","0","0","1","0","1","0","0","0","-2"
"181853","York College","2020","Second major","'99'","Grand total","Bachelor's degree","4","2","2","0","0","0","0","0","0","1","0","1","0","0","0","0","0","0","3","2","1","0","0","0","0","0","0","0","0","0","-2"
"181941","Career College of Northern Nevada","2020","First major","'99'","Grand total","Associate's degree","97","31","66","1","1","0","3","0","3","0","0","0","42","8","34","0","0","0","49","21","28","1","0","1","1","1","0","0","0","0","-2"
"182005","College of Southern Nevada","2020","First major","'99'","Grand total","Associate's degree","3362","1272","2090","19","9","10","383","151","232","254","90","164","1053","356","697","45","19","26","1145","447","698","222","90","132","162","75","87","79","35","44","-2"
"182005","College of Southern Nevada","2020","First major","'99'","Grand total","Bachelor's degree","48","18","30","0","0","0","3","2","1","2","0","2","13","4","9","1","0","1","26","12","14","1","0","1","1","0","1","1","0","1","-2"
"182148","Las Vegas College","2020","First major","'99'","Grand total","Associate's degree","20","3","17","0","0","0","3","1","2","2","0","2","2","0","2","1","0","1","10","2","8","1","0","1","1","0","1","0","0","0","-2"
"182281","University of Nevada-Las Vegas","2020","First major","'99'","Grand total","Bachelor's degree","4353","1747","2606","6","5","1","727","308","419","307","98","209","1192","457","735","31","15","16","1403","581","822","453","185","268","16","10","6","218","88","130","-2"
"182281","University of Nevada-Las Vegas","2020","First major","'99'","Grand total","Master's degree","1107","390","717","5","3","2","90","44","46","89","25","64","244","70","174","1","1","0","469","170","299","59","16","43","59","24","35","91","37","54","-2"
"182281","University of Nevada-Las Vegas","2020","First major","'99'","Grand total","Doctor's degree - research/scholarship","210","94","116","0","0","0","18","8","10","7","3","4","22","9","13","1","0","1","114","47","67","7","4","3","10","5","5","31","18","13","-2"
"182281","University of Nevada-Las Vegas","2020","First major","'99'","Grand total","Doctor's degree - professional practice","205","106","99","1","1","0","23","17","6","13","5","8","33","13","20","0","0","0","82","43","39","9","6","3","43","20","23","1","1","0","-2"
"182281","University of Nevada-Las Vegas","2020","Second major","'99'","Grand total","Bachelor's degree","40","19","21","0","0","0","3","1","2","0","0","0","14","7","7","1","1","0","18","8","10","4","2","2","0","0","0","0","0","0","-2"
"182281","University of Nevada-Las Vegas","2020","Second major","'99'","Grand total","Master's degree","1","0","1","0","0","0","0","0","0","0","0","0","0","0","0","0","0","0","0","0","0","0","0","0","0","0","0","1","0","1","-2"
"182290","University of Nevada-Reno","2020","First major","'99'","Grand total","Bachelor's degree","3908","1725","2183","29","7","22","292","135","157","122","51","71","841","335","506","17","4","13","2258","1054","1204","255","95","160","49","23","26","45","21","24","-2"
"182290","University of Nevada-Reno","2020","First major","'99'","Grand total","Master's degree","864","286","578","3","2","1","39","14","25","28","11","17","139","42","97","1","0","1","534","163","371","43","9","34","9","3","6","68","42","26","-2"
"182290","University of Nevada-Reno","2020","First major","'99'","Grand total","Doctor's degree - research/scholarship","138","72","66","1","0","1","6","3","3","2","1","1","9","5","4","1","1","0","63","26","37","4","2","2","8","2","6","44","32","12","-2"
"182290","University of Nevada-Reno","2020","First major","'99'","Grand total","Doctor's degree - professional practice","65","43","22","0","0","0","11","5","6","2","1","1","5","2","3","0","0","0","37","28","9","3","2","1","7","5","2","0","0","0","-2"
"182290","University of Nevada-Reno","2020","Second major","'99'","Grand total","Bachelor's degree","153","70","83","2","2","0","6","4","2","4","2","2","33","16","17","3","1","2","89","39","50","12","6","6","1","0","1","3","0","3","-2"
"182306","Great Basin College","2020","First major","'99'","Grand total","Associate's degree","331","131","200","8","4","4","5","2","3","7","3","4","80","42","38","0","0","0","208","73","135","10","2","8","13","5","8","0","0","0","-2"
"182306","Great Basin College","2020","First major","'99'","Grand total","Bachelor's degree","101","26","75","1","0","1","3","0","3","1","0","1","20","5","15","1","1","0","70","19","51","1","0","1","4","1","3","0","0","0","-2"
"182458","Sierra Nevada University","2020","First major","'99'","Grand total","Bachelor's degree","98","55","43","4","2","2","4","2","2","0","0","0","6","4","2","0","0","0","80","45","35","0","0","0","4","2","2","0","0","0","-2"
"182458","Sierra Nevada University","2020","First major","'99'","Grand total","Master's degree","165","49","116","2","1","1","7","2","5","3","0","3","9","5","4","0","0","0","109","34","75","0","0","0","35","7","28","0","0","0","-2"
"182500","Truckee Meadows Community College","2020","First major","'99'","Grand total","Associate's degree","1501","596","905","22","8","14","77","29","48","37","14","23","425","150","275","0","0","0","830","349","481","68","31","37","26","9","17","16","6","10","-2"
"182500","Truckee Meadows Community College","2020","First major","'99'","Grand total","Bachelor's degree","9","7","2","0","0","0","0","0","0","0","0","0","2","2","0","0","0","0","7","5","2","0","0","0","0","0","0","0","0","0","-2"
"182564","Western Nevada College","2020","First major","'99'","Grand total","Associate's degree","641","235","406","6","4","2","11","5","6","8","1","7","171","57","114","0","0","0","403","154","249","30","9","21","12","5","7","0","0","0","-2"
"182564","Western Nevada College","2020","First major","'99'","Grand total","Bachelor's degree","5","3","2","0","0","0","0","0","0","0","0","0","0","0","0","0","0","0","5","3","2","0","0","0","0","0","0","0","0","0","-2"
"182634","Colby-Sawyer College","2020","First major","'99'","Grand total","Associate's degree","12","3","9","0","0","0","1","1","0","0","0","0","1","0","1","0","0","0","5","0","5","0","0","0","4","2","2","1","0","1","-2"
"182634","Colby-Sawyer College","2020","First major","'99'","Grand total","Bachelor's degree","178","49","129","0","0","0","1","0","1","9","0","9","5","3","2","0","0","0","149","45","104","0","0","0","11","0","11","3","1","2","-2"
"182634","Colby-Sawyer College","2020","First major","'99'","Grand total","Master's degree","0","0","0","0","0","0","0","0","0","0","0","0","0","0","0","0","0","0","0","0","0","0","0","0","0","0","0","0","0","0","-2"
"182634","Colby-Sawyer College","2020","Second major","'99'","Grand total","Bachelor's degree","1","1","0","0","0","0","0","0","0","0","0","0","0","0","0","0","0","0","1","1","0","0","0","0","0","0","0","0","0","0","-2"
"182670","Dartmouth College","2020","First major","'99'","Grand total","Bachelor's degree","1047","506","541","15","3","12","163","73","90","74","34","40","113","59","54","4","2","2","524","267","257","58","24","34","15","5","10","81","39","42","-2"
"182670","Dartmouth College","2020","First major","'99'","Grand total","Master's degree","669","361","308","2","1","1","70","32","38","21","13","8","29","19","10","0","0","0","325","180","145","13","5","8","42","16","26","167","95","72","-2"
"182670","Dartmouth College","2020","First major","'99'","Grand total","Doctor's degree - research/scholarship","108","59","49","0","0","0","10","5","5","3","1","2","3","0","3","0","0","0","49","25","24","2","2","0","2","1","1","39","25","14","-2"
"182670","Dartmouth College","2020","First major","'99'","Grand total","Doctor's degree - professional practice","88","37","51","0","0","0","18","8","10","5","2","3","9","5","4","0","0","0","44","17","27","4","1","3","2","1","1","6","3","3","-2"
"182670","Dartmouth College","2020","Second major","'99'","Grand total","Bachelor's degree","202","89","113","1","0","1","32","11","21","9","5","4","26","9","17","0","0","0","98","48","50","12","4","8","2","1","1","22","11","11","-2"
"182795","Franklin Pierce University","2020","First major","'99'","Grand total","Associate's degree","9","3","6","0","0","0","0","0","0","0","0","0","0","0","0","0","0","0","7","2","5","0","0","0","2","1","1","0","0","0","-2"
"182795","Franklin Pierce University","2020","First major","'99'","Grand total","Bachelor's degree","403","160","243","2","0","2","5","4","1","20","11","9","27","8","19","0","0","0","320","122","198","9","3","6","14","8","6","6","4","2","-2"
"182795","Franklin Pierce University","2020","First major","'99'","Grand total","Master's degree","108","39","69","0","0","0","1","0","1","6","2","4","6","2","4","1","1","0","86","33","53","0","0","0","6","1","5","2","0","2","-2"
"182795","Franklin Pierce University","2020","First major","'99'","Grand total","Doctor's degree - professional practice","85","30","55","0","0","0","5","2","3","0","0","0","12","5","7","0","0","0","60","21","39","1","1","0","7","1","6","0","0","0","-2"
"182795","Franklin Pierce University","2020","Second major","'99'","Grand total","Bachelor's degree","24","5","19","0","0","0","0","0","0","0","0","0","1","1","0","0","0","0","23","4","19","0","0","0","0","0","0","0","0","0","-2"
"182795","Franklin Pierce University","2020","Second major","'99'","Grand total","Master's degree","4","2","2","0","0","0","0","0","0","0","0","0","2","1","1","0","0","0","2","1","1","0","0","0","0","0","0","0","0","0","-2"
"182829","University of New Hampshire-Franklin Pierce School of Law","2020","First major","'99'","Grand total","Master's degree","13","6","7","0","0","0","1","1","0","0","0","0","0","0","0","0","0","0","0","0","0","0","0","0","6","2","4","6","3","3","-2"
"182829","University of New Hampshire-Franklin Pierce School of Law","2020","First major","'99'","Grand total","Doctor's degree - professional practice","70","33","37","0","0","0","1","0","1","0","0","0","5","2","3","0","0","0","59","29","30","1","1","0","1","1","0","3","0","3","-2"
"182917","Magdalen College","2020","First major","'99'","Grand total","Associate's degree","2","1","1","0","0","0","0","0","0","0","0","0","0","0","0","0","0","0","2","1","1","0","0","0","0","0","0","0","0","0","-2"
"182917","Magdalen College","2020","First major","'99'","Grand total","Bachelor's degree","16","7","9","0","0","0","0","0","0","0","0","0","1","1","0","0","0","0","15","6","9","0","0","0","0","0","0","0","0","0","-2"
"182980","New England College","2020","First major","'99'","Grand total","Associate's degree","49","9","40","0","0","0","1","1","0","14","1","13","5","2","3","0","0","0","23","4","19","0","0","0","5","1","4","1","0","1","-2"
"182980","New England College","2020","First major","'99'","Grand total","Bachelor's degree","316","122","194","2","1","1","7","1","6","43","15","28","23","9","14","0","0","0","176","67","109","5","1","4","48","20","28","12","8","4","-2"
"182980","New England College","2020","First major","'99'","Grand total","Master's degree","373","213","160","3","1","2","5","3","2","19","11","8","13","8","5","2","1","1","126","53","73","8","5","3","56","30","26","141","101","40","-2"
"182980","New England College","2020","First major","'99'","Grand total","Doctor's degree - professional practice","10","4","6","0","0","0","0","0","0","2","1","1","0","0","0","0","0","0","7","2","5","0","0","0","1","1","0","0","0","0","-2"
"183026","Southern New Hampshire University","2020","First major","'99'","Grand total","Associate's degree","2956","1076","1880","17","4","13","35","14","21","564","190","374","395","122","273","15","2","13","1555","587","968","59","20","39","313","135","178","3","2","1","-2"
"183026","Southern New Hampshire University","2020","First major","'99'","Grand total","Bachelor's degree","12400","4349","8051","57","17","40","269","99","170","1384","406","978","1074","340","734","45","11","34","8099","2849","5250","208","69","139","1170","498","672","94","60","34","-2"
"183026","Southern New Hampshire University","2020","First major","'99'","Grand total","Master's degree","5578","1951","3627","31","7","24","179","78","101","897","264","633","377","123","254","18","7","11","3337","1192","2145","83","30","53","517","187","330","139","63","76","-2"
"183026","Southern New Hampshire University","2020","First major","'99'","Grand total","Doctor's degree - research/scholarship","8","2","6","0","0","0","0","0","0","0","0","0","0","0","0","0","0","0","5","0","5","0","0","0","2","1","1","1","1","0","-2"
"183044","University of New Hampshire-Main Campus","2020","First major","'99'","Grand total","Associate's degree","37","6","31","0","0","0","3","1","2","0","0","0","2","0","2","0","0","0","31","5","26","1","0","1","0","0","0","0","0","0","-2"
"183044","University of New Hampshire-Main Campus","2020","First major","'99'","Grand total","Bachelor's degree","2924","1287","1637","6","3","3","87","36","51","35","23","12","102","44","58","0","0","0","2349","1011","1338","51","21","30","121","55","66","173","94","79","-2"
"183044","University of New Hampshire-Main Campus","2020","First major","'99'","Grand total","Master's degree","681","214","467","0","0","0","14","7","7","4","3","1","14","5","9","1","1","0","584","164","420","9","4","5","11","4","7","44","26","18","-2"
"183044","University of New Hampshire-Main Campus","2020","First major","'99'","Grand total","Doctor's degree - research/scholarship","70","38","32","0","0","0","1","1","0","1","1","0","2","0","2","0","0","0","44","25","19","0","0","0","4","1","3","18","10","8","-2"
"183044","University of New Hampshire-Main Campus","2020","First major","'99'","Grand total","Doctor's degree - professional practice","12","2","10","0","0","0","0","0","0","0","0","0","1","1","0","0","0","0","10","1","9","0","0","0","1","0","1","0","0","0","-2"
"183044","University of New Hampshire-Main Campus","2020","Second major","'99'","Grand total","Associate's degree","1","0","1","0","0","0","1","0","1","0","0","0","0","0","0","0","0","0","0","0","0","0","0","0","0","0","0","0","0","0","-2"
"183044","University of New Hampshire-Main Campus","2020","Second major","'99'","Grand total","Bachelor's degree","441","184","257","0","0","0","13","4","9","4","0","4","6","3","3","0","0","0","381","164","217","7","2","5","11","8","3","19","3","16","-2"
"183062","Keene State College","2020","First major","'99'","Grand total","Bachelor's degree","793","331","462","0","0","0","10","1","9","6","1","5","26","13","13","0","0","0","695","291","404","10","5","5","46","20","26","0","0","0","-2"
"183062","Keene State College","2020","First major","'99'","Grand total","Master's degree","21","6","15","0","0","0","0","0","0","0","0","0","1","0","1","0","0","0","17","4","13","0","0","0","3","2","1","0","0","0","-2"
"183062","Keene State College","2020","Second major","'99'","Grand total","Bachelor's degree","95","26","69","0","0","0","0","0","0","0","0","0","4","1","3","0","0","0","83","22","61","5","1","4","3","2","1","0","0","0","-2"
"183071","University of New Hampshire at Manchester","2020","First major","'99'","Grand total","Associate's degree","3","1","2","0","0","0","0","0","0","0","0","0","0","0","0","0","0","0","2","1","1","0","0","0","1","0","1","0","0","0","-2"
"183071","University of New Hampshire at Manchester","2020","First major","'99'","Grand total","Bachelor's degree","172","85","87","0","0","0","12","8","4","2","0","2","8","5","3","0","0","0","114","49","65","4","0","4","32","23","9","0","0","0","-2"
"183071","University of New Hampshire at Manchester","2020","Second major","'99'","Grand total","Bachelor's degree","1","0","1","0","0","0","0","0","0","0","0","0","0","0","0","0","0","0","1","0","1","0","0","0","0","0","0","0","0","0","-2"
"183080","Plymouth State University","2020","First major","'99'","Grand total","Bachelor's degree","870","425","445","4","0","4","15","7","8","18","9","9","13","8","5","0","0","0","732","353","379","21","11","10","53","27","26","14","10","4","-2"
"183080","Plymouth State University","2020","First major","'99'","Grand total","Master's degree","228","72","156","0","0","0","7","0","7","3","3","0","7","4","3","0","0","0","185","59","126","3","1","2","15","4","11","8","1","7","-2"
"183080","Plymouth State University","2020","First major","'99'","Grand total","Doctor's degree - research/scholarship","12","4","8","0","0","0","0","0","0","0","0","0","0","0","0","0","0","0","12","4","8","0","0","0","0","0","0","0","0","0","-2"
"183080","Plymouth State University","2020","First major","'99'","Grand total","Doctor's degree - professional practice","25","10","15","0","0","0","1","1","0","1","1","0","3","2","1","0","0","0","11","2","9","0","0","0","9","4","5","0","0","0","-2"
"183080","Plymouth State University","2020","Second major","'99'","Grand total","Bachelor's degree","10","3","7","0","0","0","0","0","0","0","0","0","0","0","0","0","0","0","10","3","7","0","0","0","0","0","0","0","0","0","-2"
"183080","Plymouth State University","2020","Second major","'99'","Grand total","Master's degree","1","0","1","0","0","0","0","0","0","0","0","0","0","0","0","0","0","0","1","0","1","0","0","0","0","0","0","0","0","0","-2"
"183099","NHTI-Concord's Community College","2020","First major","'99'","Grand total","Associate's degree","584","237","347","0","0","0","9","4","5","14","6","8","11","6","5","2","1","1","524","209","315","0","0","0","24","11","13","0","0","0","-2"
"183105","White Mountains Community College","2020","First major","'99'","Grand total","Associate's degree","106","33","73","1","1","0","0","0","0","0","0","0","0","0","0","0","0","0","101","30","71","0","0","0","4","2","2","0","0","0","-2"
"183114","River Valley Community College","2020","First major","'99'","Grand total","Associate's degree","131","34","97","1","0","1","1","0","1","1","1","0","3","2","1","0","0","0","117","31","86","1","0","1","7","0","7","0","0","0","-2"
"183123","Lakes Region Community College","2020","First major","'99'","Grand total","Associate's degree","119","59","60","0","0","0","0","0","0","1","0","1","0","0","0","2","0","2","105","53","52","0","0","0","11","6","5","0","0","0","-2"
"183132","Manchester Community College","2020","First major","'99'","Grand total","Associate's degree","332","157","175","2","1","1","12","11","1","6","2","4","19","7","12","2","1","1","247","110","137","6","4","2","38","21","17","0","0","0","-2"
"183132","Manchester Community College","2020","Second major","'99'","Grand total","Associate's degree","4","1","3","0","0","0","0","0","0","0","0","0","0","0","0","0","0","0","4","1","3","0","0","0","0","0","0","0","0","0","-2"
"183141","Nashua Community College","2020","First major","'99'","Grand total","Associate's degree","270","143","127","1","0","1","5","3","2","11","7","4","22","9","13","0","0","0","227","122","105","1","1","0","3","1","2","0","0","0","-2"
"183141","Nashua Community College","2020","Second major","'99'","Grand total","Associate's degree","4","4","0","0","0","0","0","0","0","0","0","0","1","1","0","0","0","0","3","3","0","0","0","0","0","0","0","0","0","0","-2"
"183150","Great Bay Community College","2020","First major","'99'","Grand total","Associate's degree","267","90","177","0","0","0","10","2","8","4","2","2","7","1","6","0","0","0","228","78","150","4","1","3","14","6","8","0","0","0","-2"
"183211","Rivier University","2020","First major","'99'","Grand total","Associate's degree","36","4","32","0","0","0","3","1","2","0","0","0","2","0","2","0","0","0","27","2","25","1","0","1","3","1","2","0","0","0","-2"
"183211","Rivier University","2020","First major","'99'","Grand total","Bachelor's degree","296","58","238","1","0","1","7","2","5","8","4","4","10","1","9","0","0","0","238","42","196","5","1","4","27","8","19","0","0","0","-2"
"183211","Rivier University","2020","First major","'99'","Grand total","Master's degree","191","41","150","1","0","1","29","13","16","5","2","3","3","0","3","0","0","0","139","26","113","2","0","2","12","0","12","0","0","0","-2"
"183211","Rivier University","2020","First major","'99'","Grand total","Doctor's degree - research/scholarship","6","0","6","0","0","0","0","0","0","0","0","0","0","0","0","0","0","0","6","0","6","0","0","0","0","0","0","0","0","0","-2"
"183211","Rivier University","2020","First major","'99'","Grand total","Doctor's degree - professional practice","2","0","2","0","0","0","0","0","0","0","0","0","0","0","0","0","0","0","2","0","2","0","0","0","0","0","0","0","0","0","-2"
"183239","Saint Anselm College","2020","First major","'99'","Grand total","Bachelor's degree","478","171","307","0","0","0","5","1","4","7","3","4","23","9","14","0","0","0","411","142","269","6","5","1","24","9","15","2","2","0","-2"
"183239","Saint Anselm College","2020","Second major","'99'","Grand total","Bachelor's degree","107","47","60","0","0","0","2","0","2","0","0","0","6","3","3","0","0","0","96","42","54","0","0","0","3","2","1","0","0","0","-2"
"183248","St Joseph School of Nursing","2020","First major","'99'","Grand total","Associate's degree","64","7","57","0","0","0","2","0","2","10","2","8","3","0","3","0","0","0","44","5","39","5","0","5","0","0","0","0","0","0","-2"
"183257","Granite State College","2020","First major","'99'","Grand total","Associate's degree","100","24","76","1","1","0","1","0","1","3","1","2","4","1","3","0","0","0","87","20","67","0","0","0","4","1","3","0","0","0","-2"
"183257","Granite State College","2020","First major","'99'","Grand total","Bachelor's degree","358","120","238","0","0","0","1","1","0","7","5","2","12","8","4","1","1","0","311","92","219","8","1","7","18","12","6","0","0","0","-2"
"183257","Granite State College","2020","First major","'99'","Grand total","Master's degree","73","23","50","0","0","0","0","0","0","1","1","0","6","0","6","0","0","0","59","20","39","2","1","1","5","1","4","0","0","0","-2"
"183275","Thomas More College of Liberal Arts","2020","First major","'99'","Grand total","Bachelor's degree","22","10","12","1","1","0","0","0","0","0","0","0","1","0","1","0","0","0","16","7","9","0","0","0","1","0","1","3","2","1","-2"
"183488","Eastwick College-Hackensack","2020","First major","'99'","Grand total","Associate's degree","42","10","32","0","0","0","0","0","0","16","4","12","19","6","13","0","0","0","7","0","7","0","0","0","0","0","0","0","0","0","-2"
"183600","Assumption College for Sisters","2020","First major","'99'","Grand total","Associate's degree","8","0","8","0","0","0","1","0","1","0","0","0","0","0","0","0","0","0","0","0","0","0","0","0","0","0","0","7","0","7","-2"
"183655","Atlantic Cape Community College","2020","First major","'99'","Grand total","Associate's degree","689","242","447","2","0","2","65","28","37","71","27","44","152","59","93","2","2","0","344","109","235","7","2","5","41","13","28","5","2","3","-2"
"183743","Bergen Community College","2020","First major","'99'","Grand total","Associate's degree","2080","959","1121","2","2","0","172","88","84","99","37","62","544","233","311","9","5","4","711","356","355","24","10","14","394","177","217","125","51","74","-2"
"183789","Berkeley College-Woodland Park","2020","First major","'99'","Grand total","Associate's degree","491","111","380","0","0","0","6","2","4","78","19","59","218","50","168","0","0","0","52","11","41","3","1","2","132","28","104","2","0","2","-2"
"183789","Berkeley College-Woodland Park","2020","First major","'99'","Grand total","Bachelor's degree","474","149","325","3","2","1","8","5","3","82","21","61","190","57","133","0","0","0","75","26","49","0","0","0","112","35","77","4","3","1","-2"
"183789","Berkeley College-Woodland Park","2020","First major","'99'","Grand total","Master's degree","58","18","40","0","0","0","3","1","2","15","6","9","16","4","12","0","0","0","13","3","10","0","0","0","9","3","6","2","1","1","-2"
"183804","Beth Medrash Govoha","2020","First major","'99'","Grand total","Bachelor's degree","472","472","0","0","0","0","0","0","0","0","0","0","1","1","0","0","0","0","468","468","0","0","0","0","0","0","0","3","3","0","-2"
"183804","Beth Medrash Govoha","2020","First major","'99'","Grand total","Master's degree","396","396","0","0","0","0","0","0","0","0","0","0","2","2","0","0","0","0","391","391","0","0","0","0","0","0","0","3","3","0","-2"
"183822","Bloomfield College","2020","First major","'99'","Grand total","Bachelor's degree","305","92","213","0","0","0","6","2","4","150","43","107","84","27","57","2","0","2","41","15","26","2","1","1","13","4","9","7","0","7","-2"
"183822","Bloomfield College","2020","First major","'99'","Grand total","Master's degree","10","1","9","0","0","0","2","0","2","2","0","2","2","0","2","0","0","0","3","1","2","0","0","0","0","0","0","1","0","1","-2"
"183859","Brookdale Community College","2020","First major","'99'","Grand total","Associate's degree","1720","782","938","3","0","3","77","31","46","126","40","86","239","107","132","7","2","5","1168","559","609","16","8","8","66","29","37","18","6","12","-2"
"183877","Rowan College at Burlington County","2020","First major","'99'","Grand total","Associate's degree","2110","800","1310","3","0","3","90","31","59","340","109","231","236","66","170","2","2","0","1262","535","727","71","19","52","63","17","46","43","21","22","-2"
"183910","Caldwell University","2020","First major","'99'","Grand total","Bachelor's degree","335","110","225","0","0","0","12","2","10","38","13","25","78","19","59","0","0","0","141","37","104","3","1","2","18","8","10","45","30","15","-2"
"183910","Caldwell University","2020","First major","'99'","Grand total","Master's degree","119","18","101","0","0","0","3","1","2","7","1","6","18","4","14","0","0","0","71","3","68","0","0","0","17","7","10","3","2","1","-2"
"183910","Caldwell University","2020","First major","'99'","Grand total","Doctor's degree - research/scholarship","5","0","5","0","0","0","0","0","0","2","0","2","1","0","1","0","0","0","1","0","1","1","0","1","0","0","0","0","0","0","-2"
"183910","Caldwell University","2020","Second major","'99'","Grand total","Bachelor's degree","35","14","21","0","0","0","1","0","1","0","0","0","7","2","5","0","0","0","7","1","6","0","0","0","1","0","1","19","11","8","-2"
"183938","Camden County College","2020","First major","'99'","Grand total","Associate's degree","1090","385","705","9","4","5","56","24","32","157","40","117","173","48","125","4","3","1","570","215","355","44","13","31","9","4","5","68","34","34","-2"
"183974","Centenary University","2020","First major","'99'","Grand total","Associate's degree","11","5","6","0","0","0","0","0","0","0","0","0","1","0","1","0","0","0","6","5","1","0","0","0","4","0","4","0","0","0","-2"
"183974","Centenary University","2020","First major","'99'","Grand total","Bachelor's degree","366","111","255","1","1","0","6","0","6","35","9","26","42","10","32","0","0","0","223","69","154","7","2","5","46","17","29","6","3","3","-2"
"183974","Centenary University","2020","First major","'99'","Grand total","Master's degree","167","49","118","0","0","0","1","1","0","2","1","1","7","3","4","0","0","0","41","7","34","13","4","9","102","33","69","1","0","1","-2"
"183974","Centenary University","2020","First major","'99'","Grand total","Doctor's degree - research/scholarship","4","2","2","0","0","0","0","0","0","0","0","0","0","0","0","0","0","0","4","2","2","0","0","0","0","0","0","0","0","0","-2"
"184180","County College of Morris","2020","First major","'99'","Grand total","Associate's degree","1258","634","624","2","1","1","67","38","29","39","20","19","217","105","112","1","1","0","749","380","369","19","8","11","66","39","27","98","42","56","-2"
"184205","Cumberland County College","2020","First major","'99'","Grand total","Associate's degree","515","159","356","4","2","2","9","2","7","55","18","37","173","48","125","0","0","0","234","76","158","24","8","16","15","4","11","1","1","0","-2"
"184348","Drew University","2020","First major","'99'","Grand total","Bachelor's degree","362","147","215","0","0","0","17","9","8","24","8","16","52","10","42","0","0","0","181","80","101","14","4","10","11","8","3","63","28","35","-2"
"184348","Drew University","2020","First major","'99'","Grand total","Master's degree","123","47","76","0","0","0","2","1","1","26","10","16","12","4","8","0","0","0","55","15","40","2","0","2","5","2","3","21","15","6","-2"
"184348","Drew University","2020","First major","'99'","Grand total","Doctor's degree - research/scholarship","6","3","3","0","0","0","1","1","0","2","0","2","0","0","0","0","0","0","2","1","1","0","0","0","0","0","0","1","1","0","-2"
"184348","Drew University","2020","First major","'99'","Grand total","Doctor's degree - professional practice","23","17","6","0","0","0","0","0","0","7","4","3","0","0","0","0","0","0","8","5","3","0","0","0","0","0","0","8","8","0","-2"
"184348","Drew University","2020","First major","'99'","Grand total","Doctor's degree - other","11","5","6","0","0","0","0","0","0","0","0","0","0","0","0","0","0","0","5","1","4","0","0","0","5","3","2","1","1","0","-2"
"184481","Essex County College","2020","First major","'99'","Grand total","Associate's degree","864","292","572","2","0","2","23","13","10","347","98","249","232","74","158","1","1","0","92","44","48","7","4","3","50","14","36","110","44","66","-2"
"184603","Fairleigh Dickinson University-Metropolitan Campus","2020","First major","'99'","Grand total","Associate's degree","53","9","44","0","0","0","3","0","3","1","1","0","36","6","30","0","0","0","8","2","6","0","0","0","5","0","5","0","0","0","-2"
"184603","Fairleigh Dickinson University-Metropolitan Campus","2020","First major","'99'","Grand total","Bachelor's degree","685","341","344","1","1","0","28","14","14","53","20","33","217","76","141","1","0","1","221","129","92","10","4","6","116","77","39","38","20","18","-2"
"184603","Fairleigh Dickinson University-Metropolitan Campus","2020","First major","'99'","Grand total","Master's degree","715","314","401","2","0","2","45","15","30","83","26","57","112","39","73","0","0","0","350","186","164","8","2","6","28","16","12","87","30","57","-2"
"184603","Fairleigh Dickinson University-Metropolitan Campus","2020","First major","'99'","Grand total","Doctor's degree - professional practice","32","8","24","0","0","0","1","0","1","2","1","1","6","1","5","0","0","0","19","5","14","0","0","0","4","1","3","0","0","0","-2"
"184612","Felician University","2020","First major","'99'","Grand total","Associate's degree","1","0","1","0","0","0","0","0","0","0","0","0","0","0","0","0","0","0","1","0","1","0","0","0","0","0","0","0","0","0","-2"
"184612","Felician University","2020","First major","'99'","Grand total","Bachelor's degree","364","89","275","3","3","0","18","5","13","74","14","60","103","20","83","2","0","2","103","24","79","4","4","0","46","14","32","11","5","6","-2"
"184612","Felician University","2020","First major","'99'","Grand total","Master's degree","99","23","76","1","0","1","8","2","6","15","2","13","17","5","12","1","0","1","44","10","34","0","0","0","11","3","8","2","1","1","-2"
"184612","Felician University","2020","First major","'99'","Grand total","Doctor's degree - research/scholarship","0","0","0","0","0","0","0","0","0","0","0","0","0","0","0","0","0","0","0","0","0","0","0","0","0","0","0","0","0","0","-2"
"184612","Felician University","2020","First major","'99'","Grand total","Doctor's degree - professional practice","1","0","1","0","0","0","0","0","0","0","0","0","0","0","0","0","0","0","0","0","0","0","0","0","1","0","1","0","0","0","-2"
"184612","Felician University","2020","Second major","'99'","Grand total","Bachelor's degree","24","1","23","0","0","0","0","0","0","3","0","3","4","0","4","1","0","1","11","0","11","0","0","0","3","1","2","2","0","2","-2"
"184694","Fairleigh Dickinson University-Florham Campus","2020","First major","'99'","Grand total","Associate's degree","2","1","1","0","0","0","0","0","0","0","0","0","1","0","1","0","0","0","1","1","0","0","0","0","0","0","0","0","0","0","-2"
"184694","Fairleigh Dickinson University-Florham Campus","2020","First major","'99'","Grand total","Bachelor's degree","506","220","286","1","1","0","35","15","20","38","16","22","99","42","57","0","0","0","281","123","158","14","6","8","36","16","20","2","1","1","-2"
"184694","Fairleigh Dickinson University-Florham Campus","2020","First major","'99'","Grand total","Master's degree","271","104","167","1","1","0","27","5","22","32","13","19","31","12","19","1","0","1","153","63","90","2","2","0","15","6","9","9","2","7","-2"
"184694","Fairleigh Dickinson University-Florham Campus","2020","First major","'99'","Grand total","Doctor's degree - professional practice","72","29","43","1","1","0","18","4","14","10","4","6","9","4","5","0","0","0","29","15","14","0","0","0","5","1","4","0","0","0","-2"
"184773","Georgian Court University","2020","First major","'99'","Grand total","Bachelor's degree","410","87","323","1","0","1","11","4","7","29","7","22","39","6","33","0","0","0","282","59","223","4","1","3","38","5","33","6","5","1","-2"
"184773","Georgian Court University","2020","First major","'99'","Grand total","Master's degree","228","42","186","0","0","0","9","2","7","20","3","17","19","2","17","0","0","0","164","33","131","2","0","2","13","1","12","1","1","0","-2"
"184773","Georgian Court University","2020","First major","'99'","Grand total","Doctor's degree - professional practice","0","0","0","0","0","0","0","0","0","0","0","0","0","0","0","0","0","0","0","0","0","0","0","0","0","0","0","0","0","0","-2"
"184773","Georgian Court University","2020","Second major","'99'","Grand total","Bachelor's degree","37","4","33","0","0","0","0","0","0","1","0","1","6","0","6","0","0","0","20","2","18","0","0","0","10","2","8","0","0","0","-2"
"184782","Rowan University","2020","First major","'99'","Grand total","Bachelor's degree","4090","2144","1946","6","2","4","205","110","95","378","173","205","407","198","209","5","0","5","2863","1549","1314","142","62","80","53","31","22","31","19","12","-2"
"184782","Rowan University","2020","First major","'99'","Grand total","Master's degree","611","257","354","0","0","0","47","23","24","41","17","24","54","17","37","1","1","0","420","171","249","7","2","5","10","6","4","31","20","11","-2"
"184782","Rowan University","2020","First major","'99'","Grand total","Doctor's degree - research/scholarship","35","11","24","0","0","0","2","1","1","6","1","5","1","0","1","0","0","0","21","7","14","1","0","1","0","0","0","4","2","2","-2"
"184782","Rowan University","2020","First major","'99'","Grand total","Doctor's degree - professional practice","257","129","128","0","0","0","81","39","42","27","7","20","21","12","9","0","0","0","117","68","49","3","1","2","4","1","3","4","1","3","-2"
"184791","Rowan College of South Jersey Gloucester Campus","2020","First major","'99'","Grand total","Associate's degree","1086","420","666","4","2","2","30","17","13","95","28","67","87","29","58","1","1","0","749","300","449","38","13","25","74","29","45","8","1","7","-2"
"184959","Eastwick College-Ramsey","2020","First major","'99'","Grand total","Associate's degree","270","47","223","0","0","0","26","9","17","40","13","27","53","5","48","5","3","2","142","14","128","4","3","1","0","0","0","0","0","0","-2"
"184959","Eastwick College-Ramsey","2020","First major","'99'","Grand total","Bachelor's degree","15","1","14","0","0","0","1","0","1","2","1","1","5","0","5","0","0","0","7","0","7","0","0","0","0","0","0","0","0","0","-2"
"184995","Hudson County Community College","2020","First major","'99'","Grand total","Associate's degree","1046","424","622","2","2","0","103","50","53","140","48","92","557","221","336","6","3","3","129","52","77","29","14","15","72","29","43","8","5","3","-2"
"185129","New Jersey City University","2020","First major","'99'","Grand total","Bachelor's degree","1249","440","809","5","2","3","127","49","78","222","74","148","443","129","314","3","2","1","316","136","180","30","11","19","56","22","34","47","15","32","-2"
"185129","New Jersey City University","2020","First major","'99'","Grand total","Master's degree","382","99","283","1","0","1","23","7","16","64","17","47","98","22","76","0","0","0","136","32","104","3","1","2","33","10","23","24","10","14","-2"
"185129","New Jersey City University","2020","First major","'99'","Grand total","Doctor's degree - research/scholarship","15","6","9","0","0","0","1","1","0","5","1","4","1","1","0","0","0","0","7","3","4","0","0","0","1","0","1","0","0","0","-2"
"185262","Kean University","2020","First major","'99'","Grand total","Bachelor's degree","2731","1042","1689","4","3","1","180","92","88","463","164","299","727","240","487","8","2","6","994","411","583","51","22","29","201","65","136","103","43","60","-2"
"185262","Kean University","2020","First major","'99'","Grand total","Master's degree","598","142","456","0","0","0","24","6","18","132","36","96","125","33","92","1","0","1","244","51","193","12","3","9","43","10","33","17","3","14","-2"
"185262","Kean University","2020","First major","'99'","Grand total","Doctor's degree - research/scholarship","31","3","28","0","0","0","1","0","1","7","0","7","3","0","3","0","0","0","18","3","15","1","0","1","1","0","1","0","0","0","-2"
"185262","Kean University","2020","First major","'99'","Grand total","Doctor's degree - professional practice","20","8","12","0","0","0","1","0","1","0","0","0","0","0","0","0","0","0","3","2","1","0","0","0","16","6","10","0","0","0","-2"
"185509","Mercer County Community College","2020","First major","'99'","Grand total","Associate's degree","808","335","473","1","1","0","57","23","34","107","34","73","165","62","103","0","0","0","382","175","207","19","8","11","44","19","25","33","13","20","-2"
"185536","Middlesex County College","2020","First major","'99'","Grand total","Associate's degree","1586","724","862","4","1","3","261","135","126","153","63","90","465","197","268","1","0","1","548","256","292","32","12","20","87","44","43","35","16","19","-2"
"185572","Monmouth University","2020","First major","'99'","Grand total","Associate's degree","0","0","0","0","0","0","0","0","0","0","0","0","0","0","0","0","0","0","0","0","0","0","0","0","0","0","0","0","0","0","-2"
"185572","Monmouth University","2020","First major","'99'","Grand total","Bachelor's degree","1073","462","611","2","1","1","26","11","15","58","30","28","133","52","81","0","0","0","766","331","435","25","13","12","58","20","38","5","4","1","-2"
"185572","Monmouth University","2020","First major","'99'","Grand total","Master's degree","618","154","464","1","0","1","21","7","14","46","9","37","51","14","37","1","0","1","435","93","342","7","2","5","28","12","16","28","17","11","-2"
"185572","Monmouth University","2020","First major","'99'","Grand total","Doctor's degree - research/scholarship","13","7","6","0","0","0","0","0","0","0","0","0","1","0","1","0","0","0","12","7","5","0","0","0","0","0","0","0","0","0","-2"
"185572","Monmouth University","2020","First major","'99'","Grand total","Doctor's degree - professional practice","6","0","6","0","0","0","1","0","1","0","0","0","0","0","0","0","0","0","5","0","5","0","0","0","0","0","0","0","0","0","-2"
"185572","Monmouth University","2020","Second major","'99'","Grand total","Bachelor's degree","72","11","61","0","0","0","0","0","0","0","0","0","6","0","6","0","0","0","57","10","47","2","0","2","7","1","6","0","0","0","-2"
"185590","Montclair State University","2020","First major","'99'","Grand total","Bachelor's degree","3760","1437","2323","4","0","4","222","88","134","437","155","282","1024","373","651","10","6","4","1644","625","1019","109","42","67","242","109","133","68","39","29","-2"
"185590","Montclair State University","2020","First major","'99'","Grand total","Master's degree","1269","375","894","2","0","2","72","18","54","114","31","83","203","55","148","2","1","1","718","207","511","29","10","19","62","20","42","67","33","34","-2"
"185590","Montclair State University","2020","First major","'99'","Grand total","Doctor's degree - research/scholarship","31","17","14","0","0","0","2","1","1","4","2","2","1","0","1","0","0","0","14","5","9","1","1","0","3","3","0","6","5","1","-2"
"185590","Montclair State University","2020","First major","'99'","Grand total","Doctor's degree - professional practice","12","2","10","0","0","0","1","0","1","1","0","1","1","0","1","0","0","0","8","1","7","0","0","0","1","1","0","0","0","0","-2"
"185721","Eastwick College-Nutley","2020","First major","'99'","Grand total","Associate's degree","136","38","98","1","1","0","8","3","5","18","5","13","58","19","39","2","1","1","46","9","37","3","0","3","0","0","0","0","0","0","-2"
"185758","New Brunswick Theological Seminary","2020","First major","'99'","Grand total","Master's degree","22","11","11","0","0","0","1","1","0","15","5","10","2","1","1","0","0","0","4","4","0","0","0","0","0","0","0","0","0","0","-2"
"185758","New Brunswick Theological Seminary","2020","First major","'99'","Grand total","Doctor's degree - research/scholarship","4","1","3","0","0","0","0","0","0","3","0","3","1","1","0","0","0","0","0","0","0","0","0","0","0","0","0","0","0","0","-2"
"185828","New Jersey Institute of Technology","2020","First major","'99'","Grand total","Bachelor's degree","1753","1322","431","0","0","0","420","293","127","134","105","29","356","268","88","1","1","0","641","513","128","52","40","12","64","42","22","85","60","25","-2"
"185828","New Jersey Institute of Technology","2020","First major","'99'","Grand total","Master's degree","976","699","277","0","0","0","158","112","46","60","42","18","72","52","20","0","0","0","167","134","33","27","16","11","16","12","4","476","331","145","-2"
"185828","New Jersey Institute of Technology","2020","First major","'99'","Grand total","Doctor's degree - research/scholarship","54","34","20","0","0","0","1","0","1","1","0","1","2","2","0","0","0","0","6","3","3","0","0","0","2","0","2","42","29","13","-2"
"185873","Ocean County College","2020","First major","'99'","Grand total","Associate's degree","1673","714","959","5","3","2","45","24","21","54","18","36","223","96","127","0","0","0","1231","520","711","47","21","26","9","7","2","59","25","34","-2"
"186034","Passaic County Community College","2020","First major","'99'","Grand total","Associate's degree","635","208","427","2","0","2","39","17","22","68","17","51","321","106","215","1","0","1","150","53","97","5","3","2","46","11","35","3","1","2","-2"
"186122","Princeton Theological Seminary","2020","First major","'99'","Grand total","Master's degree","122","66","56","0","0","0","7","4","3","17","11","6","3","3","0","0","0","0","77","41","36","7","2","5","0","0","0","11","5","6","-2"
"186122","Princeton Theological Seminary","2020","First major","'99'","Grand total","Doctor's degree - research/scholarship","10","8","2","0","0","0","1","1","0","1","1","0","0","0","0","0","0","0","5","5","0","2","1","1","0","0","0","1","0","1","-2"
"186131","Princeton University","2020","First major","'99'","Grand total","Bachelor's degree","1268","655","613","2","1","1","257","121","136","99","36","63","120","67","53","3","2","1","548","300","248","63","29","34","23","9","14","153","90","63","-2"
"186131","Princeton University","2020","First major","'99'","Grand total","Master's degree","602","354","248","0","0","0","47","24","23","15","4","11","40","18","22","0","0","0","207","121","86","17","8","9","28","17","11","248","162","86","-2"
"186131","Princeton University","2020","First major","'99'","Grand total","Doctor's degree - research/scholarship","318","188","130","0","0","0","24","10","14","5","4","1","16","10","6","0","0","0","133","75","58","4","3","1","11","7","4","125","79","46","-2"
"186186","Rabbinical College of America","2020","First major","'99'","Grand total","Bachelor's degree","25","25","0","0","0","0","0","0","0","0","0","0","0","0","0","0","0","0","21","21","0","0","0","0","0","0","0","4","4","0","-2"
"186186","Rabbinical College of America","2020","First major","'99'","Grand total","Master's degree","5","5","0","0","0","0","0","0","0","0","0","0","0","0","0","0","0","0","5","5","0","0","0","0","0","0","0","0","0","0","-2"
"186201","Ramapo College of New Jersey","2020","First major","'99'","Grand total","Bachelor's degree","1273","579","694","13","4","9","94","46","48","53","19","34","221","81","140","0","0","0","833","393","440","5","2","3","26","12","14","28","22","6","-2"
"186201","Ramapo College of New Jersey","2020","First major","'99'","Grand total","Master's degree","303","84","219","0","0","0","21","7","14","11","1","10","36","5","31","0","0","0","222","68","154","0","0","0","12","3","9","1","0","1","-2"
"186283","Rider University","2020","First major","'99'","Grand total","Associate's degree","5","5","0","0","0","0","0","0","0","3","3","0","0","0","0","0","0","0","2","2","0","0","0","0","0","0","0","0","0","0","-2"
"186283","Rider University","2020","First major","'99'","Grand total","Bachelor's degree","923","387","536","1","0","1","45","19","26","93","35","58","140","56","84","0","0","0","574","249","325","29","8","21","12","6","6","29","14","15","-2"
"186283","Rider University","2020","First major","'99'","Grand total","Master's degree","345","116","229","2","1","1","15","5","10","26","8","18","25","7","18","0","0","0","216","72","144","1","1","0","24","7","17","36","15","21","-2"
"186283","Rider University","2020","First major","'99'","Grand total","Doctor's degree - research/scholarship","0","0","0","0","0","0","0","0","0","0","0","0","0","0","0","0","0","0","0","0","0","0","0","0","0","0","0","0","0","0","-2"
"186371","Rutgers University-Camden","2020","First major","'99'","Grand total","Bachelor's degree","1402","505","897","4","1","3","141","60","81","221","54","167","200","56","144","5","2","3","731","288","443","47","14","33","23","12","11","30","18","12","-2"
"186371","Rutgers University-Camden","2020","First major","'99'","Grand total","Master's degree","279","120","159","0","0","0","21","12","9","50","17","33","27","5","22","0","0","0","152","70","82","4","2","2","7","3","4","18","11","7","-2"
"186371","Rutgers University-Camden","2020","First major","'99'","Grand total","Doctor's degree - research/scholarship","19","7","12","0","0","0","3","2","1","3","0","3","1","0","1","0","0","0","6","4","2","0","0","0","2","0","2","4","1","3","-2"
"186371","Rutgers University-Camden","2020","First major","'99'","Grand total","Doctor's degree - professional practice","134","77","57","0","0","0","6","5","1","11","5","6","5","1","4","0","0","0","98","57","41","3","1","2","9","6","3","2","2","0","-2"
"186380","Rutgers University-New Brunswick","2020","First major","'99'","Grand total","Associate's degree","39","10","29","0","0","0","6","2","4","5","0","5","4","1","3","1","0","1","18","5","13","0","0","0","3","2","1","2","0","2","-2"
"186380","Rutgers University-New Brunswick","2020","First major","'99'","Grand total","Bachelor's degree","8885","4379","4506","3","1","2","2320","1184","1136","574","249","325","1153","506","647","19","11","8","3485","1781","1704","361","156","205","156","70","86","814","421","393","-2"
"186380","Rutgers University-New Brunswick","2020","First major","'99'","Grand total","Master's degree","3072","1039","2033","2","0","2","386","149","237","342","61","281","362","82","280","1","1","0","1280","382","898","62","15","47","48","14","34","589","335","254","-2"
"186380","Rutgers University-New Brunswick","2020","First major","'99'","Grand total","Doctor's degree - research/scholarship","711","307","404","1","0","1","76","23","53","53","13","40","54","23","31","0","0","0","315","125","190","10","6","4","22","10","12","180","107","73","-2"
"186380","Rutgers University-New Brunswick","2020","First major","'99'","Grand total","Doctor's degree - professional practice","702","313","389","0","0","0","269","112","157","35","15","20","63","33","30","0","0","0","272","126","146","7","1","6","19","9","10","37","17","20","-2"
"186399","Rutgers University-Newark","2020","First major","'99'","Grand total","Bachelor's degree","2234","944","1290","0","0","0","356","162","194","352","134","218","570","225","345","8","1","7","513","256","257","53","25","28","49","25","24","333","116","217","-2"
"186399","Rutgers University-Newark","2020","First major","'99'","Grand total","Master's degree","1257","648","609","1","0","1","177","87","90","142","50","92","120","59","61","1","1","0","310","187","123","15","10","5","52","35","17","439","219","220","-2"
"186399","Rutgers University-Newark","2020","First major","'99'","Grand total","Doctor's degree - research/scholarship","60","24","36","0","0","0","5","1","4","4","2","2","2","0","2","1","0","1","13","5","8","1","0","1","5","2","3","29","14","15","-2"
"186399","Rutgers University-Newark","2020","First major","'99'","Grand total","Doctor's degree - professional practice","228","112","116","0","0","0","26","10","16","23","8","15","43","14","29","0","0","0","112","68","44","5","1","4","15","9","6","4","2","2","-2"
"186432","Saint Peter's University","2020","First major","'99'","Grand total","Associate's degree","8","2","6","0","0","0","0","0","0","1","0","1","2","1","1","0","0","0","2","0","2","0","0","0","3","1","2","0","0","0","-2"
"186432","Saint Peter's University","2020","First major","'99'","Grand total","Bachelor's degree","518","175","343","1","1","0","47","21","26","102","30","72","248","78","170","4","2","2","79","34","45","7","0","7","29","8","21","1","1","0","-2"
"186432","Saint Peter's University","2020","First major","'99'","Grand total","Master's degree","269","86","183","1","0","1","21","8","13","49","12","37","56","20","36","4","2","2","69","27","42","1","0","1","64","16","48","4","1","3","-2"
"186432","Saint Peter's University","2020","First major","'99'","Grand total","Doctor's degree - research/scholarship","12","2","10","0","0","0","0","0","0","4","0","4","0","0","0","0","0","0","2","0","2","0","0","0","6","2","4","0","0","0","-2"
"186432","Saint Peter's University","2020","First major","'99'","Grand total","Doctor's degree - professional practice","8","5","3","0","0","0","0","0","0","1","1","0","0","0","0","0","0","0","3","1","2","0","0","0","4","3","1","0","0","0","-2"
"186469","Salem Community College","2020","First major","'99'","Grand total","Associate's degree","194","63","131","2","0","2","2","1","1","26","8","18","10","3","7","0","0","0","129","44","85","5","1","4","17","4","13","3","2","1","-2"
"186584","Seton Hall University","2020","First major","'99'","Grand total","Bachelor's degree","1231","554","677","2","0","2","114","50","64","98","36","62","191","74","117","0","0","0","590","285","305","68","32","36","98","46","52","70","31","39","-2"
"186584","Seton Hall University","2020","First major","'99'","Grand total","Master's degree","931","339","592","0","0","0","73","30","43","101","27","74","95","28","67","0","0","0","492","193","299","17","4","13","100","32","68","53","25","28","-2"
"186584","Seton Hall University","2020","First major","'99'","Grand total","Doctor's degree - research/scholarship","74","36","38","0","0","0","4","1","3","14","7","7","5","3","2","0","0","0","42","21","21","0","0","0","6","4","2","3","0","3","-2"
"186584","Seton Hall University","2020","First major","'99'","Grand total","Doctor's degree - professional practice","202","97","105","0","0","0","19","9","10","11","4","7","33","6","27","0","0","0","122","71","51","5","3","2","8","2","6","4","2","2","-2"
"186584","Seton Hall University","2020","Second major","'99'","Grand total","Bachelor's degree","302","158","144","0","0","0","22","12","10","11","4","7","56","28","28","0","0","0","170","94","76","20","10","10","10","3","7","13","7","6","-2"
"186584","Seton Hall University","2020","Second major","'99'","Grand total","Master's degree","5","3","2","0","0","0","0","0","0","1","0","1","0","0","0","0","0","0","4","3","1","0","0","0","0","0","0","0","0","0","-2"
"186618","Saint Elizabeth University","2020","First major","'99'","Grand total","Bachelor's degree","213","51","162","0","0","0","11","3","8","66","18","48","47","8","39","0","0","0","65","16","49","2","2","0","16","3","13","6","1","5","-2"
"186618","Saint Elizabeth University","2020","First major","'99'","Grand total","Master's degree","118","15","103","0","0","0","3","1","2","14","0","14","9","1","8","0","0","0","80","10","70","1","1","0","10","2","8","1","0","1","-2"
"186618","Saint Elizabeth University","2020","First major","'99'","Grand total","Doctor's degree - research/scholarship","16","4","12","0","0","0","1","0","1","3","0","3","6","1","5","0","0","0","5","2","3","0","0","0","1","1","0","0","0","0","-2"
"186645","Raritan Valley Community College","2020","First major","'99'","Grand total","Associate's degree","1100","579","521","2","0","2","71","36","35","92","57","35","213","109","104","2","2","0","584","309","275","25","10","15","79","45","34","32","11","21","-2"
"186867","Stevens Institute of Technology","2020","First major","'99'","Grand total","Bachelor's degree","724","478","246","0","0","0","111","66","45","16","6","10","53","35","18","0","0","0","498","340","158","0","0","0","17","11","6","29","20","9","-2"
"186867","Stevens Institute of Technology","2020","First major","'99'","Grand total","Master's degree","1344","955","389","4","2","2","88","55","33","25","17","8","17","15","2","0","0","0","256","173","83","0","0","0","85","62","23","869","631","238","-2"
"186867","Stevens Institute of Technology","2020","First major","'99'","Grand total","Doctor's degree - research/scholarship","54","37","17","0","0","0","3","2","1","0","0","0","0","0","0","0","0","0","7","5","2","0","0","0","3","1","2","41","29","12","-2"
"186876","Stockton University","2020","First major","'99'","Grand total","Bachelor's degree","2018","797","1221","4","1","3","149","61","88","130","45","85","242","89","153","3","0","3","1406","571","835","56","19","37","21","9","12","7","2","5","-2"
"186876","Stockton University","2020","First major","'99'","Grand total","Master's degree","285","73","212","0","0","0","13","4","9","21","3","18","28","6","22","0","0","0","210","57","153","8","1","7","3","1","2","2","1","1","-2"
"186876","Stockton University","2020","First major","'99'","Grand total","Doctor's degree - research/scholarship","26","5","21","1","0","1","0","0","0","9","2","7","1","0","1","0","0","0","15","3","12","0","0","0","0","0","0","0","0","0","-2"
"186876","Stockton University","2020","First major","'99'","Grand total","Doctor's degree - professional practice","28","10","18","0","0","0","0","0","0","0","0","0","3","1","2","0","0","0","23","8","15","2","1","1","0","0","0","0","0","0","-2"
"186900","Talmudical Academy-New Jersey","2020","First major","'99'","Grand total","Bachelor's degree","15","15","0","0","0","0","0","0","0","0","0","0","0","0","0","0","0","0","15","15","0","0","0","0","0","0","0","0","0","0","-2"
"187046","Thomas Edison State University","2020","First major","'99'","Grand total","Associate's degree","384","280","104","2","2","0","10","7","3","62","44","18","38","27","11","3","1","2","183","142","41","17","15","2","64","38","26","5","4","1","-2"
"187046","Thomas Edison State University","2020","First major","'99'","Grand total","Bachelor's degree","1782","985","797","11","9","2","89","47","42","166","77","89","180","95","85","14","8","6","918","530","388","36","24","12","342","184","158","26","11","15","-2"
"187046","Thomas Edison State University","2020","First major","'99'","Grand total","Master's degree","194","75","119","2","1","1","11","2","9","40","12","28","21","9","12","1","1","0","100","46","54","4","2","2","12","2","10","3","0","3","-2"
"187046","Thomas Edison State University","2020","First major","'99'","Grand total","Doctor's degree - professional practice","2","0","2","0","0","0","0","0","0","0","0","0","2","0","2","0","0","0","0","0","0","0","0","0","0","0","0","0","0","0","-2"
"187134","The College of New Jersey","2020","First major","'99'","Grand total","Bachelor's degree","1649","681","968","1","0","1","184","71","113","70","31","39","214","101","113","2","2","0","1115","449","666","12","6","6","46","19","27","5","2","3","-2"
"187134","The College of New Jersey","2020","First major","'99'","Grand total","Master's degree","326","46","280","1","0","1","13","4","9","11","1","10","18","2","16","1","0","1","235","34","201","2","0","2","45","5","40","0","0","0","-2"
"187198","Union County College","2020","First major","'99'","Grand total","Associate's degree","1598","589","1009","8","3","5","77","28","49","411","140","271","550","185","365","4","2","2","365","153","212","24","14","10","137","58","79","22","6","16","-2"
"187444","William Paterson University of New Jersey","2020","First major","'99'","Grand total","Bachelor's degree","1938","806","1132","2","1","1","147","51","96","298","105","193","560","208","352","1","1","0","843","402","441","59","24","35","19","8","11","9","6","3","-2"
"187444","William Paterson University of New Jersey","2020","First major","'99'","Grand total","Master's degree","415","112","303","0","0","0","26","6","20","35","6","29","90","29","61","0","0","0","229","66","163","13","1","12","7","1","6","15","3","12","-2"
"187444","William Paterson University of New Jersey","2020","First major","'99'","Grand total","Doctor's degree - professional practice","6","1","5","0","0","0","3","0","3","0","0","0","1","1","0","0","0","0","1","0","1","1","0","1","0","0","0","0","0","0","-2"
"187532","Central New Mexico Community College","2020","First major","'99'","Grand total","Associate's degree","4724","1704","3020","282","99","183","108","45","63","113","51","62","2444","779","1665","17","7","10","1440","595","845","128","54","74","184","70","114","8","4","4","-2"
"187596","Navajo Technical University","2020","First major","'99'","Grand total","Associate's degree","58","16","42","57","15","42","0","0","0","1","1","0","0","0","0","0","0","0","0","0","0","0","0","0","0","0","0","0","0","0","-2"
"187596","Navajo Technical University","2020","First major","'99'","Grand total","Bachelor's degree","25","7","18","24","7","17","0","0","0","0","0","0","0","0","0","0","0","0","0","0","0","1","0","1","0","0","0","0","0","0","-2"
"187596","Navajo Technical University","2020","First major","'99'","Grand total","Master's degree","1","0","1","1","0","1","0","0","0","0","0","0","0","0","0","0","0","0","0","0","0","0","0","0","0","0","0","0","0","0","-2"
"187620","New Mexico State University-Dona Ana","2020","First major","'99'","Grand total","Associate's degree","1020","386","634","13","4","9","4","1","3","14","5","9","758","281","477","0","0","0","179","77","102","16","8","8","9","2","7","27","8","19","-2"
"187639","Clovis Community College","2020","First major","'99'","Grand total","Associate's degree","389","69","320","1","0","1","6","2","4","24","6","18","163","29","134","0","0","0","177","30","147","12","0","12","6","2","4","0","0","0","-2"
"187648","Eastern New Mexico University-Main Campus","2020","First major","'99'","Grand total","Associate's degree","250","104","146","0","0","0","3","1","2","11","3","8","99","45","54","0","0","0","110","43","67","15","7","8","5","1","4","7","4","3","-2"
"187648","Eastern New Mexico University-Main Campus","2020","First major","'99'","Grand total","Bachelor's degree","729","255","474","14","3","11","10","2","8","40","21","19","303","101","202","2","2","0","318","105","213","11","5","6","11","6","5","20","10","10","-2"
"187648","Eastern New Mexico University-Main Campus","2020","First major","'99'","Grand total","Master's degree","312","83","229","2","0","2","9","5","4","15","8","7","99","24","75","3","1","2","166","39","127","5","2","3","7","3","4","6","1","5","-2"
"187666","Eastern New Mexico University-Roswell Campus","2020","First major","'99'","Grand total","Associate's degree","183","81","102","3","1","2","0","0","0","3","1","2","94","39","55","0","0","0","75","36","39","2","2","0","6","2","4","0","0","0","-2"
"187745","Institute of American Indian and Alaska Native Culture and Arts Development","2020","First major","'99'","Grand total","Associate's degree","9","3","6","8","3","5","0","0","0","0","0","0","0","0","0","0","0","0","1","0","1","0","0","0","0","0","0","0","0","0","-2"
"187745","Institute of American Indian and Alaska Native Culture and Arts Development","2020","First major","'99'","Grand total","Bachelor's degree","39","13","26","25","11","14","0","0","0","0","0","0","2","0","2","0","0","0","11","2","9","1","0","1","0","0","0","0","0","0","-2"
"187745","Institute of American Indian and Alaska Native Culture and Arts Development","2020","First major","'99'","Grand total","Master's degree","29","6","23","9","3","6","0","0","0","0","0","0","6","2","4","0","0","0","7","0","7","7","1","6","0","0","0","0","0","0","-2"
"187897","New Mexico Highlands University","2020","First major","'99'","Grand total","Associate's degree","2","2","0","0","0","0","0","0","0","0","0","0","1","1","0","0","0","0","1","1","0","0","0","0","0","0","0","0","0","0","-2"
"187897","New Mexico Highlands University","2020","First major","'99'","Grand total","Bachelor's degree","405","100","305","48","5","43","2","2","0","14","7","7","228","62","166","1","1","0","83","18","65","9","1","8","8","0","8","12","4","8","-2"
"187897","New Mexico Highlands University","2020","First major","'99'","Grand total","Master's degree","398","117","281","29","6","23","8","4","4","10","6","4","192","45","147","0","0","0","111","40","71","7","2","5","11","3","8","30","11","19","-2"
"187897","New Mexico Highlands University","2020","Second major","'99'","Grand total","Bachelor's degree","15","3","12","0","0","0","0","0","0","0","0","0","10","3","7","0","0","0","3","0","3","0","0","0","1","0","1","1","0","1","-2"
"187903","New Mexico Junior College","2020","First major","'99'","Grand total","Associate's degree","290","96","194","3","3","0","3","1","2","19","9","10","147","41","106","0","0","0","104","42","62","3","0","3","11","0","11","0","0","0","-2"
"187912","New Mexico Military Institute","2020","First major","'99'","Grand total","Associate's degree","123","86","37","4","3","1","7","5","2","10","9","1","32","20","12","12","4","8","35","29","6","2","2","0","0","0","0","21","14","7","-2"
"187958","University of New Mexico-Gallup Campus","2020","First major","'99'","Grand total","Associate's degree","184","68","116","134","48","86","8","4","4","1","1","0","19","5","14","0","0","0","14","8","6","6","1","5","1","0","1","1","1","0","-2"
"187967","New Mexico Institute of Mining and Technology","2020","First major","'99'","Grand total","Associate's degree","2","2","0","0","0","0","0","0","0","0","0","0","0","0","0","0","0","0","2","2","0","0","0","0","0","0","0","0","0","0","-2"
"187967","New Mexico Institute of Mining and Technology","2020","First major","'99'","Grand total","Bachelor's degree","293","209","84","11","10","1","11","10","1","5","4","1","100","67","33","0","0","0","144","104","40","13","6","7","5","5","0","4","3","1","-2"
"187967","New Mexico Institute of Mining and Technology","2020","First major","'99'","Grand total","Master's degree","73","41","32","0","0","0","2","0","2","4","4","0","10","6","4","0","0","0","40","22","18","1","1","0","3","2","1","13","6","7","-2"
"187967","New Mexico Institute of Mining and Technology","2020","First major","'99'","Grand total","Doctor's degree - research/scholarship","18","13","5","0","0","0","0","0","0","0","0","0","2","1","1","0","0","0","4","3","1","0","0","0","0","0","0","12","9","3","-2"
"187976","University of New Mexico-Los Alamos Campus","2020","First major","'99'","Grand total","Associate's degree","42","28","14","1","1","0","0","0","0","1","1","0","23","14","9","0","0","0","15","10","5","1","1","0","1","1","0","0","0","0","-2"
"187985","University of New Mexico-Main Campus","2020","First major","'99'","Grand total","Bachelor's degree","3736","1530","2206","158","49","109","162","69","93","74","32","42","1767","702","1065","10","8","2","1307","540","767","129","58","71","43","24","19","86","48","38","-2"
"187985","University of New Mexico-Main Campus","2020","First major","'99'","Grand total","Master's degree","1119","504","615","44","9","35","42","24","18","20","5","15","335","133","202","0","0","0","511","230","281","33","22","11","21","12","9","113","69","44","-2"
"187985","University of New Mexico-Main Campus","2020","First major","'99'","Grand total","Doctor's degree - research/scholarship","198","89","109","2","0","2","3","1","2","1","0","1","24","5","19","0","0","0","97","40","57","3","1","2","6","2","4","62","40","22","-2"
"187985","University of New Mexico-Main Campus","2020","First major","'99'","Grand total","Doctor's degree - professional practice","325","142","183","15","6","9","20","12","8","7","2","5","124","49","75","2","1","1","132","62","70","18","7","11","6","3","3","1","0","1","-2"
"187985","University of New Mexico-Main Campus","2020","Second major","'99'","Grand total","Bachelor's degree","355","107","248","7","2","5","11","1","10","7","1","6","188","56","132","1","1","0","118","35","83","10","4","6","7","5","2","6","2","4","-2"
"187994","New Mexico State University-Alamogordo","2020","First major","'99'","Grand total","Associate's degree","104","37","67","4","2","2","1","1","0","3","1","2","42","10","32","0","0","0","45","19","26","3","1","2","2","1","1","4","2","2","-2"
"188003","New Mexico State University-Carlsbad","2020","First major","'99'","Grand total","Associate's degree","130","31","99","0","0","0","4","2","2","1","0","1","67","12","55","0","0","0","54","14","40","1","1","0","3","2","1","0","0","0","-2"
"188021","New Mexico State University-Grants","2020","First major","'99'","Grand total","Associate's degree","50","17","33","17","2","15","0","0","0","1","0","1","20","9","11","0","0","0","9","4","5","3","2","1","0","0","0","0","0","0","-2"
"188030","New Mexico State University-Main Campus","2020","First major","'99'","Grand total","Associate's degree","5","2","3","0","0","0","0","0","0","0","0","0","5","2","3","0","0","0","0","0","0","0","0","0","0","0","0","0","0","0","-2"
"188030","New Mexico State University-Main Campus","2020","First major","'99'","Grand total","Bachelor's degree","2429","1011","1418","37","16","21","28","9","19","53","31","22","1489","557","932","2","0","2","620","256","364","47","24","23","23","13","10","130","105","25","-2"
"188030","New Mexico State University-Main Campus","2020","First major","'99'","Grand total","Master's degree","658","260","398","8","1","7","8","5","3","25","14","11","293","95","198","0","0","0","226","90","136","14","3","11","12","7","5","72","45","27","-2"
"188030","New Mexico State University-Main Campus","2020","First major","'99'","Grand total","Doctor's degree - research/scholarship","113","45","68","1","0","1","11","6","5","4","1","3","29","7","22","0","0","0","35","16","19","2","0","2","3","2","1","28","13","15","-2"
"188030","New Mexico State University-Main Campus","2020","First major","'99'","Grand total","Doctor's degree - professional practice","13","2","11","0","0","0","0","0","0","1","0","1","4","1","3","0","0","0","8","1","7","0","0","0","0","0","0","0","0","0","-2"
"188049","University of New Mexico-Valencia County Campus","2020","First major","'99'","Grand total","Associate's degree","132","43","89","2","1","1","1","1","0","1","0","1","92","24","68","1","0","1","32","17","15","1","0","1","2","0","2","0","0","0","-2"
"188058","Northern New Mexico College","2020","First major","'99'","Grand total","Associate's degree","79","18","61","8","2","6","2","0","2","2","0","2","57","12","45","0","0","0","9","4","5","0","0","0","1","0","1","0","0","0","-2"
"188058","Northern New Mexico College","2020","First major","'99'","Grand total","Bachelor's degree","69","20","49","8","3","5","0","0","0","1","1","0","54","13","41","0","0","0","5","3","2","0","0","0","1","0","1","0","0","0","-2"
"188100","San Juan College","2020","First major","'99'","Grand total","Associate's degree","664","223","441","128","43","85","11","6","5","10","6","4","118","42","76","2","0","2","259","76","183","7","0","7","119","48","71","10","2","8","-2"
"188137","Santa Fe Community College","2020","First major","'99'","Grand total","Associate's degree","265","93","172","10","5","5","4","0","4","5","3","2","156","50","106","0","0","0","69","31","38","2","0","2","3","0","3","16","4","12","-2"
"188182","University of the Southwest","2020","First major","'99'","Grand total","Bachelor's degree","90","45","45","0","0","0","1","1","0","18","11","7","32","14","18","0","0","0","21","9","12","0","0","0","15","8","7","3","2","1","-2"
"188182","University of the Southwest","2020","First major","'99'","Grand total","Master's degree","211","60","151","5","2","3","6","2","4","39","12","27","50","18","32","1","0","1","93","19","74","2","0","2","14","7","7","1","0","1","-2"
"188182","University of the Southwest","2020","First major","'99'","Grand total","Doctor's degree - research/scholarship","4","4","0","0","0","0","1","1","0","1","1","0","0","0","0","0","0","0","1","1","0","0","0","0","1","1","0","0","0","0","-2"
"188207","Southwestern College","2020","First major","'99'","Grand total","Master's degree","45","8","37","1","0","1","1","0","1","0","0","0","5","1","4","0","0","0","30","5","25","1","1","0","6","1","5","1","0","1","-2"
"188216","Southwestern Indian Polytechnic Institute","2020","First major","'99'","Grand total","Associate's degree","76","24","52","76","24","52","0","0","0","0","0","0","0","0","0","0","0","0","0","0","0","0","0","0","0","0","0","0","0","0","-2"
"188225","University of New Mexico-Taos Campus","2020","First major","'99'","Grand total","Associate's degree","83","29","54","2","2","0","1","0","1","1","0","1","51","15","36","0","0","0","22","9","13","3","2","1","1","0","1","2","1","1","-2"
"188261","Mesalands Community College","2020","First major","'99'","Grand total","Associate's degree","54","33","21","3","2","1","0","0","0","0","0","0","19","10","9","0","0","0","24","16","8","0","0","0","8","5","3","0","0","0","-2"
"188304","Western New Mexico University","2020","First major","'99'","Grand total","Associate's degree","74","28","46","3","1","2","0","0","0","3","3","0","44","19","25","0","0","0","20","4","16","1","0","1","3","1","2","0","0","0","-2"
"188304","Western New Mexico University","2020","First major","'99'","Grand total","Bachelor's degree","251","79","172","8","3","5","6","2","4","21","12","9","92","24","68","1","1","0","99","28","71","9","4","5","11","2","9","4","3","1","-2"
"188304","Western New Mexico University","2020","First major","'99'","Grand total","Master's degree","250","51","199","15","3","12","5","1","4","23","6","17","74","16","58","0","0","0","119","23","96","3","0","3","7","0","7","4","2","2","-2"
"188304","Western New Mexico University","2020","Second major","'99'","Grand total","Bachelor's degree","6","2","4","0","0","0","0","0","0","0","0","0","5","2","3","0","0","0","1","0","1","0","0","0","0","0","0","0","0","0","-2"
"188340","Vaughn College of Aeronautics and Technology","2020","First major","'99'","Grand total","Associate's degree","109","103","6","0","0","0","10","10","0","15","12","3","45","43","2","3","3","0","12","12","0","1","1","0","23","22","1","0","0","0","-2"
"188340","Vaughn College of Aeronautics and Technology","2020","First major","'99'","Grand total","Bachelor's degree","121","98","23","0","0","0","17","14","3","17","14","3","31","25","6","3","3","0","24","17","7","2","1","1","10","8","2","17","16","1","-2"
"188340","Vaughn College of Aeronautics and Technology","2020","First major","'99'","Grand total","Master's degree","1","1","0","0","0","0","0","0","0","0","0","0","0","0","0","0","0","0","1","1","0","0","0","0","0","0","0","0","0","0","-2"
"188429","Adelphi University","2020","First major","'99'","Grand total","Associate's degree","42","2","40","0","0","0","1","0","1","4","1","3","1","0","1","0","0","0","28","1","27","0","0","0","8","0","8","0","0","0","-2"
"188429","Adelphi University","2020","First major","'99'","Grand total","Bachelor's degree","1348","383","965","0","0","0","146","45","101","110","23","87","227","61","166","2","1","1","683","190","493","34","12","22","102","30","72","44","21","23","-2"
"188429","Adelphi University","2020","First major","'99'","Grand total","Master's degree","1080","340","740","5","2","3","60","13","47","126","28","98","144","44","100","1","1","0","443","100","343","17","4","13","43","8","35","241","140","101","-2"
"188429","Adelphi University","2020","First major","'99'","Grand total","Doctor's degree - research/scholarship","27","10","17","0","0","0","5","3","2","2","1","1","1","1","0","0","0","0","14","2","12","2","1","1","0","0","0","3","2","1","-2"
"188429","Adelphi University","2020","First major","'99'","Grand total","Doctor's degree - professional practice","7","0","7","0","0","0","0","0","0","0","0","0","0","0","0","0","0","0","7","0","7","0","0","0","0","0","0","0","0","0","-2"
"188429","Adelphi University","2020","Second major","'99'","Grand total","Bachelor's degree","12","4","8","0","0","0","1","0","1","0","0","0","3","1","2","0","0","0","6","1","5","0","0","0","2","2","0","0","0","0","-2"
"188438","SUNY Adirondack","2020","First major","'99'","Grand total","Associate's degree","595","227","368","4","1","3","8","6","2","18","7","11","18","10","8","1","0","1","528","193","335","15","8","7","0","0","0","3","2","1","-2"
"188517","Bryant & Stratton College-Albany","2020","First major","'99'","Grand total","Associate's degree","112","40","72","1","0","1","3","1","2","29","14","15","18","11","7","0","0","0","54","11","43","6","3","3","1","0","1","0","0","0","-2"
"188517","Bryant & Stratton College-Albany","2020","First major","'99'","Grand total","Bachelor's degree","6","0","6","0","0","0","0","0","0","2","0","2","0","0","0","0","0","0","4","0","4","0","0","0","0","0","0","0","0","0","-2"
"188526","Albany College of Pharmacy and Health Sciences","2020","First major","'99'","Grand total","Bachelor's degree","38","16","22","0","0","0","4","1","3","2","1","1","3","1","2","0","0","0","25","10","15","2","2","0","1","0","1","1","1","0","-2"
"188526","Albany College of Pharmacy and Health Sciences","2020","First major","'99'","Grand total","Master's degree","22","5","17","0","0","0","1","0","1","1","0","1","2","1","1","0","0","0","11","2","9","2","1","1","1","1","0","4","0","4","-2"
"188526","Albany College of Pharmacy and Health Sciences","2020","First major","'99'","Grand total","Doctor's degree - professional practice","210","84","126","0","0","0","39","15","24","11","5","6","11","3","8","0","0","0","118","47","71","5","2","3","12","6","6","14","6","8","-2"
"188535","Albany Law School","2020","First major","'99'","Grand total","Master's degree","20","9","11","0","0","0","1","0","1","1","1","0","3","2","1","0","0","0","9","3","6","0","0","0","5","3","2","1","0","1","-2"
"188535","Albany Law School","2020","First major","'99'","Grand total","Doctor's degree - professional practice","141","66","75","0","0","0","3","2","1","8","4","4","10","3","7","0","0","0","108","53","55","5","1","4","7","3","4","0","0","0","-2"
"188580","Albany Medical College","2020","First major","'99'","Grand total","Master's degree","71","18","53","0","0","0","5","2","3","4","1","3","2","0","2","0","0","0","57","13","44","1","1","0","2","1","1","0","0","0","-2"
"188580","Albany Medical College","2020","First major","'99'","Grand total","Doctor's degree - research/scholarship","9","2","7","0","0","0","0","0","0","0","0","0","0","0","0","0","0","0","6","1","5","0","0","0","0","0","0","3","1","2","-2"
"188580","Albany Medical College","2020","First major","'99'","Grand total","Doctor's degree - professional practice","148","75","73","0","0","0","45","20","25","15","6","9","9","5","4","0","0","0","69","39","30","4","3","1","6","2","4","0","0","0","-2"
"188580","Albany Medical College","2020","First major","'99'","Grand total","Doctor's degree - other","2","1","1","0","0","0","0","0","0","0","0","0","0","0","0","0","0","0","2","1","1","0","0","0","0","0","0","0","0","0","-2"
"188641","Alfred University","2020","First major","'99'","Grand total","Bachelor's degree","323","172","151","0","0","0","5","4","1","22","13","9","19","8","11","0","0","0","235","130","105","8","1","7","29","12","17","5","4","1","-2"
"188641","Alfred University","2020","First major","'99'","Grand total","Master's degree","272","76","196","1","0","1","6","3","3","65","18","47","61","9","52","0","0","0","93","36","57","4","1","3","33","5","28","9","4","5","-2"
"188641","Alfred University","2020","First major","'99'","Grand total","Doctor's degree - research/scholarship","7","1","6","0","0","0","0","0","0","2","0","2","0","0","0","0","0","0","3","1","2","0","0","0","2","0","2","0","0","0","-2"
"188678","American Academy of Dramatic Arts-New York","2020","First major","'99'","Grand total","Associate's degree","121","47","74","0","0","0","1","0","1","14","4","10","7","4","3","0","0","0","48","24","24","8","3","5","1","1","0","42","11","31","-2"
"188687","American Academy McAllister Institute of Funeral Service","2020","First major","'99'","Grand total","Associate's degree","105","50","55","1","0","1","1","1","0","23","10","13","10","2","8","0","0","0","65","35","30","0","0","0","5","2","3","0","0","0","-2"
"188854","American Musical and Dramatic Academy","2020","First major","'99'","Grand total","Associate's degree","71","22","49","0","0","0","5","3","2","22","5","17","14","4","10","0","0","0","18","5","13","5","3","2","1","1","0","6","1","5","-2"
"188854","American Musical and Dramatic Academy","2020","First major","'99'","Grand total","Bachelor's degree","213","59","154","0","0","0","4","1","3","42","11","31","43","13","30","1","1","0","79","23","56","24","2","22","6","2","4","14","6","8","-2"
"188854","American Musical and Dramatic Academy","2020","First major","'99'","Grand total","Master's degree","0","0","0","0","0","0","0","0","0","0","0","0","0","0","0","0","0","0","0","0","0","0","0","0","0","0","0","0","0","0","-2"
"188915","Arnot Ogden Medical Center","2020","First major","'99'","Grand total","Associate's degree","0","0","0","0","0","0","0","0","0","0","0","0","0","0","0","0","0","0","0","0","0","0","0","0","0","0","0","0","0","0","-2"
"188942","Associated Beth Rivkah Schools","2020","First major","'99'","Grand total","Associate's degree","19","0","19","0","0","0","0","0","0","0","0","0","0","0","0","0","0","0","17","0","17","0","0","0","0","0","0","2","0","2","-2"
"188942","Associated Beth Rivkah Schools","2020","First major","'99'","Grand total","Bachelor's degree","0","0","0","0","0","0","0","0","0","0","0","0","0","0","0","0","0","0","0","0","0","0","0","0","0","0","0","0","0","0","-2"
"189015","Bank Street College of Education","2020","First major","'99'","Grand total","Master's degree","191","32","159","2","0","2","8","2","6","28","5","23","41","8","33","0","0","0","97","14","83","3","1","2","12","2","10","0","0","0","-2"
"189088","Bard College","2020","First major","'99'","Grand total","Associate's degree","55","39","16","0","0","0","1","0","1","19","16","3","11","4","7","0","0","0","6","6","0","0","0","0","14","9","5","4","4","0","-2"
"189088","Bard College","2020","First major","'99'","Grand total","Bachelor's degree","452","175","277","2","1","1","31","16","15","31","11","20","36","16","20","0","0","0","253","95","158","6","3","3","33","11","22","60","22","38","-2"
"189088","Bard College","2020","First major","'99'","Grand total","Master's degree","152","65","87","0","0","0","3","0","3","2","1","1","3","2","1","0","0","0","23","10","13","0","0","0","95","44","51","26","8","18","-2"
"189088","Bard College","2020","First major","'99'","Grand total","Doctor's degree - research/scholarship","3","1","2","0","0","0","0","0","0","0","0","0","0","0","0","0","0","0","2","1","1","1","0","1","0","0","0","0","0","0","-2"
"189088","Bard College","2020","Second major","'99'","Grand total","Bachelor's degree","21","9","12","0","0","0","0","0","0","0","0","0","0","0","0","0","0","0","19","7","12","0","0","0","2","2","0","0","0","0","-2"
"189097","Barnard College","2020","First major","'99'","Grand total","Bachelor's degree","684","0","684","1","0","1","101","0","101","32","0","32","78","0","78","0","0","0","370","0","370","37","0","37","2","0","2","63","0","63","-2"
"189097","Barnard College","2020","Second major","'99'","Grand total","Bachelor's degree","93","0","93","0","0","0","8","0","8","5","0","5","13","0","13","0","0","0","48","0","48","6","0","6","0","0","0","13","0","13","-2"
"189228","Berkeley College-New York","2020","First major","'99'","Grand total","Associate's degree","437","131","306","0","0","0","10","2","8","84","27","57","104","30","74","0","0","0","14","6","8","1","1","0","192","57","135","32","8","24","-2"
"189228","Berkeley College-New York","2020","First major","'99'","Grand total","Bachelor's degree","636","200","436","1","0","1","27","6","21","138","35","103","130","36","94","0","0","0","47","22","25","0","0","0","214","63","151","79","38","41","-2"
"189273","Beth Hamedrash Shaarei Yosher Institute","2020","First major","'99'","Grand total","Bachelor's degree","0","0","0","0","0","0","0","0","0","0","0","0","0","0","0","0","0","0","0","0","0","0","0","0","0","0","0","0","0","0","-2"
"189282","Phillips School of Nursing at Mount Sinai Beth Israel","2020","First major","'99'","Grand total","Associate's degree","29","4","25","0","0","0","5","1","4","7","2","5","8","1","7","1","0","1","8","0","8","0","0","0","0","0","0","0","0","0","-2"
"189282","Phillips School of Nursing at Mount Sinai Beth Israel","2020","First major","'99'","Grand total","Bachelor's degree","48","12","36","1","0","1","4","0","4","9","3","6","6","2","4","0","0","0","28","7","21","0","0","0","0","0","0","0","0","0","-2"
"189413","Boricua College","2020","First major","'99'","Grand total","Associate's degree","52","12","40","0","0","0","0","0","0","10","7","3","42","5","37","0","0","0","0","0","0","0","0","0","0","0","0","0","0","0","-2"
"189413","Boricua College","2020","First major","'99'","Grand total","Bachelor's degree","73","12","61","0","0","0","0","0","0","19","4","15","54","8","46","0","0","0","0","0","0","0","0","0","0","0","0","0","0","0","-2"
"189413","Boricua College","2020","First major","'99'","Grand total","Master's degree","24","1","23","0","0","0","0","0","0","3","0","3","21","1","20","0","0","0","0","0","0","0","0","0","0","0","0","0","0","0","-2"
"189501","Brooklyn Law School","2020","First major","'99'","Grand total","Master's degree","12","4","8","0","0","0","0","0","0","0","0","0","1","0","1","0","0","0","0","0","0","1","1","0","3","1","2","7","2","5","-2"
"189501","Brooklyn Law School","2020","First major","'99'","Grand total","Doctor's degree - professional practice","297","141","156","0","0","0","26","13","13","11","4","7","37","15","22","0","0","0","182","94","88","7","1","6","22","11","11","12","3","9","-2"
"189547","SUNY Broome Community College","2020","First major","'99'","Grand total","Associate's degree","940","371","569","3","1","2","28","10","18","69","24","45","54","18","36","1","1","0","693","281","412","23","6","17","54","21","33","15","9","6","-2"
"189565","Bryant & Stratton College-Syracuse North","2020","First major","'99'","Grand total","Associate's degree","174","57","117","0","0","0","3","1","2","38","16","22","17","3","14","0","0","0","105","32","73","5","1","4","1","1","0","5","3","2","-2"
"189565","Bryant & Stratton College-Syracuse North","2020","First major","'99'","Grand total","Bachelor's degree","8","2","6","0","0","0","0","0","0","3","0","3","0","0","0","0","0","0","5","2","3","0","0","0","0","0","0","0","0","0","-2"
"189583","Bryant & Stratton College-Buffalo","2020","First major","'99'","Grand total","Associate's degree","181","37","144","3","0","3","4","1","3","61","14","47","9","2","7","0","0","0","99","20","79","5","0","5","0","0","0","0","0","0","-2"
"189583","Bryant & Stratton College-Buffalo","2020","First major","'99'","Grand total","Bachelor's degree","86","31","55","0","0","0","0","0","0","26","7","19","8","2","6","0","0","0","49","20","29","1","0","1","0","0","0","2","2","0","-2"
"189592","Bryant & Stratton College-Greece","2020","First major","'99'","Grand total","Associate's degree","82","17","65","0","0","0","0","0","0","29","7","22","5","2","3","0","0","0","42","8","34","6","0","6","0","0","0","0","0","0","-2"
"189592","Bryant & Stratton College-Greece","2020","First major","'99'","Grand total","Bachelor's degree","7","0","7","0","0","0","0","0","0","4","0","4","0","0","0","0","0","0","2","0","2","1","0","1","0","0","0","0","0","0","-2"
"189705","Canisius College","2020","First major","'99'","Grand total","Associate's degree","1","1","0","0","0","0","0","0","0","0","0","0","0","0","0","0","0","0","1","1","0","0","0","0","0","0","0","0","0","0","-2"
"189705","Canisius College","2020","First major","'99'","Grand total","Bachelor's degree","510","252","258","1","1","0","14","3","11","39","12","27","26","12","14","0","0","0","365","192","173","0","0","0","48","21","27","17","11","6","-2"
"189705","Canisius College","2020","First major","'99'","Grand total","Master's degree","453","212","241","3","1","2","6","3","3","32","13","19","9","3","6","0","0","0","314","149","165","0","0","0","71","32","39","18","11","7","-2"
"189705","Canisius College","2020","Second major","'99'","Grand total","Bachelor's degree","155","75","80","0","0","0","3","0","3","11","2","9","10","6","4","0","0","0","119","62","57","0","0","0","6","3","3","6","2","4","-2"
"189705","Canisius College","2020","Second major","'99'","Grand total","Master's degree","11","0","11","0","0","0","0","0","0","1","0","1","0","0","0","0","0","0","8","0","8","0","0","0","2","0","2","0","0","0","-2"
"189811","St Paul's School of Nursing-Queens","2020","First major","'99'","Grand total","Associate's degree","195","54","141","0","0","0","23","7","16","64","14","50","47","6","41","2","0","2","22","3","19","8","4","4","29","20","9","0","0","0","-2"
"189839","Cayuga County Community College","2020","First major","'99'","Grand total","Associate's degree","382","159","223","1","0","1","4","0","4","13","6","7","9","5","4","0","0","0","322","124","198","3","1","2","22","15","7","8","8","0","-2"
"189848","Cazenovia College","2020","First major","'99'","Grand total","Associate's degree","0","0","0","0","0","0","0","0","0","0","0","0","0","0","0","0","0","0","0","0","0","0","0","0","0","0","0","0","0","0","-2"
"189848","Cazenovia College","2020","First major","'99'","Grand total","Bachelor's degree","177","38","139","1","0","1","1","0","1","15","4","11","11","1","10","0","0","0","134","31","103","4","1","3","11","1","10","0","0","0","-2"
"189848","Cazenovia College","2020","First major","'99'","Grand total","Master's degree","0","0","0","0","0","0","0","0","0","0","0","0","0","0","0","0","0","0","0","0","0","0","0","0","0","0","0","0","0","0","-2"
"189857","Central Yeshiva Tomchei Tmimim Lubavitz","2020","First major","'99'","Grand total","Associate's degree","19","19","0","0","0","0","0","0","0","0","0","0","0","0","0","0","0","0","17","17","0","0","0","0","0","0","0","2","2","0","-2"
"189857","Central Yeshiva Tomchei Tmimim Lubavitz","2020","First major","'99'","Grand total","Bachelor's degree","113","113","0","0","0","0","0","0","0","0","0","0","0","0","0","0","0","0","102","102","0","0","0","0","0","0","0","11","11","0","-2"
"189857","Central Yeshiva Tomchei Tmimim Lubavitz","2020","First major","'99'","Grand total","Master's degree","25","25","0","0","0","0","0","0","0","0","0","0","0","0","0","0","0","0","21","21","0","0","0","0","0","0","0","4","4","0","-2"
"189981","Christ the King Seminary","2020","First major","'99'","Grand total","Master's degree","8","8","0","0","0","0","0","0","0","1","1","0","0","0","0","0","0","0","7","7","0","0","0","0","0","0","0","0","0","0","-2"
"190044","Clarkson University","2020","First major","'99'","Grand total","Bachelor's degree","698","480","218","1","1","0","21","12","9","17","8","9","41","28","13","0","0","0","578","402","176","19","13","6","7","7","0","14","9","5","-2"
"190044","Clarkson University","2020","First major","'99'","Grand total","Master's degree","397","240","157","0","0","0","22","13","9","7","4","3","12","9","3","0","0","0","278","165","113","6","5","1","22","15","7","50","29","21","-2"
"190044","Clarkson University","2020","First major","'99'","Grand total","Doctor's degree - research/scholarship","22","19","3","0","0","0","0","0","0","0","0","0","1","1","0","0","0","0","5","4","1","0","0","0","0","0","0","16","14","2","-2"
"190044","Clarkson University","2020","First major","'99'","Grand total","Doctor's degree - professional practice","20","6","14","0","0","0","0","0","0","0","0","0","1","1","0","0","0","0","18","5","13","0","0","0","1","0","1","0","0","0","-2"
"190044","Clarkson University","2020","Second major","'99'","Grand total","Bachelor's degree","41","28","13","0","0","0","3","2","1","3","1","2","3","2","1","0","0","0","30","21","9","1","1","0","1","1","0","0","0","0","-2"
"190053","Clinton Community College","2020","First major","'99'","Grand total","Associate's degree","187","76","111","1","0","1","1","1","0","5","2","3","2","1","1","0","0","0","150","58","92","2","1","1","24","12","12","2","1","1","-2"
"190071","Cochran School of Nursing","2020","First major","'99'","Grand total","Associate's degree","30","1","29","0","0","0","3","0","3","7","0","7","12","0","12","0","0","0","5","0","5","2","0","2","1","1","0","0","0","0","-2"
"190080","Colgate Rochester Crozer Divinity School","2020","First major","'99'","Grand total","Master's degree","23","7","16","0","0","0","1","0","1","5","1","4","0","0","0","0","0","0","12","4","8","1","0","1","4","2","2","0","0","0","-2"
"190080","Colgate Rochester Crozer Divinity School","2020","First major","'99'","Grand total","Doctor's degree - other","10","6","4","0","0","0","0","0","0","6","5","1","0","0","0","0","0","0","4","1","3","0","0","0","0","0","0","0","0","0","-2"
"190099","Colgate University","2020","First major","'99'","Grand total","Bachelor's degree","730","316","414","0","0","0","30","12","18","31","19","12","57","31","26","0","0","0","495","192","303","25","12","13","30","13","17","62","37","25","-2"
"190099","Colgate University","2020","First major","'99'","Grand total","Master's degree","4","4","0","0","0","0","0","0","0","0","0","0","1","1","0","0","0","0","2","2","0","0","0","0","1","1","0","0","0","0","-2"
"190099","Colgate University","2020","Second major","'99'","Grand total","Bachelor's degree","174","68","106","0","0","0","12","6","6","5","1","4","19","11","8","0","0","0","97","29","68","8","4","4","9","3","6","24","14","10","-2"
"190114","Metropolitan College of New York","2020","First major","'99'","Grand total","Associate's degree","34","8","26","0","0","0","0","0","0","18","5","13","14","2","12","0","0","0","0","0","0","0","0","0","1","1","0","1","0","1","-2"
"190114","Metropolitan College of New York","2020","First major","'99'","Grand total","Bachelor's degree","184","50","134","0","0","0","11","7","4","96","16","80","52","13","39","1","1","0","10","9","1","2","0","2","5","2","3","7","2","5","-2"
"190114","Metropolitan College of New York","2020","First major","'99'","Grand total","Master's degree","182","56","126","0","0","0","6","4","2","103","29","74","46","10","36","1","0","1","9","6","3","3","1","2","5","2","3","9","4","5","-2"
"190150","Columbia University in the City of New York","2020","First major","'99'","Grand total","Bachelor's degree","2282","1223","1059","9","4","5","394","174","220","141","65","76","278","152","126","2","1","1","807","467","340","118","63","55","110","69","41","423","228","195","-2"
"190150","Columbia University in the City of New York","2020","First major","'99'","Grand total","Master's degree","9178","4030","5148","5","1","4","827","330","497","325","103","222","468","165","303","2","0","2","2100","909","1191","158","49","109","506","201","305","4787","2272","2515","-2"
"190150","Columbia University in the City of New York","2020","First major","'99'","Grand total","Doctor's degree - research/scholarship","679","364","315","0","0","0","43","24","19","11","4","7","29","14","15","0","0","0","220","108","112","12","6","6","104","45","59","260","163","97","-2"
"190150","Columbia University in the City of New York","2020","First major","'99'","Grand total","Doctor's degree - professional practice","831","346","485","1","0","1","134","50","84","64","23","41","79","32","47","2","1","1","410","187","223","8","4","4","75","22","53","58","27","31","-2"
"190150","Columbia University in the City of New York","2020","Second major","'99'","Grand total","Bachelor's degree","658","305","353","2","1","1","108","46","62","33","13","20","66","28","38","0","0","0","229","105","124","31","13","18","36","27","9","153","72","81","-2"
"190169","Columbia-Greene Community College","2020","First major","'99'","Grand total","Associate's degree","252","91","161","3","2","1","4","1","3","15","8","7","21","8","13","0","0","0","198","72","126","8","0","8","3","0","3","0","0","0","-2"
"190248","Concordia College","2020","First major","'99'","Grand total","Associate's degree","0","0","0","0","0","0","0","0","0","0","0","0","0","0","0","0","0","0","0","0","0","0","0","0","0","0","0","0","0","0","-2"
"190248","Concordia College","2020","First major","'99'","Grand total","Bachelor's degree","414","64","350","1","1","0","17","10","7","27","6","21","57","19","38","0","0","0","250","14","236","0","0","0","43","6","37","19","8","11","-2"
"190248","Concordia College","2020","First major","'99'","Grand total","Master's degree","269","44","225","1","0","1","5","1","4","38","10","28","45","9","36","0","0","0","167","21","146","0","0","0","8","0","8","5","3","2","-2"
"190372","Cooper Union for the Advancement of Science and Art","2020","First major","'99'","Grand total","Bachelor's degree","195","128","67","0","0","0","41","34","7","8","5","3","28","13","15","0","0","0","53","39","14","9","4","5","22","11","11","34","22","12","-2"
"190372","Cooper Union for the Advancement of Science and Art","2020","First major","'99'","Grand total","Master's degree","43","35","8","0","0","0","16","14","2","1","1","0","0","0","0","0","0","0","10","9","1","1","1","0","2","2","0","13","8","5","-2"
"190415","Cornell University","2020","First major","'99'","Grand total","Bachelor's degree","3886","1806","2080","13","7","6","757","333","424","227","91","136","492","256","236","2","1","1","1462","701","761","185","88","97","296","133","163","452","196","256","-2"
"190415","Cornell University","2020","First major","'99'","Grand total","Master's degree","3156","1771","1385","2","1","1","334","199","135","83","42","41","142","84","58","2","1","1","688","410","278","63","37","26","198","133","65","1644","864","780","-2"
"190415","Cornell University","2020","First major","'99'","Grand total","Doctor's degree - research/scholarship","515","279","236","1","1","0","41","21","20","12","4","8","21","12","9","1","1","0","199","110","89","9","4","5","25","11","14","206","115","91","-2"
"190415","Cornell University","2020","First major","'99'","Grand total","Doctor's degree - professional practice","297","118","179","0","0","0","26","9","17","10","5","5","18","4","14","1","0","1","164","67","97","7","3","4","37","19","18","34","11","23","-2"
"190415","Cornell University","2020","Second major","'99'","Grand total","Bachelor's degree","391","195","196","2","1","1","83","48","35","6","3","3","29","14","15","0","0","0","141","71","70","19","9","10","28","12","16","83","37","46","-2"
"190424","Weill Medical College of Cornell University","2020","First major","'99'","Grand total","Master's degree","170","68","102","1","1","0","24","12","12","8","4","4","7","4","3","0","0","0","46","13","33","1","0","1","47","18","29","36","16","20","-2"
"190424","Weill Medical College of Cornell University","2020","First major","'99'","Grand total","Doctor's degree - research/scholarship","70","26","44","0","0","0","11","4","7","0","0","0","6","1","5","0","0","0","23","10","13","0","0","0","1","0","1","29","11","18","-2"
"190424","Weill Medical College of Cornell University","2020","First major","'99'","Grand total","Doctor's degree - professional practice","109","60","49","0","0","0","34","16","18","5","3","2","20","13","7","0","0","0","40","20","20","0","0","0","4","4","0","6","4","2","-2"
"190442","SUNY Corning Community College","2020","First major","'99'","Grand total","Associate's degree","450","166","284","1","0","1","12","3","9","11","4","7","11","2","9","1","1","0","391","149","242","14","4","10","7","1","6","2","2","0","-2"
"190451","Pomeroy College of Nursing at Crouse Hospital","2020","First major","'99'","Grand total","Associate's degree","83","12","71","0","0","0","4","0","4","2","0","2","0","0","0","0","0","0","57","10","47","3","1","2","17","1","16","0","0","0","-2"
"190503","Culinary Institute of America","2020","First major","'99'","Grand total","Associate's degree","504","243","261","2","0","2","28","14","14","25","8","17","69","32","37","1","0","1","222","110","112","17","4","13","27","15","12","113","60","53","-2"
"190503","Culinary Institute of America","2020","First major","'99'","Grand total","Bachelor's degree","256","107","149","2","0","2","18","12","6","18","5","13","34","14","20","1","0","1","135","58","77","5","3","2","14","5","9","29","10","19","-2"
"190503","Culinary Institute of America","2020","First major","'99'","Grand total","Master's degree","8","1","7","0","0","0","1","0","1","1","0","1","0","0","0","0","0","0","5","1","4","0","0","0","1","0","1","0","0","0","-2"
"190512","CUNY Bernard M Baruch College","2020","First major","'99'","Grand total","Bachelor's degree","3659","1808","1851","8","5","3","1151","581","570","318","132","186","950","471","479","6","3","3","694","380","314","49","25","24","0","0","0","483","211","272","-2"
"190512","CUNY Bernard M Baruch College","2020","First major","'99'","Grand total","Master's degree","1259","532","727","1","1","0","321","129","192","111","41","70","162","62","100","3","0","3","385","189","196","6","2","4","0","0","0","270","108","162","-2"
"190512","CUNY Bernard M Baruch College","2020","First major","'99'","Grand total","Doctor's degree - research/scholarship","0","0","0","0","0","0","0","0","0","0","0","0","0","0","0","0","0","0","0","0","0","0","0","0","0","0","0","0","0","0","-2"
"190512","CUNY Bernard M Baruch College","2020","Second major","'99'","Grand total","Bachelor's degree","45","20","25","0","0","0","5","2","3","6","3","3","14","6","8","0","0","0","18","8","10","0","0","0","0","0","0","2","1","1","-2"
"190512","CUNY Bernard M Baruch College","2020","Second major","'99'","Grand total","Master's degree","1","0","1","0","0","0","1","0","1","0","0","0","0","0","0","0","0","0","0","0","0","0","0","0","0","0","0","0","0","0","-2"
"190521","CUNY Borough of Manhattan Community College","2020","First major","'99'","Grand total","Associate's degree","4748","1718","3030","24","7","17","627","258","369","1081","385","696","2062","718","1344","9","2","7","446","173","273","105","39","66","0","0","0","394","136","258","-2"
"190530","CUNY Bronx Community College","2020","First major","'99'","Grand total","Associate's degree","1614","609","1005","3","2","1","53","21","32","456","184","272","1005","358","647","1","1","0","39","24","15","15","6","9","0","0","0","42","13","29","-2"
"190549","CUNY Brooklyn College","2020","First major","'99'","Grand total","Bachelor's degree","3016","1164","1852","6","3","3","617","307","310","588","185","403","704","236","468","10","4","6","928","369","559","60","20","40","0","0","0","103","40","63","-2"
"190549","CUNY Brooklyn College","2020","First major","'99'","Grand total","Master's degree","961","323","638","3","2","1","118","55","63","263","74","189","162","48","114","2","0","2","374","131","243","12","3","9","0","0","0","27","10","17","-2"
"190549","CUNY Brooklyn College","2020","Second major","'99'","Grand total","Bachelor's degree","7","3","4","0","0","0","2","0","2","1","0","1","1","1","0","0","0","0","3","2","1","0","0","0","0","0","0","0","0","0","-2"
"190558","College of Staten Island CUNY","2020","First major","'99'","Grand total","Associate's degree","839","299","540","0","0","0","105","36","69","105","35","70","225","68","157","2","1","1","366","145","221","17","7","10","0","0","0","19","7","12","-2"
"190558","College of Staten Island CUNY","2020","First major","'99'","Grand total","Bachelor's degree","1589","646","943","1","1","0","207","105","102","186","56","130","388","134","254","2","0","2","735","312","423","30","14","16","0","0","0","40","24","16","-2"
"190558","College of Staten Island CUNY","2020","First major","'99'","Grand total","Master's degree","310","92","218","1","0","1","27","14","13","19","5","14","42","10","32","0","0","0","198","53","145","10","3","7","0","0","0","13","7","6","-2"
"190558","College of Staten Island CUNY","2020","First major","'99'","Grand total","Doctor's degree - research/scholarship","0","0","0","0","0","0","0","0","0","0","0","0","0","0","0","0","0","0","0","0","0","0","0","0","0","0","0","0","0","0","-2"
"190558","College of Staten Island CUNY","2020","First major","'99'","Grand total","Doctor's degree - professional practice","21","8","13","0","0","0","4","1","3","0","0","0","1","0","1","0","0","0","16","7","9","0","0","0","0","0","0","0","0","0","-2"
"190558","College of Staten Island CUNY","2020","Second major","'99'","Grand total","Bachelor's degree","29","16","13","0","0","0","5","2","3","2","2","0","7","5","2","0","0","0","13","6","7","0","0","0","0","0","0","2","1","1","-2"
"190567","CUNY City College","2020","First major","'99'","Grand total","Bachelor's degree","2480","1110","1370","2","1","1","599","292","307","369","163","206","928","340","588","4","1","3","395","222","173","38","22","16","0","0","0","145","69","76","-2"
"190567","CUNY City College","2020","First major","'99'","Grand total","Master's degree","830","310","520","1","1","0","113","45","68","132","47","85","237","66","171","0","0","0","258","105","153","12","5","7","0","0","0","77","41","36","-2"
"190567","CUNY City College","2020","First major","'99'","Grand total","Doctor's degree - research/scholarship","31","22","9","0","0","0","5","4","1","1","1","0","1","0","1","0","0","0","8","4","4","0","0","0","0","0","0","16","13","3","-2"
"190567","CUNY City College","2020","First major","'99'","Grand total","Doctor's degree - professional practice","45","17","28","1","1","0","15","7","8","11","2","9","6","3","3","0","0","0","9","3","6","2","0","2","0","0","0","1","1","0","-2"
"190567","CUNY City College","2020","Second major","'99'","Grand total","Bachelor's degree","106","29","77","0","0","0","25","5","20","21","6","15","35","11","24","0","0","0","16","4","12","2","2","0","0","0","0","7","1","6","-2"
"190576","CUNY Graduate School and University Center","2020","First major","'99'","Grand total","Bachelor's degree","603","167","436","3","0","3","105","39","66","131","29","102","175","50","125","4","0","4","151","36","115","20","7","13","0","0","0","14","6","8","-2"
"190576","CUNY Graduate School and University Center","2020","First major","'99'","Grand total","Master's degree","954","373","581","0","0","0","84","38","46","190","63","127","142","45","97","1","0","1","388","159","229","20","7","13","0","0","0","129","61","68","-2"
"190576","CUNY Graduate School and University Center","2020","First major","'99'","Grand total","Doctor's degree - research/scholarship","421","190","231","0","0","0","31","12","19","27","10","17","48","23","25","0","0","0","221","98","123","9","2","7","0","0","0","85","45","40","-2"
"190576","CUNY Graduate School and University Center","2020","First major","'99'","Grand total","Doctor's degree - professional practice","14","0","14","0","0","0","1","0","1","0","0","0","2","0","2","0","0","0","11","0","11","0","0","0","0","0","0","0","0","0","-2"
"190576","CUNY Graduate School and University Center","2020","Second major","'99'","Grand total","Master's degree","1","1","0","0","0","0","0","0","0","0","0","0","0","0","0","0","0","0","0","0","0","0","0","0","0","0","0","1","1","0","-2"
"190585","CUNY Hostos Community College","2020","First major","'99'","Grand total","Associate's degree","1243","376","867","2","0","2","46","14","32","300","112","188","815","220","595","1","1","0","21","8","13","16","6","10","0","0","0","42","15","27","-2"
"190594","CUNY Hunter College","2020","First major","'99'","Grand total","Bachelor's degree","3192","980","2212","5","3","2","845","264","581","291","73","218","1066","310","756","9","5","4","757","267","490","50","10","40","0","0","0","169","48","121","-2"
"190594","CUNY Hunter College","2020","First major","'99'","Grand total","Master's degree","1953","452","1501","2","0","2","220","41","179","306","59","247","440","85","355","1","0","1","892","244","648","37","11","26","0","0","0","55","12","43","-2"
"190594","CUNY Hunter College","2020","First major","'99'","Grand total","Doctor's degree - research/scholarship","0","0","0","0","0","0","0","0","0","0","0","0","0","0","0","0","0","0","0","0","0","0","0","0","0","0","0","0","0","0","-2"
"190594","CUNY Hunter College","2020","First major","'99'","Grand total","Doctor's degree - professional practice","9","1","8","0","0","0","2","1","1","5","0","5","0","0","0","0","0","0","2","0","2","0","0","0","0","0","0","0","0","0","-2"
"190594","CUNY Hunter College","2020","Second major","'99'","Grand total","Bachelor's degree","202","53","149","1","1","0","67","14","53","18","6","12","57","8","49","0","0","0","46","20","26","5","1","4","0","0","0","8","3","5","-2"
"190600","CUNY John Jay College of Criminal Justice","2020","First major","'99'","Grand total","Associate's degree","0","0","0","0","0","0","0","0","0","0","0","0","0","0","0","0","0","0","0","0","0","0","0","0","0","0","0","0","0","0","-2"
"190600","CUNY John Jay College of Criminal Justice","2020","First major","'99'","Grand total","Bachelor's degree","3185","1266","1919","11","1","10","330","156","174","569","202","367","1611","603","1008","10","4","6","508","240","268","49","24","25","0","0","0","97","36","61","-2"
"190600","CUNY John Jay College of Criminal Justice","2020","First major","'99'","Grand total","Master's degree","626","288","338","2","1","1","50","23","27","144","61","83","186","70","116","1","0","1","199","113","86","12","4","8","0","0","0","32","16","16","-2"
"190600","CUNY John Jay College of Criminal Justice","2020","Second major","'99'","Grand total","Bachelor's degree","40","12","28","0","0","0","3","1","2","4","1","3","17","4","13","0","0","0","14","5","9","1","1","0","0","0","0","1","0","1","-2"
"190619","CUNY Kingsborough Community College","2020","First major","'99'","Grand total","Associate's degree","2424","967","1457","5","1","4","345","174","171","644","229","415","552","204","348","2","1","1","711","287","424","69","31","38","0","0","0","96","40","56","-2"
"190628","CUNY LaGuardia Community College","2020","First major","'99'","Grand total","Associate's degree","3128","1237","1891","9","4","5","603","265","338","459","149","310","1371","500","871","4","3","1","308","150","158","54","22","32","0","0","0","320","144","176","-2"
"190637","CUNY Lehman College","2020","First major","'99'","Grand total","Bachelor's degree","2649","775","1874","3","0","3","169","63","106","699","211","488","1529","421","1108","6","1","5","145","53","92","23","3","20","0","0","0","75","23","52","-2"
"190637","CUNY Lehman College","2020","First major","'99'","Grand total","Master's degree","773","228","545","3","0","3","37","12","25","212","69","143","360","84","276","2","0","2","131","59","72","7","1","6","0","0","0","21","3","18","-2"
"190637","CUNY Lehman College","2020","First major","'99'","Grand total","Doctor's degree - professional practice","0","0","0","0","0","0","0","0","0","0","0","0","0","0","0","0","0","0","0","0","0","0","0","0","0","0","0","0","0","0","-2"
"190637","CUNY Lehman College","2020","Second major","'99'","Grand total","Bachelor's degree","11","4","7","0","0","0","1","0","1","3","1","2","6","3","3","0","0","0","0","0","0","0","0","0","0","0","0","1","0","1","-2"
"190646","CUNY Medgar Evers College","2020","First major","'99'","Grand total","Associate's degree","579","147","432","2","0","2","16","6","10","457","112","345","81","22","59","1","0","1","4","1","3","7","3","4","0","0","0","11","3","8","-2"
"190646","CUNY Medgar Evers College","2020","First major","'99'","Grand total","Bachelor's degree","718","150","568","0","0","0","22","7","15","568","121","447","95","13","82","3","2","1","7","3","4","8","0","8","0","0","0","15","4","11","-2"
"190655","CUNY New York City College of Technology","2020","First major","'99'","Grand total","Associate's degree","1245","630","615","3","2","1","260","131","129","334","160","174","413","210","203","3","2","1","155","82","73","26","16","10","0","0","0","51","27","24","-2"
"190655","CUNY New York City College of Technology","2020","First major","'99'","Grand total","Bachelor's degree","1581","830","751","7","3","4","361","201","160","399","188","211","502","272","230","7","3","4","204","101","103","10","7","3","0","0","0","91","55","36","-2"
"190664","CUNY Queens College","2020","First major","'99'","Grand total","Bachelor's degree","3356","1409","1947","11","5","6","946","433","513","281","118","163","951","355","596","16","7","9","906","385","521","43","17","26","0","0","0","202","89","113","-2"
"190664","CUNY Queens College","2020","First major","'99'","Grand total","Master's degree","999","274","725","1","0","1","170","43","127","87","25","62","208","50","158","3","1","2","465","132","333","19","7","12","0","0","0","46","16","30","-2"
"190664","CUNY Queens College","2020","Second major","'99'","Grand total","Bachelor's degree","246","55","191","1","0","1","93","21","72","7","3","4","77","16","61","2","0","2","48","9","39","6","1","5","0","0","0","12","5","7","-2"
"190673","CUNY Queensborough Community College","2020","First major","'99'","Grand total","Associate's degree","2440","1074","1366","30","9","21","600","306","294","461","172","289","801","339","462","15","6","9","323","157","166","59","26","33","0","0","0","151","59","92","-2"
"190682","CUNY School of Law","2020","First major","'99'","Grand total","Doctor's degree - professional practice","149","62","87","0","0","0","12","4","8","28","17","11","33","13","20","0","0","0","68","27","41","4","1","3","0","0","0","4","0","4","-2"
"190682","CUNY School of Law","2020","Second major","'99'","Grand total","Doctor's degree - professional practice","1","0","1","0","0","0","0","0","0","1","0","1","0","0","0","0","0","0","0","0","0","0","0","0","0","0","0","0","0","0","-2"
"190691","CUNY York College","2020","First major","'99'","Grand total","Bachelor's degree","1191","391","800","15","6","9","291","120","171","460","130","330","262","81","181","10","3","7","86","32","54","18","6","12","0","0","0","49","13","36","-2"
"190691","CUNY York College","2020","First major","'99'","Grand total","Master's degree","72","14","58","1","1","0","15","5","10","18","0","18","9","0","9","0","0","0","24","3","21","1","1","0","0","0","0","4","4","0","-2"
"190691","CUNY York College","2020","Second major","'99'","Grand total","Bachelor's degree","3","0","3","0","0","0","0","0","0","2","0","2","1","0","1","0","0","0","0","0","0","0","0","0","0","0","0","0","0","0","-2"
"190716","D'Youville College","2020","First major","'99'","Grand total","Bachelor's degree","393","93","300","3","0","3","12","5","7","42","12","30","17","5","12","0","0","0","286","66","220","9","0","9","17","4","13","7","1","6","-2"
"190716","D'Youville College","2020","First major","'99'","Grand total","Master's degree","325","63","262","1","0","1","8","2","6","30","7","23","12","3","9","0","0","0","225","43","182","5","0","5","17","2","15","27","6","21","-2"
"190716","D'Youville College","2020","First major","'99'","Grand total","Doctor's degree - research/scholarship","10","2","8","0","0","0","1","0","1","1","0","1","0","0","0","0","0","0","6","2","4","0","0","0","1","0","1","1","0","1","-2"
"190716","D'Youville College","2020","First major","'99'","Grand total","Doctor's degree - professional practice","140","64","76","0","0","0","16","8","8","7","4","3","2","1","1","0","0","0","83","34","49","3","0","3","7","4","3","22","13","9","-2"
"190725","Daemen College","2020","First major","'99'","Grand total","Bachelor's degree","426","96","330","2","1","1","15","6","9","31","10","21","25","4","21","1","1","0","329","69","260","4","1","3","8","0","8","11","4","7","-2"
"190725","Daemen College","2020","First major","'99'","Grand total","Master's degree","382","68","314","0","0","0","8","2","6","15","2","13","10","3","7","0","0","0","318","54","264","0","0","0","28","5","23","3","2","1","-2"
"190725","Daemen College","2020","First major","'99'","Grand total","Doctor's degree - professional practice","56","19","37","0","0","0","0","0","0","1","1","0","1","1","0","0","0","0","54","17","37","0","0","0","0","0","0","0","0","0","-2"
"190752","Yeshiva of Far Rockaway Derech Ayson Rabbinical Seminary","2020","First major","'99'","Grand total","Bachelor's degree","6","6","0","0","0","0","0","0","0","0","0","0","0","0","0","0","0","0","6","6","0","0","0","0","0","0","0","0","0","0","-2"
"190761","Dominican College of Blauvelt","2020","First major","'99'","Grand total","Associate's degree","7","1","6","0","0","0","1","0","1","1","0","1","1","0","1","0","0","0","3","0","3","0","0","0","1","1","0","0","0","0","-2"
"190761","Dominican College of Blauvelt","2020","First major","'99'","Grand total","Bachelor's degree","345","83","262","0","0","0","25","4","21","42","10","32","83","12","71","3","2","1","154","40","114","11","2","9","20","8","12","7","5","2","-2"
"190761","Dominican College of Blauvelt","2020","First major","'99'","Grand total","Master's degree","109","16","93","0","0","0","15","2","13","10","2","8","16","3","13","0","0","0","54","7","47","2","0","2","10","2","8","2","0","2","-2"
"190761","Dominican College of Blauvelt","2020","First major","'99'","Grand total","Doctor's degree - professional practice","95","37","58","1","1","0","29","8","21","3","2","1","9","4","5","0","0","0","20","7","13","3","0","3","13","6","7","17","9","8","-2"
"190840","Dutchess Community College","2020","First major","'99'","Grand total","Associate's degree","973","442","531","0","0","0","25","11","14","107","40","67","177","69","108","1","1","0","595","290","305","44","20","24","11","7","4","13","4","9","-2"
"190956","Belanger School of Nursing","2020","First major","'99'","Grand total","Associate's degree","54","4","50","0","0","0","3","0","3","6","0","6","1","0","1","1","1","0","42","3","39","1","0","1","0","0","0","0","0","0","-2"
"190974","Elmira Business Institute","2020","First major","'99'","Grand total","Associate's degree","34","5","29","0","0","0","1","0","1","7","2","5","2","0","2","0","0","0","16","3","13","1","0","1","7","0","7","0","0","0","-2"
"190983","Elmira College","2020","First major","'99'","Grand total","Associate's degree","12","1","11","0","0","0","0","0","0","0","0","0","0","0","0","0","0","0","12","1","11","0","0","0","0","0","0","0","0","0","-2"
"190983","Elmira College","2020","First major","'99'","Grand total","Bachelor's degree","173","50","123","5","0","5","4","0","4","5","2","3","10","2","8","0","0","0","131","36","95","2","0","2","7","3","4","9","7","2","-2"
"190983","Elmira College","2020","First major","'99'","Grand total","Master's degree","34","13","21","0","0","0","0","0","0","1","0","1","1","1","0","0","0","0","32","12","20","0","0","0","0","0","0","0","0","0","-2"
"190983","Elmira College","2020","Second major","'99'","Grand total","Bachelor's degree","36","11","25","0","0","0","1","0","1","0","0","0","4","1","3","0","0","0","28","8","20","0","0","0","2","1","1","1","1","0","-2"
"191083","Erie Community College","2020","First major","'99'","Grand total","Associate's degree","1708","775","933","10","3","7","107","52","55","215","94","121","77","25","52","2","0","2","1140","528","612","51","25","26","87","40","47","19","8","11","-2"
"191126","Fashion Institute of Technology","2020","First major","'99'","Grand total","Associate's degree","1980","336","1644","3","0","3","254","47","207","129","31","98","417","87","330","3","0","3","823","120","703","74","8","66","4","3","1","273","40","233","-2"
"191126","Fashion Institute of Technology","2020","First major","'99'","Grand total","Bachelor's degree","1644","229","1415","3","2","1","176","32","144","122","15","107","325","59","266","3","1","2","765","81","684","43","5","38","6","0","6","201","34","167","-2"
"191126","Fashion Institute of Technology","2020","First major","'99'","Grand total","Master's degree","142","11","131","1","0","1","8","0","8","1","0","1","9","0","9","0","0","0","75","5","70","4","0","4","6","0","6","38","6","32","-2"
"191199","Finger Lakes Community College","2020","First major","'99'","Grand total","Associate's degree","585","256","329","1","0","1","1","1","0","23","10","13","35","13","22","0","0","0","475","206","269","17","7","10","33","19","14","0","0","0","-2"
"191205","Five Towns College","2020","First major","'99'","Grand total","Associate's degree","13","9","4","0","0","0","0","0","0","4","4","0","1","1","0","0","0","0","7","4","3","1","0","1","0","0","0","0","0","0","-2"
"191205","Five Towns College","2020","First major","'99'","Grand total","Bachelor's degree","101","73","28","1","0","1","3","2","1","24","18","6","11","10","1","0","0","0","60","41","19","2","2","0","0","0","0","0","0","0","-2"
"191205","Five Towns College","2020","First major","'99'","Grand total","Master's degree","10","6","4","0","0","0","0","0","0","3","1","2","0","0","0","0","0","0","5","5","0","0","0","0","0","0","0","2","0","2","-2"
"191205","Five Towns College","2020","First major","'99'","Grand total","Doctor's degree - research/scholarship","3","2","1","0","0","0","0","0","0","1","1","0","0","0","0","0","0","0","0","0","0","0","0","0","0","0","0","2","1","1","-2"
"191241","Fordham University","2020","First major","'99'","Grand total","Bachelor's degree","2247","921","1326","3","2","1","215","79","136","84","35","49","334","131","203","4","2","2","1299","553","746","72","25","47","42","18","24","194","76","118","-2"
"191241","Fordham University","2020","First major","'99'","Grand total","Master's degree","2668","807","1861","2","0","2","119","45","74","322","64","258","416","82","334","6","3","3","914","245","669","32","14","18","41","12","29","816","342","474","-2"
"191241","Fordham University","2020","First major","'99'","Grand total","Doctor's degree - research/scholarship","112","35","77","1","0","1","8","1","7","11","2","9","8","2","6","0","0","0","69","23","46","3","1","2","1","0","1","11","6","5","-2"
"191241","Fordham University","2020","First major","'99'","Grand total","Doctor's degree - professional practice","401","184","217","0","0","0","34","12","22","21","5","16","47","16","31","0","0","0","252","131","121","6","1","5","18","10","8","23","9","14","-2"
"191241","Fordham University","2020","Second major","'99'","Grand total","Bachelor's degree","297","78","219","0","0","0","29","5","24","8","4","4","40","14","26","0","0","0","189","52","137","13","0","13","7","1","6","11","2","9","-2"
"191241","Fordham University","2020","Second major","'99'","Grand total","Master's degree","1","0","1","0","0","0","0","0","0","0","0","0","0","0","0","0","0","0","1","0","1","0","0","0","0","0","0","0","0","0","-2"
"191302","Fulton-Montgomery Community College","2020","First major","'99'","Grand total","Associate's degree","369","150","219","0","0","0","6","3","3","11","6","5","41","12","29","0","0","0","252","97","155","22","13","9","21","9","12","16","10","6","-2"
"191320","The General Theological Seminary","2020","First major","'99'","Grand total","Master's degree","11","5","6","0","0","0","0","0","0","0","0","0","0","0","0","0","0","0","11","5","6","0","0","0","0","0","0","0","0","0","-2"
"191320","The General Theological Seminary","2020","First major","'99'","Grand total","Doctor's degree - research/scholarship","0","0","0","0","0","0","0","0","0","0","0","0","0","0","0","0","0","0","0","0","0","0","0","0","0","0","0","0","0","0","-2"
"191339","Genesee Community College","2020","First major","'99'","Grand total","Associate's degree","602","194","408","3","1","2","6","2","4","27","8","19","27","9","18","0","0","0","466","147","319","18","2","16","9","5","4","46","20","26","-2"
"191515","Hamilton College","2020","First major","'99'","Grand total","Bachelor's degree","493","231","262","0","0","0","35","14","21","14","6","8","34","13","21","0","0","0","329","164","165","17","9","8","34","13","21","30","12","18","-2"
"191515","Hamilton College","2020","Second major","'99'","Grand total","Bachelor's degree","104","46","58","0","0","0","10","3","7","2","0","2","6","3","3","0","0","0","61","29","32","4","3","1","8","2","6","13","6","7","-2"
"191533","Hartwick College","2020","First major","'99'","Grand total","Bachelor's degree","238","72","166","1","0","1","7","2","5","14","2","12","19","7","12","0","0","0","156","46","110","0","0","0","36","14","22","5","1","4","-2"
"191597","Helene Fuld College of Nursing","2020","First major","'99'","Grand total","Associate's degree","259","29","230","3","0","3","28","7","21","167","15","152","30","4","26","3","1","2","27","2","25","1","0","1","0","0","0","0","0","0","-2"
"191597","Helene Fuld College of Nursing","2020","First major","'99'","Grand total","Bachelor's degree","12","1","11","0","0","0","1","0","1","9","1","8","2","0","2","0","0","0","0","0","0","0","0","0","0","0","0","0","0","0","-2"
"191612","Herkimer County Community College","2020","First major","'99'","Grand total","Associate's degree","349","152","197","1","0","1","4","1","3","59","27","32","21","11","10","0","0","0","231","92","139","3","1","2","6","6","0","24","14","10","-2"
"191621","Hilbert College","2020","First major","'99'","Grand total","Associate's degree","4","3","1","0","0","0","0","0","0","0","0","0","0","0","0","0","0","0","3","2","1","0","0","0","1","1","0","0","0","0","-2"
"191621","Hilbert College","2020","First major","'99'","Grand total","Bachelor's degree","132","51","81","1","0","1","0","0","0","4","1","3","11","2","9","0","0","0","106","45","61","1","0","1","8","3","5","1","0","1","-2"
"191621","Hilbert College","2020","First major","'99'","Grand total","Master's degree","20","4","16","0","0","0","0","0","0","2","0","2","2","0","2","0","0","0","15","4","11","0","0","0","1","0","1","0","0","0","-2"
"191630","Hobart William Smith Colleges","2020","First major","'99'","Grand total","Bachelor's degree","459","219","240","1","1","0","17","9","8","18","11","7","19","7","12","1","1","0","349","165","184","6","3","3","22","10","12","26","12","14","-2"
"191630","Hobart William Smith Colleges","2020","First major","'99'","Grand total","Master's degree","7","0","7","0","0","0","0","0","0","0","0","0","0","0","0","0","0","0","7","0","7","0","0","0","0","0","0","0","0","0","-2"
"191630","Hobart William Smith Colleges","2020","Second major","'99'","Grand total","Bachelor's degree","121","51","70","1","1","0","4","3","1","4","3","1","6","2","4","1","1","0","88","35","53","2","0","2","7","2","5","8","4","4","-2"
"191649","Hofstra University","2020","First major","'99'","Grand total","Bachelor's degree","1453","617","836","5","3","2","168","73","95","100","35","65","180","68","112","6","1","5","850","367","483","34","16","18","20","13","7","90","41","49","-2"
"191649","Hofstra University","2020","First major","'99'","Grand total","Master's degree","1132","402","730","1","1","0","116","42","74","78","21","57","121","43","78","6","2","4","524","168","356","8","2","6","99","32","67","179","91","88","-2"
"191649","Hofstra University","2020","First major","'99'","Grand total","Doctor's degree - research/scholarship","53","16","37","0","0","0","2","2","0","5","0","5","4","1","3","0","0","0","36","9","27","1","0","1","4","4","0","1","0","1","-2"
"191649","Hofstra University","2020","First major","'99'","Grand total","Doctor's degree - professional practice","345","171","174","3","2","1","39","21","18","21","6","15","40","16","24","1","0","1","208","109","99","4","0","4","25","15","10","4","2","2","-2"
"191649","Hofstra University","2020","Second major","'99'","Grand total","Bachelor's degree","182","43","139","0","0","0","11","2","9","16","4","12","30","7","23","0","0","0","113","27","86","2","0","2","1","1","0","9","2","7","-2"
"191649","Hofstra University","2020","Second major","'99'","Grand total","Master's degree","15","8","7","0","0","0","0","0","0","0","0","0","1","1","0","0","0","0","1","0","1","0","0","0","0","0","0","13","7","6","-2"
"191676","Houghton College","2020","First major","'99'","Grand total","Associate's degree","23","7","16","0","0","0","8","0","8","8","3","5","0","0","0","0","0","0","1","0","1","0","0","0","6","4","2","0","0","0","-2"
"191676","Houghton College","2020","First major","'99'","Grand total","Bachelor's degree","221","98","123","0","0","0","1","0","1","9","6","3","1","1","0","0","0","0","178","76","102","16","8","8","5","2","3","11","5","6","-2"
"191676","Houghton College","2020","First major","'99'","Grand total","Master's degree","4","1","3","0","0","0","0","0","0","0","0","0","0","0","0","0","0","0","4","1","3","0","0","0","0","0","0","0","0","0","-2"
"191676","Houghton College","2020","Second major","'99'","Grand total","Bachelor's degree","63","25","38","0","0","0","0","0","0","0","0","0","0","0","0","0","0","0","57","24","33","3","1","2","1","0","1","2","0","2","-2"
"191719","Hudson Valley Community College","2020","First major","'99'","Grand total","Associate's degree","1582","881","701","12","5","7","102","52","50","115","55","60","97","53","44","6","3","3","1187","679","508","47","23","24","8","7","1","8","4","4","-2"
"191931","Iona College","2020","First major","'99'","Grand total","Bachelor's degree","623","297","326","2","1","1","15","8","7","57","26","31","143","66","77","1","1","0","355","165","190","16","9","7","14","6","8","20","15","5","-2"
"191931","Iona College","2020","First major","'99'","Grand total","Master's degree","346","133","213","1","0","1","16","7","9","46","18","28","72","25","47","0","0","0","181","72","109","4","1","3","13","4","9","13","6","7","-2"
"191931","Iona College","2020","Second major","'99'","Grand total","Bachelor's degree","29","9","20","0","0","0","0","0","0","3","0","3","6","1","5","0","0","0","16","6","10","2","1","1","1","0","1","1","1","0","-2"
"191959","Island Drafting and Technical Institute","2020","First major","'99'","Grand total","Associate's degree","39","37","2","0","0","0","1","1","0","5","4","1","11","11","0","0","0","0","19","19","0","1","1","0","2","1","1","0","0","0","-2"
"191968","Ithaca College","2020","First major","'99'","Grand total","Bachelor's degree","1346","570","776","2","1","1","50","13","37","65","32","33","95","35","60","0","0","0","1005","436","569","42","10","32","61","31","30","26","12","14","-2"
"191968","Ithaca College","2020","First major","'99'","Grand total","Master's degree","186","56","130","0","0","0","8","6","2","5","1","4","6","1","5","0","0","0","147","40","107","4","1","3","8","4","4","8","3","5","-2"
"191968","Ithaca College","2020","First major","'99'","Grand total","Doctor's degree - professional practice","87","25","62","0","0","0","7","2","5","1","0","1","3","1","2","0","0","0","61","18","43","5","1","4","10","3","7","0","0","0","-2"
"191968","Ithaca College","2020","Second major","'99'","Grand total","Bachelor's degree","44","13","31","0","0","0","3","0","3","4","1","3","3","1","2","0","0","0","29","10","19","0","0","0","2","0","2","3","1","2","-2"
"191986","Jamestown Community College","2020","First major","'99'","Grand total","Associate's degree","515","192","323","4","1","3","8","4","4","16","13","3","30","12","18","0","0","0","423","149","274","15","5","10","7","1","6","12","7","5","-2"
"192004","Jamestown Business College","2020","First major","'99'","Grand total","Associate's degree","75","19","56","7","0","7","0","0","0","3","1","2","8","3","5","0","0","0","54","13","41","3","2","1","0","0","0","0","0","0","-2"
"192004","Jamestown Business College","2020","First major","'99'","Grand total","Bachelor's degree","24","7","17","2","1","1","0","0","0","0","0","0","6","0","6","0","0","0","15","6","9","1","0","1","0","0","0","0","0","0","-2"
"192022","Jefferson Community College","2020","First major","'99'","Grand total","Associate's degree","496","182","314","1","0","1","2","0","2","33","17","16","41","18","23","0","0","0","391","134","257","13","5","8","13","7","6","2","1","1","-2"
"192040","Jewish Theological Seminary of America","2020","First major","'99'","Grand total","Bachelor's degree","37","15","22","0","0","0","0","0","0","0","0","0","6","1","5","0","0","0","27","12","15","0","0","0","4","2","2","0","0","0","-2"
"192040","Jewish Theological Seminary of America","2020","First major","'99'","Grand total","Master's degree","48","19","29","0","0","0","0","0","0","0","0","0","3","0","3","0","0","0","40","18","22","0","0","0","5","1","4","0","0","0","-2"
"192040","Jewish Theological Seminary of America","2020","First major","'99'","Grand total","Doctor's degree - research/scholarship","5","1","4","0","0","0","0","0","0","0","0","0","0","0","0","0","0","0","4","1","3","0","0","0","1","0","1","0","0","0","-2"
"192110","The Juilliard School","2020","First major","'99'","Grand total","Bachelor's degree","116","59","57","0","0","0","15","6","9","10","6","4","11","6","5","0","0","0","42","26","16","6","3","3","2","0","2","30","12","18","-2"
"192110","The Juilliard School","2020","First major","'99'","Grand total","Master's degree","140","67","73","0","0","0","19","8","11","6","4","2","3","2","1","0","0","0","47","24","23","9","8","1","1","1","0","55","20","35","-2"
"192110","The Juilliard School","2020","First major","'99'","Grand total","Doctor's degree - research/scholarship","4","3","1","0","0","0","0","0","0","0","0","0","0","0","0","0","0","0","2","1","1","0","0","0","0","0","0","2","2","0","-2"
"192165","Kehilath Yakov Rabbinical Seminary","2020","First major","'99'","Grand total","Bachelor's degree","16","16","0","0","0","0","0","0","0","0","0","0","0","0","0","0","0","0","16","16","0","0","0","0","0","0","0","0","0","0","-2"
"192192","Keuka College","2020","First major","'99'","Grand total","Bachelor's degree","408","102","306","1","1","0","3","3","0","29","4","25","22","9","13","0","0","0","321","75","246","4","0","4","15","3","12","13","7","6","-2"
"192192","Keuka College","2020","First major","'99'","Grand total","Master's degree","130","23","107","0","0","0","3","0","3","15","1","14","4","0","4","0","0","0","91","15","76","4","0","4","5","1","4","8","6","2","-2"
"192192","Keuka College","2020","Second major","'99'","Grand total","Bachelor's degree","3","1","2","0","0","0","0","0","0","0","0","0","0","0","0","0","0","0","2","0","2","0","0","0","0","0","0","1","1","0","-2"
"192271","LIM College","2020","First major","'99'","Grand total","Associate's degree","14","1","13","0","0","0","1","0","1","4","0","4","1","0","1","0","0","0","6","1","5","0","0","0","1","0","1","1","0","1","-2"
"192271","LIM College","2020","First major","'99'","Grand total","Bachelor's degree","303","22","281","4","1","3","22","1","21","41","6","35","27","1","26","2","0","2","162","10","152","0","0","0","26","0","26","19","3","16","-2"
"192271","LIM College","2020","First major","'99'","Grand total","Master's degree","222","24","198","0","0","0","8","1","7","41","5","36","20","1","19","1","0","1","43","5","38","1","1","0","40","2","38","68","9","59","-2"
"192323","Le Moyne College","2020","First major","'99'","Grand total","Bachelor's degree","605","234","371","2","1","1","17","3","14","29","12","17","31","17","14","1","0","1","487","185","302","16","6","10","17","6","11","5","4","1","-2"
"192323","Le Moyne College","2020","First major","'99'","Grand total","Master's degree","240","69","171","0","0","0","9","2","7","7","2","5","9","3","6","1","0","1","181","53","128","6","1","5","23","5","18","4","3","1","-2"
"192323","Le Moyne College","2020","First major","'99'","Grand total","Doctor's degree - research/scholarship","0","0","0","0","0","0","0","0","0","0","0","0","0","0","0","0","0","0","0","0","0","0","0","0","0","0","0","0","0","0","-2"
"192323","Le Moyne College","2020","Second major","'99'","Grand total","Bachelor's degree","97","55","42","0","0","0","1","0","1","1","1","0","5","3","2","0","0","0","84","46","38","3","3","0","2","1","1","1","1","0","-2"
"192323","Le Moyne College","2020","Second major","'99'","Grand total","Master's degree","15","9","6","0","0","0","1","0","1","1","1","0","1","1","0","0","0","0","12","7","5","0","0","0","0","0","0","0","0","0","-2"
"192448","Long Island University","2020","First major","'99'","Grand total","Associate's degree","1","0","1","0","0","0","0","0","0","0","0","0","1","0","1","0","0","0","0","0","0","0","0","0","0","0","0","0","0","0","-2"
"192448","Long Island University","2020","First major","'99'","Grand total","Bachelor's degree","1596","469","1127","8","2","6","179","48","131","241","67","174","206","67","139","1","0","1","584","159","425","33","9","24","263","73","190","81","44","37","-2"
"192448","Long Island University","2020","First major","'99'","Grand total","Master's degree","1510","383","1127","1","0","1","88","25","63","253","60","193","195","33","162","0","0","0","524","149","375","17","2","15","308","70","238","124","44","80","-2"
"192448","Long Island University","2020","First major","'99'","Grand total","Doctor's degree - research/scholarship","95","31","64","0","0","0","11","2","9","8","0","8","7","2","5","0","0","0","51","18","33","1","0","1","7","3","4","10","6","4","-2"
"192448","Long Island University","2020","First major","'99'","Grand total","Doctor's degree - professional practice","187","73","114","0","0","0","60","24","36","9","7","2","15","7","8","0","0","0","72","27","45","12","1","11","17","6","11","2","1","1","-2"
"192448","Long Island University","2020","Second major","'99'","Grand total","Bachelor's degree","21","5","16","0","0","0","3","1","2","3","2","1","3","0","3","0","0","0","6","1","5","1","0","1","5","1","4","0","0","0","-2"
"192509","Long Island Business Institute","2020","First major","'99'","Grand total","Associate's degree","263","69","194","0","0","0","133","35","98","40","10","30","70","18","52","0","0","0","4","1","3","1","0","1","0","0","0","15","5","10","-2"
"192624","Machzikei Hadath Rabbinical College","2020","First major","'99'","Grand total","Bachelor's degree","33","33","0","0","0","0","0","0","0","0","0","0","0","0","0","0","0","0","33","33","0","0","0","0","0","0","0","0","0","0","-2"
"192688","Mandl School-The College of Allied Health","2020","First major","'99'","Grand total","Associate's degree","144","27","117","0","0","0","14","6","8","68","12","56","50","6","44","1","0","1","8","2","6","0","0","0","3","1","2","0","0","0","-2"
"192703","Manhattan College","2020","First major","'99'","Grand total","Associate's degree","2","1","1","0","0","0","0","0","0","0","0","0","2","1","1","0","0","0","0","0","0","0","0","0","0","0","0","0","0","0","-2"
"192703","Manhattan College","2020","First major","'99'","Grand total","Bachelor's degree","794","409","385","1","0","1","40","23","17","33","13","20","152","80","72","1","1","0","483","239","244","13","9","4","44","27","17","27","17","10","-2"
"192703","Manhattan College","2020","First major","'99'","Grand total","Master's degree","272","132","140","0","0","0","12","7","5","20","9","11","55","25","30","0","0","0","130","64","66","2","0","2","30","11","19","23","16","7","-2"
"192703","Manhattan College","2020","Second major","'99'","Grand total","Bachelor's degree","51","16","35","0","0","0","2","1","1","1","0","1","7","2","5","0","0","0","38","11","27","0","0","0","0","0","0","3","2","1","-2"
"192712","Manhattan School of Music","2020","First major","'99'","Grand total","Bachelor's degree","134","66","68","1","1","0","9","6","3","5","4","1","10","5","5","0","0","0","54","28","26","3","1","2","11","4","7","41","17","24","-2"
"192712","Manhattan School of Music","2020","First major","'99'","Grand total","Master's degree","176","76","100","12","6","6","6","2","4","5","3","2","0","0","0","0","0","0","44","27","17","2","0","2","1","0","1","106","38","68","-2"
"192712","Manhattan School of Music","2020","First major","'99'","Grand total","Doctor's degree - other","14","7","7","0","0","0","3","1","2","0","0","0","0","0","0","0","0","0","5","4","1","0","0","0","0","0","0","6","2","4","-2"
"192749","Manhattanville College","2020","First major","'99'","Grand total","Bachelor's degree","363","132","231","2","1","1","12","8","4","35","11","24","93","27","66","0","0","0","162","64","98","9","1","8","14","5","9","36","15","21","-2"
"192749","Manhattanville College","2020","First major","'99'","Grand total","Master's degree","306","92","214","1","1","0","5","1","4","14","8","6","29","10","19","0","0","0","175","43","132","4","0","4","73","27","46","5","2","3","-2"
"192749","Manhattanville College","2020","First major","'99'","Grand total","Doctor's degree - research/scholarship","19","8","11","0","0","0","0","0","0","3","0","3","4","1","3","0","0","0","9","6","3","0","0","0","3","1","2","0","0","0","-2"
"192749","Manhattanville College","2020","Second major","'99'","Grand total","Bachelor's degree","57","22","35","1","0","1","2","1","1","4","0","4","15","3","12","0","0","0","25","11","14","0","0","0","0","0","0","10","7","3","-2"
"192785","Maria College of Albany","2020","First major","'99'","Grand total","Associate's degree","106","12","94","1","1","0","3","0","3","8","1","7","10","2","8","0","0","0","72","7","65","2","0","2","10","1","9","0","0","0","-2"
"192785","Maria College of Albany","2020","First major","'99'","Grand total","Bachelor's degree","61","11","50","0","0","0","6","3","3","6","1","5","0","0","0","1","0","1","35","3","32","0","0","0","13","4","9","0","0","0","-2"
"192819","Marist College","2020","First major","'99'","Grand total","Bachelor's degree","1277","525","752","2","2","0","34","14","20","55","26","29","132","53","79","1","1","0","980","400","580","35","10","25","7","3","4","31","16","15","-2"
"192819","Marist College","2020","First major","'99'","Grand total","Master's degree","371","137","234","1","0","1","11","5","6","27","9","18","40","15","25","0","0","0","248","92","156","14","5","9","8","3","5","22","8","14","-2"
"192819","Marist College","2020","First major","'99'","Grand total","Doctor's degree - professional practice","0","0","0","0","0","0","0","0","0","0","0","0","0","0","0","0","0","0","0","0","0","0","0","0","0","0","0","0","0","0","-2"
"192819","Marist College","2020","Second major","'99'","Grand total","Bachelor's degree","62","33","29","0","0","0","3","1","2","0","0","0","4","3","1","0","0","0","50","27","23","1","0","1","0","0","0","4","2","2","-2"
"192864","Marymount Manhattan College","2020","First major","'99'","Grand total","Associate's degree","15","0","15","0","0","0","0","0","0","8","0","8","1","0","1","0","0","0","3","0","3","1","0","1","2","0","2","0","0","0","-2"
"192864","Marymount Manhattan College","2020","First major","'99'","Grand total","Bachelor's degree","431","113","318","1","1","0","16","4","12","23","3","20","67","20","47","1","0","1","276","73","203","11","4","7","14","3","11","22","5","17","-2"
"192864","Marymount Manhattan College","2020","Second major","'99'","Grand total","Bachelor's degree","63","17","46","0","0","0","2","1","1","4","1","3","13","2","11","0","0","0","34","11","23","4","1","3","2","0","2","4","1","3","-2"
"192925","Medaille College","2020","First major","'99'","Grand total","Associate's degree","112","10","102","2","0","2","4","1","3","12","0","12","2","0","2","0","0","0","88","9","79","0","0","0","4","0","4","0","0","0","-2"
"192925","Medaille College","2020","First major","'99'","Grand total","Bachelor's degree","242","72","170","8","3","5","4","2","2","35","10","25","7","1","6","1","0","1","170","49","121","0","0","0","17","7","10","0","0","0","-2"
"192925","Medaille College","2020","First major","'99'","Grand total","Master's degree","336","69","267","6","2","4","13","1","12","73","15","58","3","1","2","1","0","1","212","40","172","0","0","0","28","10","18","0","0","0","-2"
"192925","Medaille College","2020","First major","'99'","Grand total","Doctor's degree - professional practice","8","3","5","0","0","0","0","0","0","0","0","0","0","0","0","0","0","0","8","3","5","0","0","0","0","0","0","0","0","0","-2"
"192961","St. Peter's Hospital College of Nursing","2020","First major","'99'","Grand total","Associate's degree","42","6","36","0","0","0","7","2","5","6","3","3","1","0","1","0","0","0","28","1","27","0","0","0","0","0","0","0","0","0","-2"
"193016","Mercy College","2020","First major","'99'","Grand total","Associate's degree","46","18","28","0","0","0","2","0","2","8","3","5","13","7","6","0","0","0","7","1","6","0","0","0","16","7","9","0","0","0","-2"
"193016","Mercy College","2020","First major","'99'","Grand total","Bachelor's degree","1603","409","1194","3","1","2","55","16","39","448","102","346","557","135","422","1","1","0","312","96","216","12","2","10","208","54","154","7","2","5","-2"
"193016","Mercy College","2020","First major","'99'","Grand total","Master's degree","884","195","689","3","0","3","54","15","39","193","47","146","259","56","203","1","0","1","315","62","253","11","3","8","40","8","32","8","4","4","-2"
"193016","Mercy College","2020","First major","'99'","Grand total","Doctor's degree - professional practice","31","16","15","0","0","0","6","5","1","1","1","0","6","2","4","0","0","0","14","7","7","2","1","1","2","0","2","0","0","0","-2"
"193052","Mesivta Torah Vodaath Rabbinical Seminary","2020","First major","'99'","Grand total","Bachelor's degree","57","57","0","0","0","0","0","0","0","0","0","0","0","0","0","0","0","0","57","57","0","0","0","0","0","0","0","0","0","0","-2"
"193061","Mesivta of Eastern Parkway-Yeshiva Zichron Meilech","2020","First major","'99'","Grand total","Associate's degree","5","5","0","0","0","0","0","0","0","0","0","0","0","0","0","0","0","0","5","5","0","0","0","0","0","0","0","0","0","0","-2"
"193061","Mesivta of Eastern Parkway-Yeshiva Zichron Meilech","2020","First major","'99'","Grand total","Bachelor's degree","0","0","0","0","0","0","0","0","0","0","0","0","0","0","0","0","0","0","0","0","0","0","0","0","0","0","0","0","0","0","-2"
"193061","Mesivta of Eastern Parkway-Yeshiva Zichron Meilech","2020","First major","'99'","Grand total","Doctor's degree - research/scholarship","0","0","0","0","0","0","0","0","0","0","0","0","0","0","0","0","0","0","0","0","0","0","0","0","0","0","0","0","0","0","-2"
"193070","Mesivtha Tifereth Jerusalem of America","2020","First major","'99'","Grand total","Bachelor's degree","5","5","0","0","0","0","0","0","0","0","0","0","0","0","0","0","0","0","5","5","0","0","0","0","0","0","0","0","0","0","-2"
"193070","Mesivtha Tifereth Jerusalem of America","2020","First major","'99'","Grand total","Master's degree","6","6","0","0","0","0","0","0","0","0","0","0","0","0","0","0","0","0","6","6","0","0","0","0","0","0","0","0","0","0","-2"
"193070","Mesivtha Tifereth Jerusalem of America","2020","First major","'99'","Grand total","Doctor's degree - research/scholarship","0","0","0","0","0","0","0","0","0","0","0","0","0","0","0","0","0","0","0","0","0","0","0","0","0","0","0","0","0","0","-2"
"193201","Mildred Elley School-Albany Campus","2020","First major","'99'","Grand total","Associate's degree","42","10","32","0","0","0","1","0","1","14","3","11","1","0","1","0","0","0","8","3","5","0","0","0","18","4","14","0","0","0","-2"
"193247","Mirrer Yeshiva Cent Institute","2020","First major","'99'","Grand total","Associate's degree","36","36","0","0","0","0","0","0","0","0","0","0","0","0","0","0","0","0","36","36","0","0","0","0","0","0","0","0","0","0","-2"
"193247","Mirrer Yeshiva Cent Institute","2020","First major","'99'","Grand total","Bachelor's degree","6","6","0","0","0","0","0","0","0","0","0","0","0","0","0","0","0","0","6","6","0","0","0","0","0","0","0","0","0","0","-2"
"193247","Mirrer Yeshiva Cent Institute","2020","First major","'99'","Grand total","Master's degree","2","2","0","0","0","0","0","0","0","0","0","0","0","0","0","0","0","0","1","1","0","0","0","0","0","0","0","1","1","0","-2"
"193247","Mirrer Yeshiva Cent Institute","2020","First major","'99'","Grand total","Doctor's degree - research/scholarship","2","2","0","0","0","0","0","0","0","0","0","0","0","0","0","0","0","0","2","2","0","0","0","0","0","0","0","0","0","0","-2"
"193283","Mohawk Valley Community College","2020","First major","'99'","Grand total","Associate's degree","871","397","474","0","0","0","57","27","30","46","16","30","51","23","28","0","0","0","677","310","367","29","12","17","3","3","0","8","6","2","-2"
"193292","Molloy College","2020","First major","'99'","Grand total","Associate's degree","25","5","20","0","0","0","2","1","1","3","1","2","7","0","7","0","0","0","13","3","10","0","0","0","0","0","0","0","0","0","-2"
"193292","Molloy College","2020","First major","'99'","Grand total","Bachelor's degree","814","220","594","3","0","3","68","14","54","64","12","52","131","39","92","4","0","4","523","148","375","12","5","7","6","0","6","3","2","1","-2"
"193292","Molloy College","2020","First major","'99'","Grand total","Master's degree","424","96","328","1","0","1","36","8","28","69","9","60","57","7","50","1","1","0","236","64","172","12","4","8","8","2","6","4","1","3","-2"
"193292","Molloy College","2020","First major","'99'","Grand total","Doctor's degree - research/scholarship","19","2","17","0","0","0","2","0","2","5","0","5","1","0","1","0","0","0","10","2","8","1","0","1","0","0","0","0","0","0","-2"
"193292","Molloy College","2020","Second major","'99'","Grand total","Bachelor's degree","7","3","4","0","0","0","1","0","1","0","0","0","1","0","1","0","0","0","4","3","1","1","0","1","0","0","0","0","0","0","-2"
"193292","Molloy College","2020","Second major","'99'","Grand total","Master's degree","5","1","4","0","0","0","1","0","1","1","0","1","2","0","2","0","0","0","1","1","0","0","0","0","0","0","0","0","0","0","-2"
"193308","Monroe College","2020","First major","'99'","Grand total","Associate's degree","989","373","616","5","2","3","14","5","9","417","162","255","434","160","274","3","0","3","42","16","26","0","0","0","0","0","0","74","28","46","-2"
"193308","Monroe College","2020","First major","'99'","Grand total","Bachelor's degree","944","290","654","1","1","0","28","13","15","383","101","282","349","109","240","2","0","2","14","7","7","0","0","0","0","0","0","167","59","108","-2"
"193308","Monroe College","2020","First major","'99'","Grand total","Master's degree","347","117","230","1","0","1","14","5","9","100","31","69","81","20","61","1","0","1","6","4","2","0","0","0","0","0","0","144","57","87","-2"
"193326","Monroe Community College","2020","First major","'99'","Grand total","Associate's degree","1607","719","888","10","4","6","88","45","43","220","78","142","134","55","79","1","0","1","1063","499","564","65","25","40","6","4","2","20","9","11","-2"
"193353","Mount Saint Mary College","2020","First major","'99'","Grand total","Bachelor's degree","435","130","305","3","2","1","9","1","8","27","13","14","76","23","53","0","0","0","245","72","173","5","2","3","70","17","53","0","0","0","-2"
"193353","Mount Saint Mary College","2020","First major","'99'","Grand total","Master's degree","112","24","88","0","0","0","1","0","1","9","0","9","13","4","9","0","0","0","57","13","44","1","0","1","31","7","24","0","0","0","-2"
"193353","Mount Saint Mary College","2020","Second major","'99'","Grand total","Bachelor's degree","6","1","5","0","0","0","0","0","0","0","0","0","1","1","0","0","0","0","4","0","4","0","0","0","1","0","1","0","0","0","-2"
"193380","Montefiore School of Nursing","2020","First major","'99'","Grand total","Associate's degree","74","15","59","0","0","0","7","2","5","30","4","26","24","6","18","0","0","0","7","0","7","3","1","2","3","2","1","0","0","0","-2"
"193399","College of Mount Saint Vincent","2020","First major","'99'","Grand total","Associate's degree","0","0","0","0","0","0","0","0","0","0","0","0","0","0","0","0","0","0","0","0","0","0","0","0","0","0","0","0","0","0","-2"
"193399","College of Mount Saint Vincent","2020","First major","'99'","Grand total","Bachelor's degree","400","74","326","1","1","0","44","10","34","62","11","51","160","33","127","0","0","0","84","14","70","25","4","21","20","0","20","4","1","3","-2"
"193399","College of Mount Saint Vincent","2020","First major","'99'","Grand total","Master's degree","48","6","42","0","0","0","3","1","2","16","3","13","17","0","17","0","0","0","8","2","6","3","0","3","1","0","1","0","0","0","-2"
"193399","College of Mount Saint Vincent","2020","Second major","'99'","Grand total","Bachelor's degree","8","2","6","0","0","0","1","0","1","0","0","0","3","1","2","0","0","0","3","1","2","1","0","1","0","0","0","0","0","0","-2"
"193405","Icahn School of Medicine at Mount Sinai","2020","First major","'99'","Grand total","Master's degree","176","62","114","0","0","0","36","15","21","23","7","16","16","3","13","0","0","0","53","21","32","3","2","1","19","5","14","26","9","17","-2"
"193405","Icahn School of Medicine at Mount Sinai","2020","First major","'99'","Grand total","Doctor's degree - research/scholarship","47","21","26","0","0","0","10","7","3","2","0","2","1","0","1","0","0","0","20","8","12","2","1","1","0","0","0","12","5","7","-2"
"193405","Icahn School of Medicine at Mount Sinai","2020","First major","'99'","Grand total","Doctor's degree - professional practice","139","72","67","0","0","0","29","15","14","13","6","7","14","6","8","0","0","0","69","34","35","1","0","1","8","6","2","5","5","0","-2"
"193478","Nassau Community College","2020","First major","'99'","Grand total","Associate's degree","2760","1249","1511","3","2","1","204","109","95","513","191","322","783","329","454","6","2","4","1088","551","537","42","16","26","88","38","50","33","11","22","-2"
"193584","Nazareth College","2020","First major","'99'","Grand total","Bachelor's degree","568","139","429","1","0","1","20","4","16","28","5","23","35","11","24","0","0","0","445","103","342","15","2","13","15","12","3","9","2","7","-2"
"193584","Nazareth College","2020","First major","'99'","Grand total","Master's degree","287","39","248","0","0","0","6","0","6","19","1","18","15","1","14","0","0","0","207","27","180","4","2","2","14","1","13","22","7","15","-2"
"193584","Nazareth College","2020","First major","'99'","Grand total","Doctor's degree - professional practice","54","21","33","0","0","0","3","1","2","0","0","0","0","0","0","0","0","0","47","16","31","0","0","0","4","4","0","0","0","0","-2"
"193584","Nazareth College","2020","Second major","'99'","Grand total","Bachelor's degree","94","13","81","0","0","0","1","0","1","4","1","3","9","1","8","0","0","0","74","8","66","3","0","3","3","3","0","0","0","0","-2"
"193654","The New School","2020","First major","'99'","Grand total","Associate's degree","240","34","206","0","0","0","30","4","26","9","2","7","12","3","9","0","0","0","63","7","56","6","0","6","4","1","3","116","17","99","-2"
"193654","The New School","2020","First major","'99'","Grand total","Bachelor's degree","1629","404","1225","1","1","0","160","34","126","67","22","45","203","56","147","0","0","0","571","159","412","62","14","48","49","12","37","516","106","410","-2"
"193654","The New School","2020","First major","'99'","Grand total","Master's degree","1123","323","800","0","0","0","52","13","39","87","21","66","93","22","71","1","0","1","367","132","235","25","12","13","29","7","22","469","116","353","-2"
"193654","The New School","2020","First major","'99'","Grand total","Doctor's degree - research/scholarship","47","23","24","0","0","0","0","0","0","3","2","1","4","1","3","0","0","0","19","9","10","1","1","0","4","3","1","16","7","9","-2"
"193654","The New School","2020","Second major","'99'","Grand total","Associate's degree","1","0","1","0","0","0","0","0","0","0","0","0","0","0","0","0","0","0","0","0","0","0","0","0","0","0","0","1","0","1","-2"
"193654","The New School","2020","Second major","'99'","Grand total","Bachelor's degree","22","8","14","0","0","0","0","0","0","3","0","3","6","2","4","0","0","0","11","4","7","0","0","0","0","0","0","2","2","0","-2"
"193654","The New School","2020","Second major","'99'","Grand total","Master's degree","2","1","1","0","0","0","0","0","0","0","0","0","0","0","0","0","0","0","1","0","1","0","0","0","0","0","0","1","1","0","-2"
"193751","New York Chiropractic College","2020","First major","'99'","Grand total","Master's degree","135","34","101","1","1","0","6","2","4","5","1","4","8","3","5","0","0","0","86","20","66","12","4","8","9","1","8","8","2","6","-2"
"193751","New York Chiropractic College","2020","First major","'99'","Grand total","Doctor's degree - professional practice","154","88","66","0","0","0","9","5","4","4","3","1","13","8","5","0","0","0","80","44","36","8","5","3","6","2","4","34","21","13","-2"
"193821","New York Law School","2020","First major","'99'","Grand total","Master's degree","8","7","1","0","0","0","1","1","0","0","0","0","1","1","0","0","0","0","2","1","1","0","0","0","4","4","0","0","0","0","-2"
"193821","New York Law School","2020","First major","'99'","Grand total","Doctor's degree - professional practice","320","134","186","0","0","0","27","9","18","17","3","14","47","15","32","1","0","1","201","90","111","6","4","2","13","8","5","8","5","3","-2"
"193830","New York Medical College","2020","First major","'99'","Grand total","Master's degree","155","44","111","2","0","2","16","5","11","28","11","17","20","4","16","0","0","0","54","15","39","3","0","3","19","3","16","13","6","7","-2"
"193830","New York Medical College","2020","First major","'99'","Grand total","Doctor's degree - research/scholarship","11","3","8","0","0","0","1","0","1","2","0","2","0","0","0","0","0","0","2","2","0","0","0","0","0","0","0","6","1","5","-2"
"193830","New York Medical College","2020","First major","'99'","Grand total","Doctor's degree - professional practice","254","93","161","0","0","0","57","18","39","19","5","14","25","8","17","0","0","0","139","57","82","2","1","1","10","4","6","2","0","2","-2"
"193858","New York School for Medical and Dental Assistants","2020","First major","'99'","Grand total","Associate's degree","20","2","18","0","0","0","2","0","2","4","0","4","12","2","10","0","0","0","2","0","2","0","0","0","0","0","0","0","0","0","-2"
"193894","New York Theological Seminary","2020","First major","'99'","Grand total","Master's degree","58","28","30","1","0","1","0","0","0","34","14","20","4","2","2","0","0","0","5","1","4","0","0","0","11","11","0","3","0","3","-2"
"193894","New York Theological Seminary","2020","First major","'99'","Grand total","Doctor's degree - professional practice","36","21","15","0","0","0","9","7","2","17","8","9","6","4","2","0","0","0","3","1","2","0","0","0","0","0","0","1","1","0","-2"
"193900","New York University","2020","First major","'99'","Grand total","Associate's degree","88","17","71","0","0","0","23","5","18","7","3","4","13","1","12","0","0","0","29","2","27","2","1","1","6","2","4","8","3","5","-2"
"193900","New York University","2020","First major","'99'","Grand total","Bachelor's degree","6682","2715","3967","9","2","7","1314","553","761","393","139","254","891","361","530","11","2","9","2078","820","1258","303","102","201","416","169","247","1267","567","700","-2"
"193900","New York University","2020","First major","'99'","Grand total","Master's degree","9570","3923","5647","10","3","7","764","325","439","468","132","336","712","219","493","5","1","4","2598","990","1608","205","67","138","544","271","273","4264","1915","2349","-2"
"193900","New York University","2020","First major","'99'","Grand total","Doctor's degree - research/scholarship","422","227","195","0","0","0","27","7","20","9","4","5","23","4","19","0","0","0","135","70","65","9","4","5","28","19","9","191","119","72","-2"
"193900","New York University","2020","First major","'99'","Grand total","Doctor's degree - professional practice","1005","480","525","0","0","0","208","102","106","54","27","27","84","37","47","0","0","0","482","239","243","29","9","20","26","12","14","122","54","68","-2"
"193900","New York University","2020","First major","'99'","Grand total","Doctor's degree - other","43","12","31","0","0","0","8","5","3","4","1","3","5","0","5","0","0","0","15","3","12","2","0","2","6","1","5","3","2","1","-2"
"193900","New York University","2020","Second major","'99'","Grand total","Bachelor's degree","524","169","355","1","0","1","57","17","40","20","5","15","61","17","44","0","0","0","170","60","110","22","6","16","35","12","23","158","52","106","-2"
"193946","Niagara County Community College","2020","First major","'99'","Grand total","Associate's degree","837","337","500","17","8","9","14","6","8","68","20","48","25","7","18","0","0","0","658","268","390","32","15","17","20","12","8","3","1","2","-2"
"193973","Niagara University","2020","First major","'99'","Grand total","Associate's degree","1","0","1","0","0","0","0","0","0","0","0","0","0","0","0","0","0","0","1","0","1","0","0","0","0","0","0","0","0","0","-2"
"193973","Niagara University","2020","First major","'99'","Grand total","Bachelor's degree","766","248","518","3","1","2","6","3","3","34","6","28","23","15","8","0","0","0","482","159","323","17","6","11","15","5","10","186","53","133","-2"
"193973","Niagara University","2020","First major","'99'","Grand total","Master's degree","402","144","258","0","0","0","8","3","5","13","6","7","11","3","8","0","0","0","243","87","156","8","4","4","7","0","7","112","41","71","-2"
"193973","Niagara University","2020","First major","'99'","Grand total","Doctor's degree - research/scholarship","13","6","7","0","0","0","0","0","0","1","1","0","0","0","0","0","0","0","5","3","2","0","0","0","0","0","0","7","2","5","-2"
"193973","Niagara University","2020","Second major","'99'","Grand total","Bachelor's degree","3","1","2","0","0","0","0","0","0","0","0","0","0","0","0","0","0","0","2","1","1","0","0","0","1","0","1","0","0","0","-2"
"193973","Niagara University","2020","Second major","'99'","Grand total","Master's degree","2","2","0","0","0","0","0","0","0","0","0","0","0","0","0","0","0","0","2","2","0","0","0","0","0","0","0","0","0","0","-2"
"194028","North Country Community College","2020","First major","'99'","Grand total","Associate's degree","218","85","133","3","0","3","0","0","0","22","18","4","8","6","2","1","0","1","163","47","116","5","1","4","14","13","1","2","0","2","-2"
"194073","New York College of Podiatric Medicine","2020","First major","'99'","Grand total","Doctor's degree - professional practice","85","49","36","0","0","0","30","15","15","4","2","2","3","1","2","0","0","0","46","30","16","0","0","0","0","0","0","2","1","1","-2"
"194091","New York Institute of Technology","2020","First major","'99'","Grand total","Associate's degree","2","2","0","0","0","0","0","0","0","0","0","0","0","0","0","0","0","0","2","2","0","0","0","0","0","0","0","0","0","0","-2"
"194091","New York Institute of Technology","2020","First major","'99'","Grand total","Bachelor's degree","830","513","317","1","0","1","133","82","51","67","42","25","86","54","32","1","0","1","207","142","65","31","17","14","60","35","25","244","141","103","-2"
"194091","New York Institute of Technology","2020","First major","'99'","Grand total","Master's degree","665","332","333","0","0","0","58","31","27","21","10","11","48","14","34","1","1","0","184","63","121","6","4","2","34","12","22","313","197","116","-2"
"194091","New York Institute of Technology","2020","First major","'99'","Grand total","Doctor's degree - research/scholarship","0","0","0","0","0","0","0","0","0","0","0","0","0","0","0","0","0","0","0","0","0","0","0","0","0","0","0","0","0","0","-2"
"194091","New York Institute of Technology","2020","First major","'99'","Grand total","Doctor's degree - professional practice","423","239","184","0","0","0","129","63","66","13","8","5","11","7","4","0","0","0","224","132","92","7","6","1","38","23","15","1","0","1","-2"
"194116","New York School of Interior Design","2020","First major","'99'","Grand total","Associate's degree","25","3","22","0","0","0","1","1","0","0","0","0","1","0","1","0","0","0","19","2","17","0","0","0","1","0","1","3","0","3","-2"
"194116","New York School of Interior Design","2020","First major","'99'","Grand total","Bachelor's degree","31","6","25","0","0","0","1","0","1","0","0","0","4","0","4","0","0","0","20","3","17","0","0","0","2","1","1","4","2","2","-2"
"194116","New York School of Interior Design","2020","First major","'99'","Grand total","Master's degree","65","7","58","0","0","0","6","1","5","1","0","1","2","0","2","0","0","0","21","3","18","1","0","1","2","0","2","32","3","29","-2"
"194161","Nyack College","2020","First major","'99'","Grand total","Associate's degree","41","26","15","0","0","0","0","0","0","14","9","5","9","4","5","0","0","0","9","4","5","2","2","0","6","6","0","1","1","0","-2"
"194161","Nyack College","2020","First major","'99'","Grand total","Bachelor's degree","214","74","140","0","0","0","17","6","11","58","14","44","54","22","32","1","0","1","58","20","38","8","4","4","3","1","2","15","7","8","-2"
"194161","Nyack College","2020","First major","'99'","Grand total","Master's degree","217","77","140","0","0","0","41","13","28","51","15","36","59","19","40","0","0","0","45","25","20","6","1","5","3","0","3","12","4","8","-2"
"194161","Nyack College","2020","First major","'99'","Grand total","Doctor's degree - professional practice","11","10","1","0","0","0","0","0","0","1","1","0","0","0","0","0","0","0","10","9","1","0","0","0","0","0","0","0","0","0","-2"
"194161","Nyack College","2020","Second major","'99'","Grand total","Bachelor's degree","1","0","1","0","0","0","0","0","0","0","0","0","0","0","0","0","0","0","0","0","0","0","0","0","0","0","0","1","0","1","-2"
"194189","Ohr Hameir Theological Seminary","2020","First major","'99'","Grand total","Bachelor's degree","0","0","0","0","0","0","0","0","0","0","0","0","0","0","0","0","0","0","0","0","0","0","0","0","0","0","0","0","0","0","-2"
"194222","Onondaga Community College","2020","First major","'99'","Grand total","Associate's degree","1007","488","519","11","8","3","40","17","23","113","47","66","75","35","40","0","0","0","687","342","345","34","18","16","41","18","23","6","3","3","-2"
"194240","Orange County Community College","2020","First major","'99'","Grand total","Associate's degree","819","339","480","3","1","2","18","10","8","78","36","42","270","111","159","1","1","0","423","170","253","22","8","14","3","2","1","1","0","1","-2"
"194310","Pace University","2020","First major","'99'","Grand total","Associate's degree","14","13","1","0","0","0","0","0","0","4","3","1","1","1","0","0","0","0","8","8","0","0","0","0","1","1","0","0","0","0","-2"
"194310","Pace University","2020","First major","'99'","Grand total","Bachelor's degree","1934","698","1236","5","2","3","174","68","106","183","53","130","270","97","173","3","2","1","916","323","593","120","35","85","53","20","33","210","98","112","-2"
"194310","Pace University","2020","First major","'99'","Grand total","Master's degree","1492","537","955","0","0","0","138","46","92","174","47","127","156","41","115","1","0","1","557","198","359","49","16","33","84","22","62","333","167","166","-2"
"194310","Pace University","2020","First major","'99'","Grand total","Doctor's degree - research/scholarship","40","19","21","0","0","0","9","5","4","2","1","1","0","0","0","0","0","0","18","5","13","2","1","1","1","0","1","8","7","1","-2"
"194310","Pace University","2020","First major","'99'","Grand total","Doctor's degree - professional practice","216","72","144","2","1","1","14","2","12","25","4","21","24","10","14","2","1","1","133","50","83","4","0","4","8","3","5","4","1","3","-2"
"194310","Pace University","2020","Second major","'99'","Grand total","Bachelor's degree","1","0","1","0","0","0","0","0","0","0","0","0","0","0","0","0","0","0","0","0","0","1","0","1","0","0","0","0","0","0","-2"
"194392","Paul Smiths College of Arts and Science","2020","First major","'99'","Grand total","Associate's degree","45","29","16","2","1","1","1","1","0","0","0","0","1","1","0","0","0","0","41","26","15","0","0","0","0","0","0","0","0","0","-2"
"194392","Paul Smiths College of Arts and Science","2020","First major","'99'","Grand total","Bachelor's degree","141","90","51","1","0","1","0","0","0","4","3","1","6","4","2","0","0","0","125","80","45","0","0","0","5","3","2","0","0","0","-2"
"194499","Plaza College","2020","First major","'99'","Grand total","Associate's degree","223","45","178","0","0","0","23","4","19","56","12","44","71","15","56","0","0","0","51","12","39","22","2","20","0","0","0","0","0","0","-2"
"194499","Plaza College","2020","First major","'99'","Grand total","Bachelor's degree","68","14","54","0","0","0","8","1","7","22","4","18","22","5","17","0","0","0","9","2","7","7","2","5","0","0","0","0","0","0","-2"
"194569","Davis College","2020","First major","'99'","Grand total","Associate's degree","5","5","0","0","0","0","0","0","0","1","1","0","1","1","0","0","0","0","2","2","0","0","0","0","0","0","0","1","1","0","-2"
"194569","Davis College","2020","First major","'99'","Grand total","Bachelor's degree","19","10","9","0","0","0","0","0","0","5","3","2","0","0","0","0","0","0","12","6","6","1","1","0","0","0","0","1","0","1","-2"
"194578","Pratt Institute-Main","2020","First major","'99'","Grand total","Associate's degree","43","16","27","0","0","0","6","1","5","5","3","2","2","0","2","0","0","0","13","7","6","4","0","4","0","0","0","13","5","8","-2"
"194578","Pratt Institute-Main","2020","First major","'99'","Grand total","Bachelor's degree","800","229","571","0","0","0","99","23","76","29","9","20","69","21","48","2","1","1","319","102","217","27","6","21","9","1","8","246","66","180","-2"
"194578","Pratt Institute-Main","2020","First major","'99'","Grand total","Master's degree","491","126","365","1","1","0","35","7","28","27","5","22","36","11","25","0","0","0","142","43","99","9","2","7","5","2","3","236","55","181","-2"
"194657","Rabbinical Academy Mesivta Rabbi Chaim Berlin","2020","First major","'99'","Grand total","Bachelor's degree","22","22","0","0","0","0","0","0","0","0","0","0","0","0","0","0","0","0","22","22","0","0","0","0","0","0","0","0","0","0","-2"
"194657","Rabbinical Academy Mesivta Rabbi Chaim Berlin","2020","First major","'99'","Grand total","Master's degree","28","28","0","0","0","0","0","0","0","0","0","0","0","0","0","0","0","0","28","28","0","0","0","0","0","0","0","0","0","0","-2"
"194666","Rabbinical College Bobover Yeshiva Bnei Zion","2020","First major","'99'","Grand total","Bachelor's degree","81","81","0","0","0","0","0","0","0","0","0","0","0","0","0","0","0","0","81","81","0","0","0","0","0","0","0","0","0","0","-2"
"194666","Rabbinical College Bobover Yeshiva Bnei Zion","2020","First major","'99'","Grand total","Master's degree","11","11","0","0","0","0","0","0","0","0","0","0","0","0","0","0","0","0","11","11","0","0","0","0","0","0","0","0","0","0","-2"
"194693","Rabbinical College Beth Shraga","2020","First major","'99'","Grand total","Associate's degree","5","5","0","0","0","0","0","0","0","0","0","0","0","0","0","0","0","0","5","5","0","0","0","0","0","0","0","0","0","0","-2"
"194693","Rabbinical College Beth Shraga","2020","First major","'99'","Grand total","Bachelor's degree","0","0","0","0","0","0","0","0","0","0","0","0","0","0","0","0","0","0","0","0","0","0","0","0","0","0","0","0","0","0","-2"
"194718","Rabbinical Seminary Mkor Chaim","2020","First major","'99'","Grand total","Bachelor's degree","0","0","0","0","0","0","0","0","0","0","0","0","0","0","0","0","0","0","0","0","0","0","0","0","0","0","0","0","0","0","-2"
"194736","Rabbinical College of Long Island","2020","First major","'99'","Grand total","Bachelor's degree","18","18","0","0","0","0","0","0","0","0","0","0","0","0","0","0","0","0","18","18","0","0","0","0","0","0","0","0","0","0","-2"
"194763","Rabbinical Seminary of America","2020","First major","'99'","Grand total","Bachelor's degree","50","50","0","0","0","0","0","0","0","0","0","0","0","0","0","0","0","0","50","50","0","0","0","0","0","0","0","0","0","0","-2"
"194763","Rabbinical Seminary of America","2020","First major","'99'","Grand total","Master's degree","20","20","0","0","0","0","0","0","0","0","0","0","0","0","0","0","0","0","20","20","0","0","0","0","0","0","0","0","0","0","-2"
"194763","Rabbinical Seminary of America","2020","First major","'99'","Grand total","Doctor's degree - other","0","0","0","0","0","0","0","0","0","0","0","0","0","0","0","0","0","0","0","0","0","0","0","0","0","0","0","0","0","0","-2"
"194824","Rensselaer Polytechnic Institute","2020","First major","'99'","Grand total","Bachelor's degree","1573","1069","504","1","0","1","176","116","60","49","37","12","154","104","50","1","0","1","851","576","275","108","68","40","21","13","8","212","155","57","-2"
"194824","Rensselaer Polytechnic Institute","2020","First major","'99'","Grand total","Master's degree","390","240","150","0","0","0","28","16","12","11","7","4","19","14","5","0","0","0","143","94","49","17","7","10","4","4","0","168","98","70","-2"
"194824","Rensselaer Polytechnic Institute","2020","First major","'99'","Grand total","Doctor's degree - research/scholarship","130","89","41","0","0","0","3","3","0","2","1","1","3","1","2","0","0","0","51","35","16","5","4","1","2","1","1","64","44","20","-2"
"194958","Roberts Wesleyan College","2020","First major","'99'","Grand total","Associate's degree","0","0","0","0","0","0","0","0","0","0","0","0","0","0","0","0","0","0","0","0","0","0","0","0","0","0","0","0","0","0","-2"
"194958","Roberts Wesleyan College","2020","First major","'99'","Grand total","Bachelor's degree","415","112","303","1","1","0","10","5","5","37","9","28","25","1","24","0","0","0","308","84","224","17","4","13","2","0","2","15","8","7","-2"
"194958","Roberts Wesleyan College","2020","First major","'99'","Grand total","Master's degree","204","34","170","0","0","0","2","0","2","21","3","18","9","3","6","0","0","0","167","25","142","3","1","2","1","1","0","1","1","0","-2"
"194958","Roberts Wesleyan College","2020","First major","'99'","Grand total","Doctor's degree - professional practice","0","0","0","0","0","0","0","0","0","0","0","0","0","0","0","0","0","0","0","0","0","0","0","0","0","0","0","0","0","0","-2"
"194958","Roberts Wesleyan College","2020","Second major","'99'","Grand total","Bachelor's degree","8","3","5","0","0","0","0","0","0","0","0","0","1","0","1","0","0","0","6","3","3","1","0","1","0","0","0","0","0","0","-2"
"195003","Rochester Institute of Technology","2020","First major","'99'","Grand total","Associate's degree","108","62","46","2","0","2","14","10","4","9","8","1","11","6","5","0","0","0","60","30","30","1","0","1","2","1","1","9","7","2","-2"
"195003","Rochester Institute of Technology","2020","First major","'99'","Grand total","Bachelor's degree","2717","1762","955","2","2","0","257","164","93","124","73","51","186","115","71","1","0","1","1818","1213","605","95","55","40","62","36","26","172","104","68","-2"
"195003","Rochester Institute of Technology","2020","First major","'99'","Grand total","Master's degree","1083","662","421","0","0","0","48","25","23","16","10","6","31","16","15","0","0","0","400","239","161","19","14","5","25","14","11","544","344","200","-2"
"195003","Rochester Institute of Technology","2020","First major","'99'","Grand total","Doctor's degree - research/scholarship","48","36","12","0","0","0","0","0","0","0","0","0","2","0","2","0","0","0","13","11","2","1","0","1","0","0","0","32","25","7","-2"
"195003","Rochester Institute of Technology","2020","Second major","'99'","Grand total","Bachelor's degree","84","39","45","0","0","0","9","3","6","3","0","3","10","5","5","0","0","0","44","26","18","4","1","3","2","2","0","12","2","10","-2"
"195030","University of Rochester","2020","First major","'99'","Grand total","Bachelor's degree","1906","912","994","5","3","2","231","119","112","79","34","45","107","50","57","1","1","0","848","399","449","50","17","33","99","53","46","486","236","250","-2"
"195030","University of Rochester","2020","First major","'99'","Grand total","Master's degree","1403","641","762","0","0","0","58","21","37","43","20","23","49","28","21","0","0","0","476","218","258","27","11","16","27","16","11","723","327","396","-2"
"195030","University of Rochester","2020","First major","'99'","Grand total","Doctor's degree - research/scholarship","260","148","112","1","1","0","8","3","5","7","4","3","13","6","7","0","0","0","124","67","57","4","2","2","19","10","9","84","55","29","-2"
"195030","University of Rochester","2020","First major","'99'","Grand total","Doctor's degree - professional practice","106","58","48","0","0","0","9","7","2","15","7","8","5","3","2","0","0","0","58","33","25","3","0","3","15","8","7","1","0","1","-2"
"195030","University of Rochester","2020","Second major","'99'","Grand total","Bachelor's degree","193","76","117","3","3","0","14","5","9","5","2","3","12","3","9","0","0","0","87","27","60","8","4","4","10","6","4","54","26","28","-2"
"195030","University of Rochester","2020","Second major","'99'","Grand total","Master's degree","1","0","1","0","0","0","0","0","0","0","0","0","0","0","0","0","0","0","0","0","0","1","0","1","0","0","0","0","0","0","-2"
"195049","Rockefeller University","2020","First major","'99'","Grand total","Master's degree","6","4","2","0","0","0","1","0","1","0","0","0","0","0","0","0","0","0","3","2","1","0","0","0","0","0","0","2","2","0","-2"
"195049","Rockefeller University","2020","First major","'99'","Grand total","Doctor's degree - research/scholarship","30","17","13","0","0","0","1","1","0","0","0","0","4","3","1","0","0","0","21","10","11","0","0","0","0","0","0","4","3","1","-2"
"195058","Rockland Community College","2020","First major","'99'","Grand total","Associate's degree","858","381","477","2","1","1","56","35","21","144","66","78","227","80","147","0","0","0","341","160","181","20","8","12","53","23","30","15","8","7","-2"
"195058","Rockland Community College","2020","Second major","'99'","Grand total","Associate's degree","6","1","5","0","0","0","0","0","0","1","0","1","2","1","1","0","0","0","1","0","1","0","0","0","1","0","1","1","0","1","-2"
"195128","Russell Sage College","2020","First major","'99'","Grand total","Associate's degree","0","0","0","0","0","0","0","0","0","0","0","0","0","0","0","0","0","0","0","0","0","0","0","0","0","0","0","0","0","0","-2"
"195128","Russell Sage College","2020","First major","'99'","Grand total","Bachelor's degree","354","82","272","1","0","1","13","2","11","48","19","29","30","13","17","2","0","2","231","43","188","10","1","9","16","3","13","3","1","2","-2"
"195128","Russell Sage College","2020","First major","'99'","Grand total","Master's degree","275","43","232","2","0","2","12","2","10","18","3","15","12","2","10","0","0","0","189","31","158","5","1","4","37","4","33","0","0","0","-2"
"195128","Russell Sage College","2020","First major","'99'","Grand total","Doctor's degree - research/scholarship","42","9","33","0","0","0","3","1","2","10","1","9","9","2","7","0","0","0","14","4","10","1","1","0","3","0","3","2","0","2","-2"
"195128","Russell Sage College","2020","First major","'99'","Grand total","Doctor's degree - professional practice","30","12","18","0","0","0","0","0","0","0","0","0","1","1","0","0","0","0","27","10","17","0","0","0","2","1","1","0","0","0","-2"
"195155","St Bernard's School of Theology and Ministry","2020","First major","'99'","Grand total","Master's degree","10","4","6","0","0","0","0","0","0","0","0","0","0","0","0","0","0","0","10","4","6","0","0","0","0","0","0","0","0","0","-2"
"195164","St Bonaventure University","2020","First major","'99'","Grand total","Bachelor's degree","346","178","168","1","0","1","12","8","4","20","13","7","24","12","12","0","0","0","256","127","129","4","1","3","19","9","10","10","8","2","-2"
"195164","St Bonaventure University","2020","First major","'99'","Grand total","Master's degree","188","79","109","4","0","4","3","1","2","6","2","4","8","4","4","0","0","0","148","62","86","2","1","1","13","6","7","4","3","1","-2"
"195164","St Bonaventure University","2020","Second major","'99'","Grand total","Bachelor's degree","38","15","23","0","0","0","0","0","0","0","0","0","3","2","1","0","0","0","30","11","19","1","0","1","2","0","2","2","2","0","-2"
"195173","St Francis College","2020","First major","'99'","Grand total","Associate's degree","34","12","22","0","0","0","1","1","0","5","1","4","11","3","8","0","0","0","11","4","7","0","0","0","3","3","0","3","0","3","-2"
"195173","St Francis College","2020","First major","'99'","Grand total","Bachelor's degree","513","197","316","2","0","2","22","9","13","71","25","46","109","31","78","4","0","4","189","76","113","23","9","14","35","13","22","58","34","24","-2"
"195173","St Francis College","2020","First major","'99'","Grand total","Master's degree","48","18","30","0","0","0","2","0","2","9","2","7","6","3","3","1","0","1","20","9","11","1","0","1","6","4","2","3","0","3","-2"
"195191","St. Joseph's College of Nursing","2020","First major","'99'","Grand total","Associate's degree","141","12","129","0","0","0","6","1","5","9","1","8","2","0","2","0","0","0","113","8","105","4","1","3","7","1","6","0","0","0","-2"
"195216","St Lawrence University","2020","First major","'99'","Grand total","Bachelor's degree","514","217","297","0","0","0","6","0","6","12","8","4","18","6","12","0","0","0","420","173","247","7","1","6","5","4","1","46","25","21","-2"
"195216","St Lawrence University","2020","First major","'99'","Grand total","Master's degree","26","9","17","5","1","4","1","1","0","3","1","2","1","1","0","0","0","0","14","5","9","0","0","0","0","0","0","2","0","2","-2"
"195216","St Lawrence University","2020","Second major","'99'","Grand total","Bachelor's degree","188","84","104","0","0","0","3","0","3","3","2","1","4","1","3","0","0","0","152","67","85","4","0","4","2","2","0","20","12","8","-2"
"195234","The College of Saint Rose","2020","First major","'99'","Grand total","Bachelor's degree","503","158","345","2","1","1","16","2","14","64","14","50","24","10","14","0","0","0","320","104","216","43","10","33","13","4","9","21","13","8","-2"
"195234","The College of Saint Rose","2020","First major","'99'","Grand total","Master's degree","394","82","312","0","0","0","12","4","8","47","11","36","24","6","18","0","0","0","212","38","174","28","5","23","44","3","41","27","15","12","-2"
"195243","St. Thomas Aquinas College","2020","First major","'99'","Grand total","Associate's degree","5","4","1","0","0","0","0","0","0","2","2","0","0","0","0","0","0","0","3","2","1","0","0","0","0","0","0","0","0","0","-2"
"195243","St. Thomas Aquinas College","2020","First major","'99'","Grand total","Bachelor's degree","259","99","160","0","0","0","5","3","2","28","15","13","53","21","32","0","0","0","149","46","103","1","0","1","11","7","4","12","7","5","-2"
"195243","St. Thomas Aquinas College","2020","First major","'99'","Grand total","Master's degree","64","17","47","0","0","0","1","0","1","3","1","2","9","4","5","0","0","0","38","10","28","4","0","4","6","1","5","3","1","2","-2"
"195289","Samaritan Hospital School of Nursing","2020","First major","'99'","Grand total","Associate's degree","59","5","54","0","0","0","3","0","3","4","1","3","0","0","0","0","0","0","52","4","48","0","0","0","0","0","0","0","0","0","-2"
"195304","Sarah Lawrence College","2020","First major","'99'","Grand total","Bachelor's degree","316","72","244","0","0","0","13","4","9","14","6","8","22","1","21","0","0","0","190","44","146","20","4","16","18","3","15","39","10","29","-2"
"195304","Sarah Lawrence College","2020","First major","'99'","Grand total","Master's degree","129","21","108","0","0","0","3","0","3","12","1","11","13","3","10","0","0","0","81","15","66","5","0","5","1","0","1","14","2","12","-2"
"195322","Schenectady County Community College","2020","First major","'99'","Grand total","Associate's degree","410","178","232","4","1","3","30","11","19","51","17","34","26","8","18","3","0","3","285","138","147","10","3","7","0","0","0","1","0","1","-2"
"195322","Schenectady County Community College","2020","Second major","'99'","Grand total","Associate's degree","1","0","1","0","0","0","0","0","0","0","0","0","0","0","0","0","0","0","1","0","1","0","0","0","0","0","0","0","0","0","-2"
"195438","Sh'or Yoshuv Rabbinical College","2020","First major","'99'","Grand total","Bachelor's degree","2","2","0","0","0","0","0","0","0","0","0","0","0","0","0","0","0","0","1","1","0","0","0","0","0","0","0","1","1","0","-2"
"195438","Sh'or Yoshuv Rabbinical College","2020","First major","'99'","Grand total","Master's degree","0","0","0","0","0","0","0","0","0","0","0","0","0","0","0","0","0","0","0","0","0","0","0","0","0","0","0","0","0","0","-2"
"195474","Siena College","2020","First major","'99'","Grand total","Bachelor's degree","735","324","411","0","0","0","34","11","23","26","9","17","53","23","30","1","0","1","575","257","318","15","5","10","3","2","1","28","17","11","-2"
"195474","Siena College","2020","First major","'99'","Grand total","Master's degree","61","30","31","1","1","0","2","0","2","3","1","2","3","1","2","0","0","0","50","27","23","2","0","2","0","0","0","0","0","0","-2"
"195474","Siena College","2020","Second major","'99'","Grand total","Bachelor's degree","34","19","15","0","0","0","2","0","2","2","1","1","0","0","0","0","0","0","27","15","12","2","2","0","0","0","0","1","1","0","-2"
"195526","Skidmore College","2020","First major","'99'","Grand total","Bachelor's degree","650","261","389","0","0","0","29","9","20","27","14","13","66","28","38","0","0","0","409","157","252","34","14","20","18","8","10","67","31","36","-2"
"195526","Skidmore College","2020","First major","'99'","Grand total","Master's degree","1","0","1","0","0","0","0","0","0","0","0","0","0","0","0","0","0","0","1","0","1","0","0","0","0","0","0","0","0","0","-2"
"195526","Skidmore College","2020","Second major","'99'","Grand total","Bachelor's degree","117","36","81","0","0","0","8","3","5","5","3","2","10","2","8","0","0","0","71","20","51","4","1","3","2","1","1","17","6","11","-2"
"195544","St. Joseph's College-New York","2020","First major","'99'","Grand total","Bachelor's degree","1006","326","680","1","1","0","27","4","23","63","15","48","139","42","97","1","0","1","574","187","387","19","6","13","182","71","111","0","0","0","-2"
"195544","St. Joseph's College-New York","2020","First major","'99'","Grand total","Master's degree","424","105","319","1","0","1","12","5","7","58","12","46","40","10","30","1","1","0","234","60","174","4","0","4","74","17","57","0","0","0","-2"
"195580","Saint Vladimirs Orthodox Theological Seminary","2020","First major","'99'","Grand total","Master's degree","31","28","3","0","0","0","3","2","1","1","1","0","0","0","0","0","0","0","21","19","2","0","0","0","0","0","0","6","6","0","-2"
"195580","Saint Vladimirs Orthodox Theological Seminary","2020","First major","'99'","Grand total","Doctor's degree - professional practice","4","3","1","0","0","0","0","0","0","0","0","0","0","0","0","0","0","0","3","2","1","0","0","0","0","0","0","1","1","0","-2"
"195702","Saint Elizabeth College of Nursing","2020","First major","'99'","Grand total","Associate's degree","82","9","73","0","0","0","4","0","4","1","0","1","2","0","2","0","0","0","73","8","65","2","1","1","0","0","0","0","0","0","-2"
"195720","Saint John Fisher College","2020","First major","'99'","Grand total","Bachelor's degree","677","262","415","3","1","2","18","4","14","21","9","12","50","18","32","0","0","0","572","222","350","5","4","1","6","3","3","2","1","1","-2"
"195720","Saint John Fisher College","2020","First major","'99'","Grand total","Master's degree","209","59","150","0","0","0","3","0","3","11","2","9","8","2","6","0","0","0","175","50","125","1","1","0","10","4","6","1","0","1","-2"
"195720","Saint John Fisher College","2020","First major","'99'","Grand total","Doctor's degree - research/scholarship","42","16","26","0","0","0","0","0","0","20","8","12","3","1","2","0","0","0","17","5","12","0","0","0","2","2","0","0","0","0","-2"
"195720","Saint John Fisher College","2020","First major","'99'","Grand total","Doctor's degree - professional practice","78","34","44","0","0","0","9","5","4","2","0","2","2","1","1","0","0","0","62","28","34","1","0","1","2","0","2","0","0","0","-2"
"195720","Saint John Fisher College","2020","Second major","'99'","Grand total","Bachelor's degree","72","27","45","0","0","0","5","0","5","0","0","0","6","1","5","0","0","0","61","26","35","0","0","0","0","0","0","0","0","0","-2"
"195784","St Paul's School of Nursing-Staten Island","2020","First major","'99'","Grand total","Associate's degree","166","12","154","0","0","0","4","1","3","28","3","25","32","3","29","2","0","2","66","2","64","6","0","6","28","3","25","0","0","0","-2"
"195809","St. John's University-New York","2020","First major","'99'","Grand total","Associate's degree","11","8","3","0","0","0","2","2","0","1","1","0","1","1","0","1","0","1","6","4","2","0","0","0","0","0","0","0","0","0","-2"
"195809","St. John's University-New York","2020","First major","'99'","Grand total","Bachelor's degree","2613","1096","1517","15","4","11","333","132","201","391","132","259","253","102","151","5","2","3","1174","533","641","150","55","95","129","64","65","163","72","91","-2"
"195809","St. John's University-New York","2020","First major","'99'","Grand total","Master's degree","1201","468","733","2","0","2","120","45","75","161","48","113","173","61","112","1","1","0","471","193","278","43","18","25","50","24","26","180","78","102","-2"
"195809","St. John's University-New York","2020","First major","'99'","Grand total","Doctor's degree - research/scholarship","124","41","83","1","0","1","11","3","8","9","1","8","5","3","2","0","0","0","78","26","52","1","0","1","6","2","4","13","6","7","-2"
"195809","St. John's University-New York","2020","First major","'99'","Grand total","Doctor's degree - professional practice","488","221","267","0","0","0","155","60","95","24","7","17","26","8","18","2","1","1","240","130","110","7","5","2","20","5","15","14","5","9","-2"
"195809","St. John's University-New York","2020","Second major","'99'","Grand total","Bachelor's degree","33","7","26","0","0","0","5","3","2","2","1","1","0","0","0","0","0","0","19","3","16","1","0","1","1","0","1","5","0","5","-2"
"195988","Sullivan County Community College","2020","First major","'99'","Grand total","Associate's degree","204","71","133","0","0","0","5","2","3","38","18","20","37","14","23","0","0","0","105","32","73","8","2","6","11","3","8","0","0","0","-2"
"196006","SUNY College of Technology at Alfred","2020","First major","'99'","Grand total","Associate's degree","661","405","256","3","1","2","9","4","5","72","34","38","44","25","19","1","1","0","509","331","178","20","9","11","0","0","0","3","0","3","-2"
"196006","SUNY College of Technology at Alfred","2020","First major","'99'","Grand total","Bachelor's degree","382","232","150","0","0","0","3","1","2","42","31","11","23","13","10","0","0","0","300","178","122","12","9","3","0","0","0","2","0","2","-2"
"196015","SUNY College of Technology at Canton","2020","First major","'99'","Grand total","Associate's degree","348","133","215","10","2","8","5","4","1","29","10","19","33","11","22","0","0","0","243","95","148","8","3","5","8","2","6","12","6","6","-2"
"196015","SUNY College of Technology at Canton","2020","First major","'99'","Grand total","Bachelor's degree","463","172","291","3","1","2","6","2","4","46","15","31","49","23","26","0","0","0","321","110","211","14","7","7","7","3","4","17","11","6","-2"
"196024","SUNY College of Technology at Delhi","2020","First major","'99'","Grand total","Associate's degree","451","220","231","2","1","1","5","3","2","69","25","44","64","26","38","1","1","0","279","147","132","17","8","9","10","8","2","4","1","3","-2"
"196024","SUNY College of Technology at Delhi","2020","First major","'99'","Grand total","Bachelor's degree","449","149","300","4","1","3","13","5","8","54","20","34","40","19","21","0","0","0","305","93","212","14","4","10","16","7","9","3","0","3","-2"
"196024","SUNY College of Technology at Delhi","2020","First major","'99'","Grand total","Master's degree","16","2","14","0","0","0","0","0","0","0","0","0","2","0","2","0","0","0","12","2","10","0","0","0","2","0","2","0","0","0","-2"
"196033","SUNY College of Agriculture and Technology at Cobleskill","2020","First major","'99'","Grand total","Associate's degree","212","106","106","0","0","0","2","0","2","16","5","11","23","13","10","0","0","0","166","84","82","2","2","0","3","2","1","0","0","0","-2"
"196033","SUNY College of Agriculture and Technology at Cobleskill","2020","First major","'99'","Grand total","Bachelor's degree","407","172","235","2","1","1","3","1","2","42","22","20","38","10","28","0","0","0","293","125","168","14","2","12","0","0","0","15","11","4","-2"
"196042","Farmingdale State College","2020","First major","'99'","Grand total","Associate's degree","280","126","154","1","0","1","14","7","7","23","11","12","53","22","31","1","1","0","172","80","92","8","2","6","2","2","0","6","1","5","-2"
"196042","Farmingdale State College","2020","First major","'99'","Grand total","Bachelor's degree","1895","1050","845","5","4","1","172","103","69","171","88","83","440","210","230","6","3","3","1020","589","431","45","27","18","5","3","2","31","23","8","-2"
"196042","Farmingdale State College","2020","First major","'99'","Grand total","Master's degree","25","22","3","0","0","0","5","4","1","3","3","0","4","3","1","0","0","0","11","10","1","1","1","0","0","0","0","1","1","0","-2"
"196042","Farmingdale State College","2020","Second major","'99'","Grand total","Bachelor's degree","9","9","0","0","0","0","5","5","0","0","0","0","1","1","0","0","0","0","3","3","0","0","0","0","0","0","0","0","0","0","-2"
"196051","SUNY Morrisville","2020","First major","'99'","Grand total","Associate's degree","349","127","222","0","0","0","3","3","0","33","15","18","15","7","8","0","0","0","278","97","181","5","2","3","12","1","11","3","2","1","-2"
"196051","SUNY Morrisville","2020","First major","'99'","Grand total","Bachelor's degree","230","118","112","2","0","2","2","2","0","24","15","9","20","10","10","0","0","0","167","86","81","6","2","4","2","0","2","7","3","4","-2"
"196060","SUNY at Albany","2020","First major","'99'","Grand total","Bachelor's degree","3329","1567","1762","2","2","0","273","137","136","566","202","364","536","225","311","0","0","0","1540","794","746","100","51","49","97","37","60","215","119","96","-2"
"196060","SUNY at Albany","2020","First major","'99'","Grand total","Master's degree","1209","430","779","1","1","0","66","28","38","97","31","66","105","30","75","0","0","0","708","232","476","28","4","24","46","20","26","158","84","74","-2"
"196060","SUNY at Albany","2020","First major","'99'","Grand total","Doctor's degree - research/scholarship","140","58","82","0","0","0","10","4","6","4","1","3","3","1","2","0","0","0","73","30","43","3","1","2","3","0","3","44","21","23","-2"
"196060","SUNY at Albany","2020","First major","'99'","Grand total","Doctor's degree - professional practice","9","3","6","0","0","0","0","0","0","1","1","0","1","0","1","0","0","0","5","2","3","0","0","0","1","0","1","1","0","1","-2"
"196060","SUNY at Albany","2020","Second major","'99'","Grand total","Bachelor's degree","361","148","213","0","0","0","23","10","13","48","9","39","63","20","43","0","0","0","189","90","99","14","10","4","7","1","6","17","8","9","-2"
"196079","Binghamton University","2020","First major","'99'","Grand total","Bachelor's degree","3596","1716","1880","2","2","0","451","213","238","171","61","110","416","193","223","3","3","0","2133","1029","1104","75","32","43","57","28","29","288","155","133","-2"
"196079","Binghamton University","2020","First major","'99'","Grand total","Master's degree","1213","654","559","0","0","0","96","52","44","62","27","35","68","33","35","0","0","0","600","301","299","29","10","19","11","7","4","347","224","123","-2"
"196079","Binghamton University","2020","First major","'99'","Grand total","Doctor's degree - research/scholarship","174","91","83","0","0","0","2","1","1","7","3","4","7","2","5","0","0","0","48","24","24","0","0","0","12","5","7","98","56","42","-2"
"196079","Binghamton University","2020","First major","'99'","Grand total","Doctor's degree - professional practice","7","0","7","0","0","0","0","0","0","1","0","1","0","0","0","0","0","0","5","0","5","0","0","0","0","0","0","1","0","1","-2"
"196079","Binghamton University","2020","Second major","'99'","Grand total","Bachelor's degree","306","135","171","1","1","0","25","7","18","14","8","6","40","20","20","1","1","0","204","91","113","7","1","6","2","0","2","12","6","6","-2"
"196088","University at Buffalo","2020","First major","'99'","Grand total","Associate's degree","0","0","0","0","0","0","0","0","0","0","0","0","0","0","0","0","0","0","0","0","0","0","0","0","0","0","0","0","0","0","-2"
"196088","University at Buffalo","2020","First major","'99'","Grand total","Bachelor's degree","5046","2692","2354","15","7","8","661","366","295","344","150","194","329","171","158","5","2","3","2449","1391","1058","114","54","60","248","150","98","881","401","480","-2"
"196088","University at Buffalo","2020","First major","'99'","Grand total","Master's degree","2423","1270","1153","4","3","1","131","73","58","82","28","54","57","30","27","0","0","0","948","387","561","26","9","17","139","62","77","1036","678","358","-2"
"196088","University at Buffalo","2020","First major","'99'","Grand total","Doctor's degree - research/scholarship","359","193","166","2","1","1","18","6","12","8","4","4","8","3","5","0","0","0","140","68","72","1","1","0","28","13","15","154","97","57","-2"
"196088","University at Buffalo","2020","First major","'99'","Grand total","Doctor's degree - professional practice","625","269","356","0","0","0","121","49","72","31","13","18","22","12","10","0","0","0","371","161","210","15","7","8","39","19","20","26","8","18","-2"
"196088","University at Buffalo","2020","Second major","'99'","Grand total","Bachelor's degree","537","232","305","0","0","0","56","24","32","31","11","20","28","7","21","1","0","1","287","144","143","11","6","5","34","14","20","89","26","63","-2"
"196088","University at Buffalo","2020","Second major","'99'","Grand total","Master's degree","27","12","15","0","0","0","4","1","3","3","1","2","3","1","2","0","0","0","13","7","6","0","0","0","1","1","0","3","1","2","-2"
"196088","University at Buffalo","2020","Second major","'99'","Grand total","Doctor's degree - research/scholarship","3","2","1","0","0","0","1","1","0","0","0","0","0","0","0","0","0","0","2","1","1","0","0","0","0","0","0","0","0","0","-2"
"196097","Stony Brook University","2020","First major","'99'","Grand total","Bachelor's degree","4497","2197","2300","2","2","0","1082","565","517","286","115","171","530","207","323","3","1","2","1540","752","788","114","56","58","271","140","131","669","359","310","-2"
"196097","Stony Brook University","2020","First major","'99'","Grand total","Master's degree","2043","808","1235","3","0","3","192","101","91","142","37","105","182","49","133","4","2","2","872","253","619","37","14","23","162","47","115","449","305","144","-2"
"196097","Stony Brook University","2020","First major","'99'","Grand total","Doctor's degree - research/scholarship","335","197","138","0","0","0","18","13","5","10","5","5","11","3","8","0","0","0","111","58","53","7","1","6","11","5","6","167","112","55","-2"
"196097","Stony Brook University","2020","First major","'99'","Grand total","Doctor's degree - professional practice","204","91","113","0","0","0","57","18","39","12","1","11","15","9","6","0","0","0","101","55","46","5","2","3","12","5","7","2","1","1","-2"
"196097","Stony Brook University","2020","Second major","'99'","Grand total","Bachelor's degree","567","288","279","0","0","0","152","79","73","18","5","13","44","15","29","1","0","1","167","90","77","18","10","8","33","21","12","134","68","66","-2"
"196103","SUNY College of Environmental Science and Forestry","2020","First major","'99'","Grand total","Associate's degree","53","37","16","0","0","0","1","0","1","0","0","0","2","2","0","0","0","0","50","35","15","0","0","0","0","0","0","0","0","0","-2"
"196103","SUNY College of Environmental Science and Forestry","2020","First major","'99'","Grand total","Bachelor's degree","483","254","229","0","0","0","16","6","10","4","2","2","19","8","11","0","0","0","369","192","177","6","3","3","20","14","6","49","29","20","-2"
"196103","SUNY College of Environmental Science and Forestry","2020","First major","'99'","Grand total","Master's degree","81","38","43","0","0","0","5","2","3","2","0","2","0","0","0","0","0","0","57","30","27","0","0","0","1","0","1","16","6","10","-2"
"196103","SUNY College of Environmental Science and Forestry","2020","First major","'99'","Grand total","Doctor's degree - research/scholarship","20","11","9","0","0","0","1","1","0","0","0","0","0","0","0","0","0","0","12","5","7","0","0","0","0","0","0","7","5","2","-2"
"196103","SUNY College of Environmental Science and Forestry","2020","Second major","'99'","Grand total","Bachelor's degree","1","1","0","0","0","0","0","0","0","0","0","0","0","0","0","0","0","0","1","1","0","0","0","0","0","0","0","0","0","0","-2"
"196112","SUNY Polytechnic Institute","2020","First major","'99'","Grand total","Bachelor's degree","519","337","182","0","0","0","46","28","18","30","15","15","31","20","11","1","1","0","396","261","135","9","6","3","0","0","0","6","6","0","-2"
"196112","SUNY Polytechnic Institute","2020","First major","'99'","Grand total","Master's degree","198","77","121","1","0","1","14","5","9","6","1","5","10","2","8","0","0","0","119","36","83","6","3","3","0","0","0","42","30","12","-2"
"196112","SUNY Polytechnic Institute","2020","First major","'99'","Grand total","Doctor's degree - research/scholarship","7","3","4","0","0","0","2","1","1","0","0","0","0","0","0","0","0","0","2","1","1","0","0","0","0","0","0","3","1","2","-2"
"196121","SUNY Brockport","2020","First major","'99'","Grand total","Bachelor's degree","1870","718","1152","4","0","4","48","24","24","195","58","137","118","44","74","1","0","1","1345","536","809","44","15","29","100","34","66","15","7","8","-2"
"196121","SUNY Brockport","2020","First major","'99'","Grand total","Master's degree","337","116","221","0","0","0","6","2","4","25","10","15","22","4","18","0","0","0","252","85","167","10","6","4","20","9","11","2","0","2","-2"
"196121","SUNY Brockport","2020","Second major","'99'","Grand total","Bachelor's degree","152","53","99","2","0","2","4","1","3","15","1","14","11","3","8","0","0","0","101","43","58","6","1","5","12","4","8","1","0","1","-2"
"196130","SUNY Buffalo State","2020","First major","'99'","Grand total","Bachelor's degree","1568","624","944","3","0","3","57","30","27","425","150","275","172","60","112","2","1","1","838","353","485","48","14","34","1","0","1","22","16","6","-2"
"196130","SUNY Buffalo State","2020","First major","'99'","Grand total","Master's degree","486","125","361","2","1","1","8","2","6","59","15","44","20","5","15","0","0","0","316","77","239","6","2","4","65","19","46","10","4","6","-2"
"196130","SUNY Buffalo State","2020","Second major","'99'","Grand total","Bachelor's degree","28","9","19","0","0","0","0","0","0","4","1","3","6","1","5","0","0","0","18","7","11","0","0","0","0","0","0","0","0","0","-2"
"196149","SUNY Cortland","2020","First major","'99'","Grand total","Bachelor's degree","1570","671","899","3","1","2","27","10","17","113","45","68","180","79","101","1","0","1","1142","484","658","26","13","13","66","31","35","12","8","4","-2"
"196149","SUNY Cortland","2020","First major","'99'","Grand total","Master's degree","182","65","117","0","0","0","2","0","2","3","1","2","4","1","3","0","0","0","157","61","96","2","0","2","11","0","11","3","2","1","-2"
"196149","SUNY Cortland","2020","Second major","'99'","Grand total","Bachelor's degree","58","26","32","0","0","0","0","0","0","9","3","6","11","3","8","0","0","0","36","19","17","0","0","0","2","1","1","0","0","0","-2"
"196158","SUNY at Fredonia","2020","First major","'99'","Grand total","Bachelor's degree","911","368","543","2","0","2","16","1","15","53","17","36","74","26","48","0","0","0","705","294","411","29","13","16","20","10","10","12","7","5","-2"
"196158","SUNY at Fredonia","2020","First major","'99'","Grand total","Master's degree","98","22","76","0","0","0","4","2","2","3","1","2","2","0","2","0","0","0","76","17","59","2","1","1","0","0","0","11","1","10","-2"
"196158","SUNY at Fredonia","2020","Second major","'99'","Grand total","Bachelor's degree","82","35","47","0","0","0","0","0","0","3","2","1","10","4","6","0","0","0","65","28","37","4","1","3","0","0","0","0","0","0","-2"
"196167","SUNY College at Geneseo","2020","First major","'99'","Grand total","Bachelor's degree","1184","471","713","2","1","1","69","31","38","20","8","12","82","29","53","1","0","1","940","372","568","30","14","16","26","10","16","14","6","8","-2"
"196167","SUNY College at Geneseo","2020","First major","'99'","Grand total","Master's degree","59","20","39","0","0","0","1","0","1","0","0","0","1","0","1","0","0","0","55","18","37","0","0","0","0","0","0","2","2","0","-2"
"196167","SUNY College at Geneseo","2020","Second major","'99'","Grand total","Bachelor's degree","96","46","50","0","0","0","2","1","1","1","1","0","2","2","0","0","0","0","88","40","48","0","0","0","1","0","1","2","2","0","-2"
"196176","State University of New York at New Paltz","2020","First major","'99'","Grand total","Bachelor's degree","1799","628","1171","0","0","0","93","32","61","105","33","72","309","115","194","3","1","2","1138","387","751","41","12","29","28","11","17","82","37","45","-2"
"196176","State University of New York at New Paltz","2020","First major","'99'","Grand total","Master's degree","387","101","286","0","0","0","10","5","5","9","4","5","48","9","39","0","0","0","263","61","202","7","3","4","17","6","11","33","13","20","-2"
"196176","State University of New York at New Paltz","2020","Second major","'99'","Grand total","Bachelor's degree","92","20","72","0","0","0","9","2","7","3","0","3","25","7","18","0","0","0","51","9","42","1","0","1","0","0","0","3","2","1","-2"
"196185","SUNY Oneonta","2020","First major","'99'","Grand total","Bachelor's degree","1458","571","887","4","0","4","30","9","21","52","20","32","191","70","121","2","0","2","1108","451","657","39","9","30","23","11","12","9","1","8","-2"
"196185","SUNY Oneonta","2020","First major","'99'","Grand total","Master's degree","187","19","168","1","0","1","2","0","2","1","0","1","7","1","6","0","0","0","169","17","152","2","1","1","5","0","5","0","0","0","-2"
"196185","SUNY Oneonta","2020","Second major","'99'","Grand total","Bachelor's degree","74","25","49","0","0","0","0","0","0","0","0","0","14","5","9","0","0","0","59","20","39","1","0","1","0","0","0","0","0","0","-2"
"196194","SUNY College at Oswego","2020","First major","'99'","Grand total","Bachelor's degree","1680","853","827","8","2","6","44","25","19","131","51","80","177","80","97","0","0","0","1215","637","578","55","24","31","1","0","1","49","34","15","-2"
"196194","SUNY College at Oswego","2020","First major","'99'","Grand total","Master's degree","290","120","170","1","0","1","7","3","4","15","5","10","21","8","13","0","0","0","232","98","134","4","3","1","0","0","0","10","3","7","-2"
"196194","SUNY College at Oswego","2020","Second major","'99'","Grand total","Bachelor's degree","86","39","47","0","0","0","3","1","2","10","4","6","7","3","4","0","0","0","60","27","33","3","2","1","0","0","0","3","2","1","-2"
"196200","SUNY College at Potsdam","2020","First major","'99'","Grand total","Bachelor's degree","608","251","357","4","1","3","14","3","11","55","21","34","84","35","49","1","0","1","408","179","229","18","4","14","17","6","11","7","2","5","-2"
"196200","SUNY College at Potsdam","2020","First major","'99'","Grand total","Master's degree","161","50","111","5","1","4","1","0","1","5","3","2","4","2","2","0","0","0","132","39","93","2","1","1","5","1","4","7","3","4","-2"
"196200","SUNY College at Potsdam","2020","Second major","'99'","Grand total","Bachelor's degree","84","33","51","0","0","0","1","0","1","6","2","4","17","7","10","0","0","0","54","22","32","2","1","1","4","1","3","0","0","0","-2"
"196200","SUNY College at Potsdam","2020","Second major","'99'","Grand total","Master's degree","1","0","1","0","0","0","0","0","0","0","0","0","0","0","0","0","0","0","0","0","0","0","0","0","0","0","0","1","0","1","-2"
"196219","SUNY at Purchase College","2020","First major","'99'","Grand total","Bachelor's degree","963","396","567","0","0","0","40","17","23","114","44","70","202","78","124","2","1","1","536","229","307","42","19","23","5","2","3","22","6","16","-2"
"196219","SUNY at Purchase College","2020","First major","'99'","Grand total","Master's degree","56","24","32","0","0","0","2","0","2","4","2","2","4","2","2","0","0","0","30","16","14","1","0","1","0","0","0","15","4","11","-2"
"196219","SUNY at Purchase College","2020","Second major","'99'","Grand total","Bachelor's degree","49","18","31","0","0","0","0","0","0","2","1","1","9","2","7","0","0","0","35","13","22","2","2","0","0","0","0","1","0","1","-2"
"196228","SUNY College of Optometry","2020","First major","'99'","Grand total","Master's degree","6","4","2","0","0","0","3","2","1","0","0","0","0","0","0","0","0","0","1","1","0","0","0","0","0","0","0","2","1","1","-2"
"196228","SUNY College of Optometry","2020","First major","'99'","Grand total","Doctor's degree - research/scholarship","2","0","2","0","0","0","1","0","1","0","0","0","0","0","0","0","0","0","0","0","0","0","0","0","0","0","0","1","0","1","-2"
"196228","SUNY College of Optometry","2020","First major","'99'","Grand total","Doctor's degree - professional practice","99","24","75","0","0","0","33","8","25","1","0","1","7","3","4","0","0","0","55","13","42","0","0","0","0","0","0","3","0","3","-2"
"196237","SUNY College at Old Westbury","2020","First major","'99'","Grand total","Bachelor's degree","1019","379","640","6","2","4","83","35","48","255","85","170","297","98","199","2","1","1","302","127","175","26","6","20","40","20","20","8","5","3","-2"
"196237","SUNY College at Old Westbury","2020","First major","'99'","Grand total","Master's degree","116","40","76","0","0","0","5","0","5","6","2","4","38","14","24","0","0","0","62","22","40","0","0","0","5","2","3","0","0","0","-2"
"196237","SUNY College at Old Westbury","2020","Second major","'99'","Grand total","Bachelor's degree","7","3","4","0","0","0","2","0","2","0","0","0","2","1","1","0","0","0","2","1","1","0","0","0","0","0","0","1","1","0","-2"
"196246","SUNY College at Plattsburgh","2020","First major","'99'","Grand total","Bachelor's degree","1186","509","677","1","1","0","25","10","15","82","30","52","129","55","74","0","0","0","798","345","453","17","7","10","47","14","33","87","47","40","-2"
"196246","SUNY College at Plattsburgh","2020","First major","'99'","Grand total","Master's degree","172","42","130","1","0","1","4","1","3","5","2","3","14","5","9","1","1","0","134","28","106","3","2","1","6","1","5","4","2","2","-2"
"196246","SUNY College at Plattsburgh","2020","Second major","'99'","Grand total","Bachelor's degree","209","96","113","0","0","0","7","3","4","20","6","14","16","7","9","0","0","0","126","71","55","0","0","0","7","0","7","33","9","24","-2"
"196255","SUNY Downstate Health Sciences University","2020","First major","'99'","Grand total","Bachelor's degree","148","32","116","0","0","0","25","7","18","42","5","37","18","4","14","0","0","0","55","13","42","6","2","4","2","1","1","0","0","0","-2"
"196255","SUNY Downstate Health Sciences University","2020","First major","'99'","Grand total","Master's degree","228","53","175","1","0","1","45","18","27","75","9","66","30","10","20","0","0","0","68","13","55","2","0","2","6","3","3","1","0","1","-2"
"196255","SUNY Downstate Health Sciences University","2020","First major","'99'","Grand total","Doctor's degree - research/scholarship","10","4","6","0","0","0","0","0","0","1","0","1","1","1","0","0","0","0","5","2","3","1","0","1","0","0","0","2","1","1","-2"
"196255","SUNY Downstate Health Sciences University","2020","First major","'99'","Grand total","Doctor's degree - professional practice","215","113","102","0","0","0","88","48","40","19","3","16","12","4","8","0","0","0","83","51","32","1","0","1","12","7","5","0","0","0","-2"
"196264","SUNY Empire State College","2020","First major","'99'","Grand total","Associate's degree","529","224","305","4","2","2","17","5","12","84","32","52","75","29","46","2","1","1","315","142","173","12","3","9","18","9","9","2","1","1","-2"
"196264","SUNY Empire State College","2020","First major","'99'","Grand total","Bachelor's degree","1930","617","1313","11","2","9","54","28","26","247","61","186","208","50","158","3","1","2","1106","355","751","47","15","32","250","104","146","4","1","3","-2"
"196264","SUNY Empire State College","2020","First major","'99'","Grand total","Master's degree","262","71","191","0","0","0","7","0","7","43","10","33","26","8","18","1","1","0","169","48","121","7","1","6","8","2","6","1","1","0","-2"
"196264","SUNY Empire State College","2020","Second major","'99'","Grand total","Bachelor's degree","8","4","4","0","0","0","0","0","0","0","0","0","1","0","1","0","0","0","5","4","1","0","0","0","2","0","2","0","0","0","-2"
"196291","SUNY Maritime College","2020","First major","'99'","Grand total","Associate's degree","3","3","0","0","0","0","0","0","0","0","0","0","0","0","0","0","0","0","3","3","0","0","0","0","0","0","0","0","0","0","-2"
"196291","SUNY Maritime College","2020","First major","'99'","Grand total","Bachelor's degree","303","270","33","0","0","0","12","11","1","9","8","1","38","34","4","0","0","0","213","190","23","6","5","1","12","10","2","13","12","1","-2"
"196291","SUNY Maritime College","2020","First major","'99'","Grand total","Master's degree","52","38","14","0","0","0","2","1","1","3","2","1","4","4","0","0","0","0","33","24","9","1","1","0","4","3","1","5","3","2","-2"
"196307","Upstate Medical University","2020","First major","'99'","Grand total","Bachelor's degree","110","27","83","0","0","0","6","2","4","4","2","2","9","3","6","0","0","0","81","20","61","0","0","0","7","0","7","3","0","3","-2"
"196307","Upstate Medical University","2020","First major","'99'","Grand total","Master's degree","172","42","130","1","0","1","11","2","9","12","3","9","9","4","5","0","0","0","119","27","92","2","2","0","16","3","13","2","1","1","-2"
"196307","Upstate Medical University","2020","First major","'99'","Grand total","Doctor's degree - research/scholarship","13","4","9","0","0","0","0","0","0","0","0","0","1","0","1","0","0","0","8","2","6","0","0","0","0","0","0","4","2","2","-2"
"196307","Upstate Medical University","2020","First major","'99'","Grand total","Doctor's degree - professional practice","173","90","83","0","0","0","30","15","15","15","3","12","8","4","4","0","0","0","112","64","48","2","1","1","2","0","2","4","3","1","-2"
"196389","Swedish Institute a College of Health Sciences","2020","First major","'99'","Grand total","Associate's degree","210","41","169","0","0","0","18","3","15","82","16","66","58","7","51","0","0","0","17","6","11","2","0","2","33","9","24","0","0","0","-2"
"196413","Syracuse University","2020","First major","'99'","Grand total","Associate's degree","2","0","2","0","0","0","0","0","0","2","0","2","0","0","0","0","0","0","0","0","0","0","0","0","0","0","0","0","0","0","-2"
"196413","Syracuse University","2020","First major","'99'","Grand total","Bachelor's degree","3682","1663","2019","12","6","6","224","98","126","260","107","153","324","142","182","2","1","1","2234","1013","1221","112","46","66","65","34","31","449","216","233","-2"
"196413","Syracuse University","2020","First major","'99'","Grand total","Master's degree","2597","1349","1248","3","0","3","136","72","64","204","103","101","181","106","75","4","2","2","1085","522","563","60","22","38","60","31","29","864","491","373","-2"
"196413","Syracuse University","2020","First major","'99'","Grand total","Doctor's degree - research/scholarship","144","69","75","0","0","0","3","2","1","11","2","9","8","5","3","0","0","0","56","29","27","4","2","2","3","0","3","59","29","30","-2"
"196413","Syracuse University","2020","First major","'99'","Grand total","Doctor's degree - professional practice","190","96","94","0","0","0","4","0","4","17","9","8","14","7","7","0","0","0","138","70","68","7","4","3","4","2","2","6","4","2","-2"
"196413","Syracuse University","2020","Second major","'99'","Grand total","Bachelor's degree","883","354","529","0","0","0","61","23","38","41","7","34","80","29","51","1","1","0","560","241","319","29","12","17","18","7","11","93","34","59","-2"
"196431","Talmudical Seminary Oholei Torah","2020","First major","'99'","Grand total","Bachelor's degree","9","9","0","0","0","0","0","0","0","0","0","0","0","0","0","0","0","0","8","8","0","0","0","0","0","0","0","1","1","0","-2"
"196440","Talmudical Institute of Upstate New York","2020","First major","'99'","Grand total","Bachelor's degree","0","0","0","0","0","0","0","0","0","0","0","0","0","0","0","0","0","0","0","0","0","0","0","0","0","0","0","0","0","0","-2"
"196468","Teachers College at Columbia University","2020","First major","'99'","Grand total","Master's degree","1693","273","1420","0","0","0","203","33","170","120","25","95","167","28","139","1","0","1","672","126","546","34","9","25","38","7","31","458","45","413","-2"
"196468","Teachers College at Columbia University","2020","First major","'99'","Grand total","Doctor's degree - research/scholarship","186","56","130","1","0","1","20","6","14","17","9","8","12","5","7","0","0","0","97","28","69","5","2","3","3","1","2","31","5","26","-2"
"196565","Tompkins Cortland Community College","2020","First major","'99'","Grand total","Associate's degree","518","206","312","0","0","0","8","1","7","39","15","24","51","17","34","0","0","0","347","143","204","21","10","11","9","3","6","43","17","26","-2"
"196583","Torah Temimah Talmudical Seminary","2020","First major","'99'","Grand total","Bachelor's degree","3","3","0","0","0","0","0","0","0","0","0","0","0","0","0","0","0","0","3","3","0","0","0","0","0","0","0","0","0","0","-2"
"196592","Touro College","2020","First major","'99'","Grand total","Associate's degree","250","52","198","0","0","0","5","1","4","55","7","48","40","9","31","2","0","2","126","31","95","0","0","0","21","4","17","1","0","1","-2"
"196592","Touro College","2020","First major","'99'","Grand total","Bachelor's degree","1282","375","907","0","0","0","55","23","32","151","21","130","104","22","82","1","0","1","846","265","581","21","8","13","74","23","51","30","13","17","-2"
"196592","Touro College","2020","First major","'99'","Grand total","Master's degree","1416","313","1103","2","1","1","110","36","74","149","34","115","184","38","146","2","0","2","809","147","662","26","10","16","90","25","65","44","22","22","-2"
"196592","Touro College","2020","First major","'99'","Grand total","Doctor's degree - research/scholarship","0","0","0","0","0","0","0","0","0","0","0","0","0","0","0","0","0","0","0","0","0","0","0","0","0","0","0","0","0","0","-2"
"196592","Touro College","2020","First major","'99'","Grand total","Doctor's degree - professional practice","716","330","386","0","0","0","183","90","93","40","11","29","61","27","34","0","0","0","298","145","153","26","10","16","35","19","16","73","28","45","-2"
"196653","Trocaire College","2020","First major","'99'","Grand total","Associate's degree","329","45","284","1","0","1","6","0","6","51","4","47","21","3","18","0","0","0","227","33","194","11","2","9","12","3","9","0","0","0","-2"
"196653","Trocaire College","2020","First major","'99'","Grand total","Bachelor's degree","31","5","26","0","0","0","1","0","1","0","0","0","1","1","0","0","0","0","29","4","25","0","0","0","0","0","0","0","0","0","-2"
"196680","Excelsior College","2020","First major","'99'","Grand total","Associate's degree","1683","629","1054","10","6","4","71","29","42","306","83","223","203","102","101","12","5","7","1006","366","640","65","32","33","10","6","4","0","0","0","-2"
"196680","Excelsior College","2020","First major","'99'","Grand total","Bachelor's degree","2912","1597","1315","9","6","3","68","41","27","310","192","118","280","203","77","14","12","2","2135","1068","1067","76","60","16","19","14","5","1","1","0","-2"
"196680","Excelsior College","2020","First major","'99'","Grand total","Master's degree","424","235","189","3","2","1","7","3","4","89","47","42","59","34","25","2","0","2","247","137","110","14","10","4","3","2","1","0","0","0","-2"
"196699","Ulster County Community College","2020","First major","'99'","Grand total","Associate's degree","379","155","224","1","1","0","8","3","5","18","8","10","52","20","32","0","0","0","276","111","165","15","6","9","7","5","2","2","1","1","-2"
"196866","Union College","2020","First major","'99'","Grand total","Bachelor's degree","501","260","241","0","0","0","26","12","14","18","12","6","46","23","23","0","0","0","345","178","167","19","11","8","3","2","1","44","22","22","-2"
"196866","Union College","2020","Second major","'99'","Grand total","Bachelor's degree","66","27","39","0","0","0","1","0","1","0","0","0","7","2","5","0","0","0","41","15","26","4","1","3","1","1","0","12","8","4","-2"
"196884","Union Theological Seminary in the City of New York","2020","First major","'99'","Grand total","Master's degree","70","27","43","0","0","0","4","1","3","9","5","4","8","5","3","0","0","0","35","7","28","2","1","1","0","0","0","12","8","4","-2"
"196884","Union Theological Seminary in the City of New York","2020","First major","'99'","Grand total","Doctor's degree - research/scholarship","5","4","1","0","0","0","1","1","0","0","0","0","0","0","0","0","0","0","4","3","1","0","0","0","0","0","0","0","0","0","-2"
"196884","Union Theological Seminary in the City of New York","2020","First major","'99'","Grand total","Doctor's degree - other","0","0","0","0","0","0","0","0","0","0","0","0","0","0","0","0","0","0","0","0","0","0","0","0","0","0","0","0","0","0","-2"
"197018","United Talmudical Seminary","2020","First major","'99'","Grand total","Bachelor's degree","333","333","0","0","0","0","0","0","0","0","0","0","0","0","0","0","0","0","333","333","0","0","0","0","0","0","0","0","0","0","-2"
"197018","United Talmudical Seminary","2020","First major","'99'","Grand total","Master's degree","0","0","0","0","0","0","0","0","0","0","0","0","0","0","0","0","0","0","0","0","0","0","0","0","0","0","0","0","0","0","-2"
"197027","United States Merchant Marine Academy","2020","First major","'99'","Grand total","Bachelor's degree","202","163","39","3","2","1","14","8","6","2","1","1","15","10","5","1","1","0","162","137","25","0","0","0","3","3","0","2","1","1","-2"
"197027","United States Merchant Marine Academy","2020","First major","'99'","Grand total","Master's degree","3","3","0","0","0","0","0","0","0","0","0","0","0","0","0","0","0","0","1","1","0","0","0","0","2","2","0","0","0","0","-2"
"197036","United States Military Academy","2020","First major","'99'","Grand total","Bachelor's degree","1145","912","233","10","8","2","107","84","23","123","89","34","116","93","23","3","2","1","726","586","140","28","23","5","20","16","4","12","11","1","-2"
"197036","United States Military Academy","2020","Second major","'99'","Grand total","Bachelor's degree","31","25","6","0","0","0","7","5","2","0","0","0","2","1","1","0","0","0","21","18","3","1","1","0","0","0","0","0","0","0","-2"
"197045","Utica College","2020","First major","'99'","Grand total","Bachelor's degree","1029","377","652","4","1","3","48","17","31","96","41","55","75","23","52","0","0","0","723","255","468","17","6","11","56","27","29","10","7","3","-2"
"197045","Utica College","2020","First major","'99'","Grand total","Master's degree","510","255","255","3","2","1","31","18","13","46","23","23","25","13","12","0","0","0","334","153","181","12","7","5","57","38","19","2","1","1","-2"
"197045","Utica College","2020","First major","'99'","Grand total","Doctor's degree - professional practice","191","68","123","0","0","0","89","33","56","8","5","3","3","2","1","1","0","1","59","16","43","1","0","1","30","12","18","0","0","0","-2"
"197045","Utica College","2020","Second major","'99'","Grand total","Bachelor's degree","27","7","20","0","0","0","0","0","0","1","0","1","3","1","2","0","0","0","23","6","17","0","0","0","0","0","0","0","0","0","-2"
"197133","Vassar College","2020","First major","'99'","Grand total","Bachelor's degree","629","262","367","0","0","0","79","40","39","25","2","23","71","35","36","0","0","0","360","150","210","41","13","28","5","3","2","48","19","29","-2"
"197133","Vassar College","2020","First major","'99'","Grand total","Master's degree","0","0","0","0","0","0","0","0","0","0","0","0","0","0","0","0","0","0","0","0","0","0","0","0","0","0","0","0","0","0","-2"
"197133","Vassar College","2020","Second major","'99'","Grand total","Bachelor's degree","131","55","76","0","0","0","20","7","13","3","0","3","13","7","6","0","0","0","69","31","38","5","2","3","1","1","0","20","7","13","-2"
"197142","Villa Maria College","2020","First major","'99'","Grand total","Associate's degree","13","2","11","0","0","0","0","0","0","6","2","4","0","0","0","0","0","0","7","0","7","0","0","0","0","0","0","0","0","0","-2"
"197142","Villa Maria College","2020","First major","'99'","Grand total","Bachelor's degree","59","22","37","0","0","0","0","0","0","13","6","7","3","1","2","0","0","0","37","12","25","6","3","3","0","0","0","0","0","0","-2"
"197151","School of Visual Arts","2020","First major","'99'","Grand total","Bachelor's degree","863","261","602","0","0","0","127","34","93","34","15","19","72","32","40","0","0","0","174","61","113","0","0","0","25","7","18","431","112","319","-2"
"197151","School of Visual Arts","2020","First major","'99'","Grand total","Master's degree","357","106","251","0","0","0","26","5","21","11","6","5","29","10","19","0","0","0","72","19","53","0","0","0","8","0","8","211","66","145","-2"
"197197","Wagner College","2020","First major","'99'","Grand total","Bachelor's degree","384","117","267","0","0","0","20","6","14","34","18","16","53","15","38","1","0","1","237","61","176","8","2","6","15","5","10","16","10","6","-2"
"197197","Wagner College","2020","First major","'99'","Grand total","Master's degree","182","59","123","0","0","0","15","3","12","15","8","7","14","4","10","0","0","0","122","39","83","8","1","7","6","4","2","2","0","2","-2"
"197197","Wagner College","2020","First major","'99'","Grand total","Doctor's degree - professional practice","8","0","8","0","0","0","2","0","2","1","0","1","1","0","1","0","0","0","4","0","4","0","0","0","0","0","0","0","0","0","-2"
"197197","Wagner College","2020","Second major","'99'","Grand total","Bachelor's degree","17","2","15","0","0","0","0","0","0","0","0","0","2","0","2","0","0","0","15","2","13","0","0","0","0","0","0","0","0","0","-2"
"197221","Webb Institute","2020","First major","'99'","Grand total","Bachelor's degree","25","18","7","0","0","0","4","4","0","0","0","0","1","1","0","0","0","0","18","13","5","1","0","1","1","0","1","0","0","0","-2"
"197230","Wells College","2020","First major","'99'","Grand total","Bachelor's degree","79","28","51","0","0","0","2","2","0","8","3","5","12","4","8","0","0","0","51","18","33","1","0","1","5","1","4","0","0","0","-2"
"197230","Wells College","2020","Second major","'99'","Grand total","Bachelor's degree","7","0","7","0","0","0","0","0","0","1","0","1","1","0","1","0","0","0","4","0","4","0","0","0","1","0","1","0","0","0","-2"
"197285","The College of Westchester","2020","First major","'99'","Grand total","Associate's degree","104","22","82","0","0","0","4","1","3","52","11","41","40","10","30","1","0","1","5","0","5","1","0","1","1","0","1","0","0","0","-2"
"197285","The College of Westchester","2020","First major","'99'","Grand total","Bachelor's degree","106","54","52","0","0","0","1","0","1","43","19","24","43","21","22","0","0","0","17","14","3","2","0","2","0","0","0","0","0","0","-2"
"197294","SUNY Westchester Community College","2020","First major","'99'","Grand total","Associate's degree","1553","712","841","7","5","2","74","30","44","283","110","173","595","274","321","1","0","1","486","250","236","30","14","16","40","19","21","37","10","27","-2"
"197601","Yeshiva Karlin Stolin","2020","First major","'99'","Grand total","Bachelor's degree","23","23","0","0","0","0","0","0","0","0","0","0","0","0","0","0","0","0","23","23","0","0","0","0","0","0","0","0","0","0","-2"
"197647","Yeshiva Derech Chaim","2020","First major","'99'","Grand total","Bachelor's degree","8","8","0","0","0","0","0","0","0","0","0","0","0","0","0","0","0","0","8","8","0","0","0","0","0","0","0","0","0","0","-2"
"197647","Yeshiva Derech Chaim","2020","First major","'99'","Grand total","Doctor's degree - research/scholarship","5","5","0","0","0","0","0","0","0","0","0","0","0","0","0","0","0","0","5","5","0","0","0","0","0","0","0","0","0","0","-2"
"197674","Yeshiva of Nitra Rabbinical College","2020","First major","'99'","Grand total","Bachelor's degree","25","25","0","0","0","0","0","0","0","0","0","0","0","0","0","0","0","0","25","25","0","0","0","0","0","0","0","0","0","0","-2"
"197692","Yeshiva Shaar Hatorah","2020","First major","'99'","Grand total","Bachelor's degree","6","6","0","0","0","0","0","0","0","0","0","0","0","0","0","0","0","0","6","6","0","0","0","0","0","0","0","0","0","0","-2"
"197692","Yeshiva Shaar Hatorah","2020","First major","'99'","Grand total","Master's degree","0","0","0","0","0","0","0","0","0","0","0","0","0","0","0","0","0","0","0","0","0","0","0","0","0","0","0","0","0","0","-2"
"197708","Yeshiva University","2020","First major","'99'","Grand total","Associate's degree","551","308","243","0","0","0","1","0","1","0","0","0","3","1","2","0","0","0","509","283","226","0","0","0","1","0","1","37","24","13","-2"
"197708","Yeshiva University","2020","First major","'99'","Grand total","Bachelor's degree","605","300","305","0","0","0","1","0","1","0","0","0","3","1","2","0","0","0","561","276","285","0","0","0","1","0","1","39","23","16","-2"
"197708","Yeshiva University","2020","First major","'99'","Grand total","Master's degree","480","137","343","0","0","0","2","0","2","28","6","22","36","9","27","0","0","0","212","51","161","0","0","0","95","25","70","107","46","61","-2"
"197708","Yeshiva University","2020","First major","'99'","Grand total","Doctor's degree - research/scholarship","75","13","62","0","0","0","0","0","0","0","0","0","4","0","4","1","1","0","18","4","14","0","0","0","43","5","38","9","3","6","-2"
"197708","Yeshiva University","2020","First major","'99'","Grand total","Doctor's degree - professional practice","352","160","192","0","0","0","28","13","15","16","3","13","24","12","12","0","0","0","219","100","119","3","1","2","40","19","21","22","12","10","-2"
"197735","Yeshivath Viznitz","2020","First major","'99'","Grand total","Bachelor's degree","84","84","0","0","0","0","0","0","0","0","0","0","0","0","0","0","0","0","82","82","0","0","0","0","0","0","0","2","2","0","-2"
"197744","Yeshivath Zichron Moshe","2020","First major","'99'","Grand total","Associate's degree","52","52","0","0","0","0","0","0","0","0","0","0","0","0","0","0","0","0","49","49","0","0","0","0","0","0","0","3","3","0","-2"
"197744","Yeshivath Zichron Moshe","2020","First major","'99'","Grand total","Bachelor's degree","6","6","0","0","0","0","0","0","0","0","0","0","0","0","0","0","0","0","6","6","0","0","0","0","0","0","0","0","0","0","-2"
"197814","College of the Albemarle","2020","First major","'99'","Grand total","Associate's degree","356","104","252","2","1","1","4","3","1","37","7","30","11","3","8","0","0","0","258","74","184","6","1","5","25","10","15","13","5","8","-2"
"197850","South Piedmont Community College","2020","First major","'99'","Grand total","Associate's degree","289","85","204","0","0","0","9","2","7","33","3","30","39","10","29","0","0","0","180","59","121","10","3","7","16","6","10","2","2","0","-2"
"197869","Appalachian State University","2020","First major","'99'","Grand total","Bachelor's degree","4163","1757","2406","13","9","4","82","28","54","126","56","70","244","100","144","6","4","2","3486","1469","2017","144","62","82","47","21","26","15","8","7","-2"
"197869","Appalachian State University","2020","First major","'99'","Grand total","Master's degree","704","211","493","1","0","1","10","2","8","19","7","12","30","11","19","1","1","0","607","172","435","18","7","11","5","1","4","13","10","3","-2"
"197869","Appalachian State University","2020","First major","'99'","Grand total","Doctor's degree - research/scholarship","13","5","8","0","0","0","0","0","0","1","0","1","1","1","0","0","0","0","11","4","7","0","0","0","0","0","0","0","0","0","-2"
"197869","Appalachian State University","2020","Second major","'99'","Grand total","Bachelor's degree","172","99","73","0","0","0","3","1","2","3","2","1","6","3","3","0","0","0","149","87","62","7","4","3","2","1","1","2","1","1","-2"
"197887","Asheville-Buncombe Technical Community College","2020","First major","'99'","Grand total","Associate's degree","864","325","539","2","0","2","12","4","8","28","7","21","69","31","38","1","1","0","699","260","439","22","7","15","18","8","10","13","7","6","-2"
"197911","Barton College","2020","First major","'99'","Grand total","Bachelor's degree","205","55","150","0","0","0","3","1","2","43","11","32","20","7","13","0","0","0","115","25","90","5","0","5","5","0","5","14","11","3","-2"
"197911","Barton College","2020","First major","'99'","Grand total","Master's degree","41","16","25","0","0","0","0","0","0","14","5","9","2","2","0","0","0","0","21","8","13","1","0","1","1","0","1","2","1","1","-2"
"197911","Barton College","2020","Second major","'99'","Grand total","Bachelor's degree","17","6","11","0","0","0","0","0","0","0","0","0","3","1","2","0","0","0","11","2","9","0","0","0","0","0","0","3","3","0","-2"
"197966","Beaufort County Community College","2020","First major","'99'","Grand total","Associate's degree","376","110","266","1","0","1","1","1","0","50","11","39","52","17","35","0","0","0","255","73","182","7","4","3","7","4","3","3","0","3","-2"
"197984","Belmont Abbey College","2020","First major","'99'","Grand total","Bachelor's degree","290","128","162","1","0","1","6","3","3","37","13","24","10","1","9","0","0","0","182","86","96","1","0","1","52","25","27","1","0","1","-2"
"197984","Belmont Abbey College","2020","Second major","'99'","Grand total","Bachelor's degree","15","8","7","0","0","0","0","0","0","0","0","0","0","0","0","0","0","0","15","8","7","0","0","0","0","0","0","0","0","0","-2"
"197993","Bennett College","2020","First major","'99'","Grand total","Bachelor's degree","47","0","47","0","0","0","0","0","0","37","0","37","2","0","2","0","0","0","0","0","0","1","0","1","7","0","7","0","0","0","-2"
"198011","Bladen Community College","2020","First major","'99'","Grand total","Associate's degree","286","95","191","43","11","32","0","0","0","26","5","21","38","19","19","1","0","1","159","56","103","10","3","7","9","1","8","0","0","0","-2"
"198039","Blue Ridge Community College","2020","First major","'99'","Grand total","Associate's degree","363","163","200","3","2","1","7","4","3","5","2","3","37","17","20","0","0","0","282","124","158","0","0","0","18","8","10","11","6","5","-2"
"198066","Brevard College","2020","First major","'99'","Grand total","Bachelor's degree","99","49","50","1","1","0","1","0","1","7","4","3","14","7","7","0","0","0","67","30","37","3","1","2","3","3","0","3","3","0","-2"
"198066","Brevard College","2020","Second major","'99'","Grand total","Bachelor's degree","6","4","2","0","0","0","1","0","1","0","0","0","1","1","0","0","0","0","3","2","1","0","0","0","0","0","0","1","1","0","-2"
"198084","Brunswick Community College","2020","First major","'99'","Grand total","Associate's degree","229","104","125","2","1","1","5","3","2","19","3","16","21","11","10","1","1","0","167","80","87","8","3","5","6","2","4","0","0","0","-2"
"198109","Cabarrus College of Health Sciences","2020","First major","'99'","Grand total","Associate's degree","107","9","98","0","0","0","1","0","1","8","1","7","2","0","2","1","0","1","93","7","86","2","1","1","0","0","0","0","0","0","-2"
"198109","Cabarrus College of Health Sciences","2020","First major","'99'","Grand total","Bachelor's degree","32","1","31","0","0","0","0","0","0","3","0","3","1","0","1","0","0","0","28","1","27","0","0","0","0","0","0","0","0","0","-2"
"198109","Cabarrus College of Health Sciences","2020","First major","'99'","Grand total","Master's degree","15","1","14","0","0","0","0","0","0","2","1","1","0","0","0","0","0","0","13","0","13","0","0","0","0","0","0","0","0","0","-2"
"198118","Caldwell Community College and Technical Institute","2020","First major","'99'","Grand total","Associate's degree","666","257","409","8","7","1","11","5","6","21","7","14","51","15","36","0","0","0","552","218","334","9","1","8","10","4","6","4","0","4","-2"
"198136","Campbell University","2020","First major","'99'","Grand total","Associate's degree","49","26","23","0","0","0","1","1","0","9","5","4","11","6","5","0","0","0","25","11","14","0","0","0","3","3","0","0","0","0","-2"
"198136","Campbell University","2020","First major","'99'","Grand total","Bachelor's degree","932","430","502","5","2","3","23","7","16","125","67","58","85","36","49","3","1","2","534","244","290","45","16","29","92","45","47","20","12","8","-2"
"198136","Campbell University","2020","First major","'99'","Grand total","Master's degree","268","107","161","1","1","0","8","4","4","35","8","27","10","5","5","0","0","0","187","79","108","8","4","4","8","0","8","11","6","5","-2"
"198136","Campbell University","2020","First major","'99'","Grand total","Doctor's degree - professional practice","434","197","237","1","1","0","23","12","11","26","5","21","8","3","5","0","0","0","333","160","173","7","2","5","35","14","21","1","0","1","-2"
"198136","Campbell University","2020","First major","'99'","Grand total","Doctor's degree - other","11","8","3","0","0","0","0","0","0","2","2","0","0","0","0","0","0","0","9","6","3","0","0","0","0","0","0","0","0","0","-2"
"198136","Campbell University","2020","Second major","'99'","Grand total","Bachelor's degree","37","16","21","1","0","1","0","0","0","1","1","0","2","1","1","0","0","0","22","9","13","4","1","3","3","2","1","4","2","2","-2"
"198154","Cape Fear Community College","2020","First major","'99'","Grand total","Associate's degree","1486","617","869","21","11","10","32","12","20","146","49","97","73","33","40","8","4","4","1190","501","689","0","0","0","16","7","9","0","0","0","-2"
"198206","Carteret Community College","2020","First major","'99'","Grand total","Associate's degree","195","55","140","1","0","1","0","0","0","10","1","9","14","1","13","1","0","1","155","44","111","8","5","3","5","4","1","1","0","1","-2"
"198215","Catawba College","2020","First major","'99'","Grand total","Bachelor's degree","272","93","179","4","0","4","2","0","2","44","22","22","23","6","17","0","0","0","176","50","126","9","8","1","9","5","4","5","2","3","-2"
"198215","Catawba College","2020","First major","'99'","Grand total","Master's degree","0","0","0","0","0","0","0","0","0","0","0","0","0","0","0","0","0","0","0","0","0","0","0","0","0","0","0","0","0","0","-2"
"198215","Catawba College","2020","Second major","'99'","Grand total","Bachelor's degree","24","8","16","0","0","0","0","0","0","1","0","1","4","0","4","0","0","0","16","6","10","1","0","1","2","2","0","0","0","0","-2"
"198233","Catawba Valley Community College","2020","First major","'99'","Grand total","Associate's degree","682","247","435","7","4","3","70","18","52","33","1","32","76","24","52","1","0","1","472","192","280","10","2","8","8","3","5","5","3","2","-2"
"198251","Central Carolina Community College","2020","First major","'99'","Grand total","Associate's degree","558","196","362","3","2","1","6","2","4","65","24","41","102","31","71","1","0","1","343","120","223","16","7","9","14","8","6","8","2","6","-2"
"198260","Central Piedmont Community College","2020","First major","'99'","Grand total","Associate's degree","2326","1027","1299","11","5","6","114","50","64","490","159","331","300","129","171","4","3","1","1142","558","584","57","35","22","74","38","36","134","50","84","-2"
"198303","Chowan University","2020","First major","'99'","Grand total","Associate's degree","0","0","0","0","0","0","0","0","0","0","0","0","0","0","0","0","0","0","0","0","0","0","0","0","0","0","0","0","0","0","-2"
"198303","Chowan University","2020","First major","'99'","Grand total","Bachelor's degree","209","96","113","0","0","0","0","0","0","142","71","71","10","2","8","0","0","0","45","17","28","2","0","2","0","0","0","10","6","4","-2"
"198303","Chowan University","2020","First major","'99'","Grand total","Master's degree","0","0","0","0","0","0","0","0","0","0","0","0","0","0","0","0","0","0","0","0","0","0","0","0","0","0","0","0","0","0","-2"
"198321","Cleveland Community College","2020","First major","'99'","Grand total","Associate's degree","376","139","237","1","1","0","4","2","2","63","15","48","17","9","8","0","0","0","265","105","160","11","5","6","6","2","4","9","0","9","-2"
"198330","Coastal Carolina Community College","2020","First major","'99'","Grand total","Associate's degree","657","235","422","7","1","6","22","9","13","100","33","67","83","32","51","5","1","4","431","157","274","0","0","0","0","0","0","9","2","7","-2"
"198367","Craven Community College","2020","First major","'99'","Grand total","Associate's degree","681","279","402","3","3","0","30","13","17","96","32","64","54","29","25","2","0","2","429","177","252","35","13","22","23","10","13","9","2","7","-2"
"198376","Davidson County Community College","2020","First major","'99'","Grand total","Associate's degree","538","190","348","4","2","2","10","3","7","59","16","43","40","12","28","0","0","0","402","149","253","10","4","6","11","4","7","2","0","2","-2"
"198385","Davidson College","2020","First major","'99'","Grand total","Bachelor's degree","482","232","250","4","1","3","26","10","16","37","12","25","34","14","20","0","0","0","325","158","167","25","15","10","3","2","1","28","20","8","-2"
"198385","Davidson College","2020","Second major","'99'","Grand total","Bachelor's degree","82","39","43","0","0","0","2","1","1","6","2","4","4","2","2","0","0","0","59","27","32","4","3","1","0","0","0","7","4","3","-2"
"198419","Duke University","2020","First major","'99'","Grand total","Bachelor's degree","1921","893","1028","9","3","6","377","183","194","170","54","116","188","72","116","1","1","0","884","421","463","59","29","30","49","28","21","184","102","82","-2"
"198419","Duke University","2020","First major","'99'","Grand total","Master's degree","3170","1543","1627","8","4","4","294","133","161","165","74","91","119","62","57","3","0","3","1173","545","628","49","21","28","100","42","58","1259","662","597","-2"
"198419","Duke University","2020","First major","'99'","Grand total","Doctor's degree - research/scholarship","568","279","289","1","0","1","34","13","21","24","5","19","34","17","17","2","0","2","277","117","160","17","2","15","23","10","13","156","115","41","-2"
"198419","Duke University","2020","First major","'99'","Grand total","Doctor's degree - professional practice","338","183","155","5","2","3","47","22","25","31","15","16","21","8","13","0","0","0","190","113","77","6","3","3","11","5","6","27","15","12","-2"
"198419","Duke University","2020","Second major","'99'","Grand total","Bachelor's degree","484","230","254","2","0","2","127","68","59","18","5","13","42","12","30","0","0","0","202","103","99","11","5","6","11","4","7","71","33","38","-2"
"198419","Duke University","2020","Second major","'99'","Grand total","Master's degree","173","103","70","0","0","0","13","6","7","2","1","1","3","2","1","0","0","0","8","5","3","0","0","0","1","0","1","146","89","57","-2"
"198419","Duke University","2020","Second major","'99'","Grand total","Doctor's degree - professional practice","32","14","18","0","0","0","2","0","2","1","0","1","4","1","3","0","0","0","17","9","8","0","0","0","2","1","1","6","3","3","-2"
"198455","Durham Technical Community College","2020","First major","'99'","Grand total","Associate's degree","564","206","358","2","0","2","33","15","18","136","28","108","89","30","59","2","1","1","223","102","121","16","7","9","19","5","14","44","18","26","-2"
"198464","East Carolina University","2020","First major","'99'","Grand total","Bachelor's degree","5173","2130","3043","29","15","14","154","68","86","742","270","472","342","139","203","7","4","3","3576","1493","2083","167","71","96","135","58","77","21","12","9","-2"
"198464","East Carolina University","2020","First major","'99'","Grand total","Master's degree","1393","416","977","16","4","12","35","17","18","182","54","128","67","19","48","1","1","0","971","271","700","31","13","18","55","16","39","35","21","14","-2"
"198464","East Carolina University","2020","First major","'99'","Grand total","Doctor's degree - research/scholarship","74","34","40","0","0","0","3","2","1","11","3","8","3","1","2","0","0","0","47","19","28","0","0","0","3","3","0","7","6","1","-2"
"198464","East Carolina University","2020","First major","'99'","Grand total","Doctor's degree - professional practice","216","74","142","1","0","1","12","5","7","30","7","23","8","3","5","0","0","0","154","52","102","4","3","1","7","4","3","0","0","0","-2"
"198464","East Carolina University","2020","Second major","'99'","Grand total","Bachelor's degree","110","48","62","1","1","0","3","1","2","15","5","10","5","1","4","0","0","0","78","35","43","6","4","2","2","1","1","0","0","0","-2"
"198491","Edgecombe Community College","2020","First major","'99'","Grand total","Associate's degree","276","59","217","3","0","3","0","0","0","138","25","113","10","4","6","0","0","0","119","29","90","4","0","4","1","0","1","1","1","0","-2"
"198507","Elizabeth City State University","2020","First major","'99'","Grand total","Bachelor's degree","214","85","129","1","1","0","2","1","1","147","56","91","8","2","6","0","0","0","46","19","27","3","2","1","6","4","2","1","0","1","-2"
"198507","Elizabeth City State University","2020","First major","'99'","Grand total","Master's degree","23","7","16","0","0","0","0","0","0","12","4","8","1","1","0","0","0","0","4","0","4","0","0","0","6","2","4","0","0","0","-2"
"198507","Elizabeth City State University","2020","Second major","'99'","Grand total","Bachelor's degree","4","3","1","0","0","0","0","0","0","2","2","0","0","0","0","0","0","0","2","1","1","0","0","0","0","0","0","0","0","0","-2"
"198516","Elon University","2020","First major","'99'","Grand total","Bachelor's degree","1433","552","881","3","0","3","34","12","22","71","27","44","99","29","70","0","0","0","1133","451","682","48","15","33","1","1","0","44","17","27","-2"
"198516","Elon University","2020","First major","'99'","Grand total","Master's degree","143","52","91","1","0","1","7","4","3","30","7","23","13","2","11","0","0","0","84","35","49","4","3","1","3","0","3","1","1","0","-2"
"198516","Elon University","2020","First major","'99'","Grand total","Doctor's degree - professional practice","155","54","101","0","0","0","0","0","0","18","5","13","2","0","2","0","0","0","122","42","80","3","1","2","9","5","4","1","1","0","-2"
"198516","Elon University","2020","Second major","'99'","Grand total","Bachelor's degree","297","90","207","1","0","1","12","3","9","12","1","11","21","3","18","0","0","0","231","78","153","11","3","8","0","0","0","9","2","7","-2"
"198534","Fayetteville Technical Community College","2020","First major","'99'","Grand total","Associate's degree","1654","742","912","46","20","26","34","16","18","566","213","353","202","89","113","16","3","13","659","349","310","74","26","48","45","24","21","12","2","10","-2"
"198543","Fayetteville State University","2020","First major","'99'","Grand total","Bachelor's degree","1049","306","743","25","6","19","20","2","18","568","165","403","83","23","60","3","1","2","281","86","195","19","8","11","43","13","30","7","2","5","-2"
"198543","Fayetteville State University","2020","First major","'99'","Grand total","Master's degree","164","66","98","1","0","1","8","6","2","83","28","55","14","5","9","0","0","0","45","21","24","2","0","2","5","2","3","6","4","2","-2"
"198543","Fayetteville State University","2020","First major","'99'","Grand total","Doctor's degree - research/scholarship","19","5","14","0","0","0","0","0","0","13","3","10","0","0","0","0","0","0","4","2","2","0","0","0","2","0","2","0","0","0","-2"
"198543","Fayetteville State University","2020","Second major","'99'","Grand total","Bachelor's degree","11","3","8","0","0","0","0","0","0","3","1","2","1","0","1","0","0","0","7","2","5","0","0","0","0","0","0","0","0","0","-2"
"198552","Forsyth Technical Community College","2020","First major","'99'","Grand total","Associate's degree","1222","496","726","4","3","1","29","15","14","179","64","115","152","57","95","2","1","1","780","321","459","27","10","17","17","9","8","32","16","16","-2"
"198561","Gardner-Webb University","2020","First major","'99'","Grand total","Associate's degree","33","2","31","0","0","0","0","0","0","1","0","1","1","0","1","0","0","0","25","1","24","1","0","1","5","1","4","0","0","0","-2"
"198561","Gardner-Webb University","2020","First major","'99'","Grand total","Bachelor's degree","435","147","288","3","0","3","5","2","3","54","22","32","22","9","13","0","0","0","292","93","199","8","4","4","51","17","34","0","0","0","-2"
"198561","Gardner-Webb University","2020","First major","'99'","Grand total","Master's degree","356","126","230","2","1","1","2","0","2","72","19","53","13","7","6","0","0","0","215","81","134","2","0","2","48","18","30","2","0","2","-2"
"198561","Gardner-Webb University","2020","First major","'99'","Grand total","Doctor's degree - research/scholarship","98","13","85","2","0","2","1","0","1","38","5","33","1","0","1","0","0","0","53","7","46","1","0","1","2","1","1","0","0","0","-2"
"198561","Gardner-Webb University","2020","Second major","'99'","Grand total","Bachelor's degree","11","3","8","0","0","0","0","0","0","1","0","1","1","0","1","0","0","0","8","3","5","1","0","1","0","0","0","0","0","0","-2"
"198570","Gaston College","2020","First major","'99'","Grand total","Associate's degree","808","299","509","2","0","2","15","4","11","66","19","47","60","19","41","0","0","0","556","213","343","24","5","19","70","31","39","15","8","7","-2"
"198598","Greensboro College","2020","First major","'99'","Grand total","Bachelor's degree","159","78","81","0","0","0","0","0","0","40","18","22","9","7","2","0","0","0","84","40","44","9","4","5","17","9","8","0","0","0","-2"
"198598","Greensboro College","2020","First major","'99'","Grand total","Master's degree","65","17","48","1","0","1","1","1","0","4","0","4","25","10","15","0","0","0","4","0","4","0","0","0","30","6","24","0","0","0","-2"
"198598","Greensboro College","2020","Second major","'99'","Grand total","Bachelor's degree","10","7","3","0","0","0","0","0","0","1","0","1","1","1","0","0","0","0","6","4","2","1","1","0","1","1","0","0","0","0","-2"
"198613","Guilford College","2020","First major","'99'","Grand total","Bachelor's degree","298","132","166","1","1","0","6","1","5","68","30","38","32","14","18","0","0","0","170","80","90","14","4","10","2","0","2","5","2","3","-2"
"198613","Guilford College","2020","First major","'99'","Grand total","Master's degree","2","0","2","0","0","0","0","0","0","1","0","1","0","0","0","0","0","0","1","0","1","0","0","0","0","0","0","0","0","0","-2"
"198613","Guilford College","2020","Second major","'99'","Grand total","Bachelor's degree","79","36","43","0","0","0","1","0","1","14","8","6","10","3","7","0","0","0","49","24","25","4","1","3","0","0","0","1","0","1","-2"
"198622","Guilford Technical Community College","2020","First major","'99'","Grand total","Associate's degree","1249","531","718","11","4","7","75","35","40","394","122","272","115","54","61","3","3","0","548","270","278","29","15","14","61","20","41","13","8","5","-2"
"198640","Halifax Community College","2020","First major","'99'","Grand total","Associate's degree","134","31","103","2","1","1","0","0","0","64","12","52","6","2","4","0","0","0","54","14","40","3","1","2","5","1","4","0","0","0","-2"
"198668","Haywood Community College","2020","First major","'99'","Grand total","Associate's degree","262","93","169","4","3","1","2","0","2","6","0","6","11","4","7","1","1","0","222","77","145","2","1","1","13","7","6","1","0","1","-2"
"198677","Heritage Bible College","2020","First major","'99'","Grand total","Associate's degree","2","1","1","0","0","0","0","0","0","1","1","0","1","0","1","0","0","0","0","0","0","0","0","0","0","0","0","0","0","0","-2"
"198677","Heritage Bible College","2020","First major","'99'","Grand total","Bachelor's degree","9","4","5","0","0","0","0","0","0","7","3","4","0","0","0","0","0","0","2","1","1","0","0","0","0","0","0","0","0","0","-2"
"198695","High Point University","2020","First major","'99'","Grand total","Bachelor's degree","982","388","594","2","0","2","23","11","12","41","11","30","51","22","29","0","0","0","776","312","464","46","9","37","18","8","10","25","15","10","-2"
"198695","High Point University","2020","First major","'99'","Grand total","Master's degree","166","37","129","0","0","0","2","1","1","19","1","18","5","2","3","0","0","0","123","31","92","7","0","7","9","1","8","1","1","0","-2"
"198695","High Point University","2020","First major","'99'","Grand total","Doctor's degree - research/scholarship","14","1","13","0","0","0","1","0","1","7","0","7","1","1","0","0","0","0","5","0","5","0","0","0","0","0","0","0","0","0","-2"
"198695","High Point University","2020","First major","'99'","Grand total","Doctor's degree - professional practice","110","50","60","1","1","0","7","4","3","10","4","6","4","2","2","0","0","0","80","35","45","4","2","2","4","2","2","0","0","0","-2"
"198695","High Point University","2020","Second major","'99'","Grand total","Bachelor's degree","56","18","38","1","0","1","1","1","0","4","0","4","5","0","5","0","0","0","40","16","24","4","1","3","1","0","1","0","0","0","-2"
"198710","Isothermal Community College","2020","First major","'99'","Grand total","Associate's degree","360","138","222","0","0","0","6","2","4","20","6","14","24","9","15","0","0","0","279","107","172","10","3","7","21","11","10","0","0","0","-2"
"198729","James Sprunt Community College","2020","First major","'99'","Grand total","Associate's degree","228","46","182","0","0","0","1","1","0","75","7","68","51","14","37","0","0","0","88","21","67","2","0","2","2","0","2","9","3","6","-2"
"198756","Johnson C Smith University","2020","First major","'99'","Grand total","Bachelor's degree","228","77","151","0","0","0","0","0","0","197","68","129","10","2","8","0","0","0","3","1","2","2","2","0","9","2","7","7","2","5","-2"
"198756","Johnson C Smith University","2020","First major","'99'","Grand total","Master's degree","42","5","37","0","0","0","0","0","0","39","5","34","0","0","0","0","0","0","2","0","2","0","0","0","1","0","1","0","0","0","-2"
"198756","Johnson C Smith University","2020","Second major","'99'","Grand total","Bachelor's degree","6","1","5","0","0","0","0","0","0","3","0","3","0","0","0","0","0","0","1","0","1","0","0","0","0","0","0","2","1","1","-2"
"198774","Johnston Community College","2020","First major","'99'","Grand total","Associate's degree","627","202","425","4","1","3","5","2","3","49","17","32","92","25","67","0","0","0","434","138","296","9","4","5","25","10","15","9","5","4","-2"
"198808","Lees-McRae College","2020","First major","'99'","Grand total","Bachelor's degree","222","67","155","3","1","2","0","0","0","17","6","11","13","3","10","0","0","0","163","46","117","5","1","4","12","3","9","9","7","2","-2"
"198808","Lees-McRae College","2020","First major","'99'","Grand total","Master's degree","0","0","0","0","0","0","0","0","0","0","0","0","0","0","0","0","0","0","0","0","0","0","0","0","0","0","0","0","0","0","-2"
"198808","Lees-McRae College","2020","Second major","'99'","Grand total","Bachelor's degree","9","3","6","0","0","0","0","0","0","1","1","0","1","0","1","0","0","0","7","2","5","0","0","0","0","0","0","0","0","0","-2"
"198817","Lenoir Community College","2020","First major","'99'","Grand total","Associate's degree","429","141","288","2","0","2","8","2","6","79","20","59","43","16","27","0","0","0","284","100","184","9","3","6","0","0","0","4","0","4","-2"
"198835","Lenoir-Rhyne University","2020","First major","'99'","Grand total","Bachelor's degree","322","118","204","1","1","0","5","4","1","31","20","11","22","2","20","0","0","0","231","79","152","10","2","8","8","3","5","14","7","7","-2"
"198835","Lenoir-Rhyne University","2020","First major","'99'","Grand total","Master's degree","289","82","207","3","1","2","2","0","2","14","6","8","13","0","13","0","0","0","205","61","144","7","1","6","36","5","31","9","8","1","-2"
"198835","Lenoir-Rhyne University","2020","First major","'99'","Grand total","Doctor's degree - other","0","0","0","0","0","0","0","0","0","0","0","0","0","0","0","0","0","0","0","0","0","0","0","0","0","0","0","0","0","0","-2"
"198835","Lenoir-Rhyne University","2020","Second major","'99'","Grand total","Bachelor's degree","37","15","22","0","0","0","0","0","0","3","2","1","4","0","4","0","0","0","20","10","10","1","0","1","1","0","1","8","3","5","-2"
"198835","Lenoir-Rhyne University","2020","Second major","'99'","Grand total","Master's degree","3","1","2","0","0","0","0","0","0","1","1","0","0","0","0","0","0","0","2","0","2","0","0","0","0","0","0","0","0","0","-2"
"198862","Livingstone College","2020","First major","'99'","Grand total","Associate's degree","8","3","5","0","0","0","0","0","0","8","3","5","0","0","0","0","0","0","0","0","0","0","0","0","0","0","0","0","0","0","-2"
"198862","Livingstone College","2020","First major","'99'","Grand total","Bachelor's degree","171","79","92","0","0","0","0","0","0","147","68","79","0","0","0","1","0","1","6","4","2","6","4","2","11","3","8","0","0","0","-2"
"198871","Louisburg College","2020","First major","'99'","Grand total","Associate's degree","69","39","30","1","1","0","1","1","0","30","18","12","5","5","0","0","0","0","29","13","16","2","1","1","1","0","1","0","0","0","-2"
"198899","Mars Hill University","2020","First major","'99'","Grand total","Bachelor's degree","221","99","122","3","2","1","4","0","4","31","19","12","11","3","8","0","0","0","150","60","90","0","0","0","9","3","6","13","12","1","-2"
"198899","Mars Hill University","2020","First major","'99'","Grand total","Master's degree","15","7","8","1","1","0","0","0","0","2","1","1","0","0","0","0","0","0","9","2","7","0","0","0","0","0","0","3","3","0","-2"
"198899","Mars Hill University","2020","Second major","'99'","Grand total","Bachelor's degree","9","0","9","0","0","0","0","0","0","0","0","0","1","0","1","0","0","0","8","0","8","0","0","0","0","0","0","0","0","0","-2"
"198905","Martin Community College","2020","First major","'99'","Grand total","Associate's degree","109","32","77","1","1","0","0","0","0","19","4","15","2","1","1","0","0","0","55","18","37","0","0","0","32","8","24","0","0","0","-2"
"198914","Mayland Community College","2020","First major","'99'","Grand total","Associate's degree","131","57","74","1","0","1","2","0","2","1","0","1","5","2","3","0","0","0","110","48","62","0","0","0","9","5","4","3","2","1","-2"
"198923","McDowell Technical Community College","2020","First major","'99'","Grand total","Associate's degree","137","35","102","2","0","2","4","2","2","2","1","1","12","2","10","0","0","0","112","30","82","3","0","3","1","0","1","1","0","1","-2"
"198950","Meredith College","2020","First major","'99'","Grand total","Bachelor's degree","384","0","384","2","0","2","10","0","10","27","0","27","30","0","30","0","0","0","280","0","280","17","0","17","11","0","11","7","0","7","-2"
"198950","Meredith College","2020","First major","'99'","Grand total","Master's degree","87","9","78","0","0","0","1","0","1","12","2","10","7","0","7","0","0","0","60","6","54","2","1","1","2","0","2","3","0","3","-2"
"198950","Meredith College","2020","Second major","'99'","Grand total","Bachelor's degree","67","0","67","0","0","0","2","0","2","6","0","6","7","0","7","0","0","0","46","0","46","3","0","3","3","0","3","0","0","0","-2"
"198969","Methodist University","2020","First major","'99'","Grand total","Associate's degree","0","0","0","0","0","0","0","0","0","0","0","0","0","0","0","0","0","0","0","0","0","0","0","0","0","0","0","0","0","0","-2"
"198969","Methodist University","2020","First major","'99'","Grand total","Bachelor's degree","358","175","183","5","3","2","5","1","4","50","20","30","32","12","20","0","0","0","137","76","61","12","6","6","53","28","25","64","29","35","-2"
"198969","Methodist University","2020","First major","'99'","Grand total","Master's degree","64","22","42","1","0","1","5","1","4","6","0","6","8","2","6","0","0","0","31","15","16","0","0","0","9","3","6","4","1","3","-2"
"198969","Methodist University","2020","First major","'99'","Grand total","Doctor's degree - professional practice","33","17","16","0","0","0","0","0","0","0","0","0","1","1","0","0","0","0","0","0","0","0","0","0","32","16","16","0","0","0","-2"
"198969","Methodist University","2020","Second major","'99'","Grand total","Bachelor's degree","61","27","34","0","0","0","0","0","0","2","0","2","3","1","2","0","0","0","21","10","11","2","1","1","4","3","1","29","12","17","-2"
"198978","Platt College-Miller-Motte-Wilmington","2020","First major","'99'","Grand total","Associate's degree","94","25","69","0","0","0","0","0","0","55","17","38","1","0","1","0","0","0","29","6","23","4","0","4","5","2","3","0","0","0","-2"
"198978","Platt College-Miller-Motte-Wilmington","2020","First major","'99'","Grand total","Bachelor's degree","15","5","10","0","0","0","0","0","0","11","5","6","0","0","0","0","0","0","4","0","4","0","0","0","0","0","0","0","0","0","-2"
"198987","Mitchell Community College","2020","First major","'99'","Grand total","Associate's degree","445","157","288","5","2","3","11","3","8","40","8","32","40","14","26","0","0","0","328","119","209","13","7","6","6","3","3","2","1","1","-2"
"199023","Montgomery Community College","2020","First major","'99'","Grand total","Associate's degree","126","52","74","0","0","0","1","0","1","14","4","10","28","9","19","0","0","0","76","33","43","5","4","1","0","0","0","2","2","0","-2"
"199032","Montreat College","2020","First major","'99'","Grand total","Associate's degree","1","0","1","0","0","0","0","0","0","1","0","1","0","0","0","0","0","0","0","0","0","0","0","0","0","0","0","0","0","0","-2"
"199032","Montreat College","2020","First major","'99'","Grand total","Bachelor's degree","137","58","79","2","2","0","2","2","0","18","4","14","5","5","0","0","0","0","89","33","56","11","4","7","8","6","2","2","2","0","-2"
"199032","Montreat College","2020","First major","'99'","Grand total","Master's degree","37","18","19","0","0","0","0","0","0","4","1","3","2","0","2","0","0","0","28","15","13","3","2","1","0","0","0","0","0","0","-2"
"199032","Montreat College","2020","Second major","'99'","Grand total","Bachelor's degree","5","4","1","0","0","0","0","0","0","1","1","0","0","0","0","0","0","0","4","3","1","0","0","0","0","0","0","0","0","0","-2"
"199069","University of Mount Olive","2020","First major","'99'","Grand total","Associate's degree","160","44","116","0","0","0","1","1","0","34","9","25","7","3","4","0","0","0","65","26","39","3","0","3","45","4","41","5","1","4","-2"
"199069","University of Mount Olive","2020","First major","'99'","Grand total","Bachelor's degree","603","197","406","3","0","3","3","0","3","145","40","105","39","12","27","0","0","0","349","117","232","21","7","14","18","8","10","25","13","12","-2"
"199069","University of Mount Olive","2020","First major","'99'","Grand total","Master's degree","87","23","64","1","0","1","1","1","0","27","7","20","4","1","3","0","0","0","51","12","39","2","1","1","0","0","0","1","1","0","-2"
"199087","Nash Community College","2020","First major","'99'","Grand total","Associate's degree","434","181","253","6","2","4","4","3","1","106","29","77","31","19","12","2","1","1","269","119","150","7","2","5","5","3","2","4","3","1","-2"
"199102","North Carolina A & T State University","2020","First major","'99'","Grand total","Bachelor's degree","1941","750","1191","3","1","2","16","10","6","1544","560","984","71","25","46","0","0","0","130","69","61","81","32","49","65","26","39","31","27","4","-2"
"199102","North Carolina A & T State University","2020","First major","'99'","Grand total","Master's degree","387","141","246","1","1","0","7","6","1","247","81","166","7","3","4","1","0","1","51","16","35","10","2","8","13","4","9","50","28","22","-2"
"199102","North Carolina A & T State University","2020","First major","'99'","Grand total","Doctor's degree - research/scholarship","66","43","23","0","0","0","3","2","1","25","9","16","0","0","0","0","0","0","7","7","0","1","0","1","2","2","0","28","23","5","-2"
"199102","North Carolina A & T State University","2020","Second major","'99'","Grand total","Bachelor's degree","18","5","13","0","0","0","0","0","0","12","3","9","1","0","1","0","0","0","3","1","2","1","0","1","0","0","0","1","1","0","-2"
"199111","University of North Carolina at Asheville","2020","First major","'99'","Grand total","Bachelor's degree","785","321","464","3","0","3","16","2","14","33","10","23","60","28","32","0","0","0","611","255","356","28","10","18","26","13","13","8","3","5","-2"
"199111","University of North Carolina at Asheville","2020","First major","'99'","Grand total","Master's degree","4","3","1","0","0","0","0","0","0","0","0","0","0","0","0","0","0","0","3","3","0","0","0","0","0","0","0","1","0","1","-2"
"199111","University of North Carolina at Asheville","2020","Second major","'99'","Grand total","Bachelor's degree","25","10","15","0","0","0","0","0","0","0","0","0","3","1","2","0","0","0","21","9","12","0","0","0","1","0","1","0","0","0","-2"
"199120","University of North Carolina at Chapel Hill","2020","First major","'99'","Grand total","Bachelor's degree","4828","1931","2897","23","9","14","520","232","288","363","121","242","380","146","234","0","0","0","3045","1208","1837","218","94","124","163","67","96","116","54","62","-2"
"199120","University of North Carolina at Chapel Hill","2020","First major","'99'","Grand total","Master's degree","2439","1092","1347","3","1","2","157","76","81","175","61","114","130","52","78","2","1","1","1580","704","876","120","46","74","63","35","28","209","116","93","-2"
"199120","University of North Carolina at Chapel Hill","2020","First major","'99'","Grand total","Doctor's degree - research/scholarship","582","264","318","1","1","0","32","13","19","21","1","20","33","15","18","2","0","2","358","155","203","18","6","12","15","7","8","102","66","36","-2"
"199120","University of North Carolina at Chapel Hill","2020","First major","'99'","Grand total","Doctor's degree - professional practice","660","271","389","1","0","1","75","25","50","53","25","28","43","18","25","1","1","0","416","167","249","36","17","19","24","12","12","11","6","5","-2"
"199120","University of North Carolina at Chapel Hill","2020","Second major","'99'","Grand total","Bachelor's degree","1445","572","873","4","2","2","173","85","88","81","23","58","92","31","61","0","0","0","947","366","581","54","20","34","43","20","23","51","25","26","-2"
"199139","University of North Carolina at Charlotte","2020","First major","'99'","Grand total","Bachelor's degree","5781","2855","2926","20","8","12","394","197","197","847","322","525","591","264","327","2","1","1","3391","1772","1619","287","123","164","91","53","38","158","115","43","-2"
"199139","University of North Carolina at Charlotte","2020","First major","'99'","Grand total","Master's degree","1613","728","885","1","1","0","63","40","23","165","46","119","78","24","54","0","0","0","677","252","425","25","8","17","27","13","14","577","344","233","-2"
"199139","University of North Carolina at Charlotte","2020","First major","'99'","Grand total","Doctor's degree - research/scholarship","101","53","48","0","0","0","0","0","0","9","4","5","2","0","2","0","0","0","46","20","26","4","2","2","3","3","0","37","24","13","-2"
"199139","University of North Carolina at Charlotte","2020","First major","'99'","Grand total","Doctor's degree - professional practice","28","8","20","1","0","1","0","0","0","10","1","9","0","0","0","0","0","0","16","7","9","0","0","0","0","0","0","1","0","1","-2"
"199139","University of North Carolina at Charlotte","2020","Second major","'99'","Grand total","Bachelor's degree","209","82","127","0","0","0","8","4","4","33","11","22","23","6","17","0","0","0","127","53","74","8","1","7","2","2","0","8","5","3","-2"
"199148","University of North Carolina at Greensboro","2020","First major","'99'","Grand total","Bachelor's degree","3528","1141","2387","8","1","7","193","83","110","919","222","697","328","111","217","3","2","1","1842","640","1202","159","45","114","18","5","13","58","32","26","-2"
"199148","University of North Carolina at Greensboro","2020","First major","'99'","Grand total","Master's degree","891","246","645","0","0","0","27","6","21","154","43","111","34","9","25","0","0","0","546","140","406","14","6","8","20","5","15","96","37","59","-2"
"199148","University of North Carolina at Greensboro","2020","First major","'99'","Grand total","Doctor's degree - research/scholarship","156","55","101","2","2","0","10","1","9","25","8","17","2","1","1","0","0","0","88","31","57","1","1","0","5","2","3","23","9","14","-2"
"199148","University of North Carolina at Greensboro","2020","First major","'99'","Grand total","Doctor's degree - professional practice","86","17","69","0","0","0","1","0","1","18","3","15","2","0","2","0","0","0","58","14","44","2","0","2","5","0","5","0","0","0","-2"
"199148","University of North Carolina at Greensboro","2020","Second major","'99'","Grand total","Bachelor's degree","150","54","96","0","0","0","10","5","5","32","10","22","17","4","13","0","0","0","82","31","51","6","2","4","0","0","0","3","2","1","-2"
"199157","North Carolina Central University","2020","First major","'99'","Grand total","Bachelor's degree","1098","356","742","4","1","3","14","4","10","867","261","606","55","21","34","1","0","1","89","46","43","46","17","29","16","4","12","6","2","4","-2"
"199157","North Carolina Central University","2020","First major","'99'","Grand total","Master's degree","531","116","415","1","0","1","10","5","5","354","78","276","16","3","13","0","0","0","120","24","96","20","3","17","4","1","3","6","2","4","-2"
"199157","North Carolina Central University","2020","First major","'99'","Grand total","Doctor's degree - research/scholarship","2","2","0","0","0","0","0","0","0","1","1","0","0","0","0","0","0","0","0","0","0","0","0","0","0","0","0","1","1","0","-2"
"199157","North Carolina Central University","2020","First major","'99'","Grand total","Doctor's degree - professional practice","119","42","77","4","2","2","1","1","0","64","17","47","10","6","4","0","0","0","38","15","23","1","1","0","1","0","1","0","0","0","-2"
"199157","North Carolina Central University","2020","Second major","'99'","Grand total","Bachelor's degree","11","3","8","0","0","0","0","0","0","8","2","6","0","0","0","0","0","0","2","1","1","0","0","0","1","0","1","0","0","0","-2"
"199184","University of North Carolina School of the Arts","2020","First major","'99'","Grand total","Bachelor's degree","223","107","116","2","1","1","5","3","2","19","8","11","19","9","10","0","0","0","162","76","86","11","6","5","2","2","0","3","2","1","-2"
"199184","University of North Carolina School of the Arts","2020","First major","'99'","Grand total","Master's degree","52","30","22","0","0","0","2","2","0","6","5","1","0","0","0","0","0","0","34","17","17","2","2","0","1","1","0","7","3","4","-2"
"199193","North Carolina State University at Raleigh","2020","First major","'99'","Grand total","Associate's degree","165","131","34","2","1","1","0","0","0","7","5","2","2","1","1","0","0","0","146","116","30","3","3","0","5","5","0","0","0","0","-2"
"199193","North Carolina State University at Raleigh","2020","First major","'99'","Grand total","Bachelor's degree","5991","3093","2898","19","15","4","470","238","232","321","111","210","312","153","159","5","0","5","4127","2166","1961","221","103","118","239","133","106","277","174","103","-2"
"199193","North Carolina State University at Raleigh","2020","First major","'99'","Grand total","Master's degree","2732","1435","1297","9","6","3","141","61","80","195","66","129","71","34","37","1","0","1","1324","636","688","52","16","36","59","31","28","880","585","295","-2"
"199193","North Carolina State University at Raleigh","2020","First major","'99'","Grand total","Doctor's degree - research/scholarship","562","315","247","2","0","2","21","9","12","32","10","22","9","5","4","0","0","0","240","123","117","11","5","6","10","7","3","237","156","81","-2"
"199193","North Carolina State University at Raleigh","2020","First major","'99'","Grand total","Doctor's degree - professional practice","100","23","77","1","0","1","4","1","3","5","2","3","5","2","3","0","0","0","81","17","64","2","1","1","2","0","2","0","0","0","-2"
"199193","North Carolina State University at Raleigh","2020","Second major","'99'","Grand total","Master's degree","3","0","3","0","0","0","0","0","0","0","0","0","0","0","0","0","0","0","3","0","3","0","0","0","0","0","0","0","0","0","-2"
"199193","North Carolina State University at Raleigh","2020","Second major","'99'","Grand total","Doctor's degree - research/scholarship","6","5","1","0","0","0","0","0","0","0","0","0","0","0","0","0","0","0","1","1","0","0","0","0","0","0","0","5","4","1","-2"
"199209","North Carolina Wesleyan College","2020","First major","'99'","Grand total","Bachelor's degree","389","154","235","6","5","1","10","5","5","136","40","96","25","16","9","0","0","0","137","55","82","5","3","2","67","29","38","3","1","2","-2"
"199209","North Carolina Wesleyan College","2020","First major","'99'","Grand total","Master's degree","29","12","17","0","0","0","1","0","1","10","4","6","1","0","1","0","0","0","13","6","7","0","0","0","4","2","2","0","0","0","-2"
"199209","North Carolina Wesleyan College","2020","Second major","'99'","Grand total","Bachelor's degree","97","32","65","1","1","0","4","2","2","30","8","22","5","2","3","0","0","0","37","13","24","0","0","0","19","6","13","1","0","1","-2"
"199209","North Carolina Wesleyan College","2020","Second major","'99'","Grand total","Master's degree","1","0","1","0","0","0","0","0","0","0","0","0","0","0","0","0","0","0","1","0","1","0","0","0","0","0","0","0","0","0","-2"
"199218","University of North Carolina Wilmington","2020","First major","'99'","Grand total","Bachelor's degree","3826","1319","2507","13","5","8","71","20","51","161","53","108","261","88","173","8","2","6","3055","1050","2005","129","47","82","88","34","54","40","20","20","-2"
"199218","University of North Carolina Wilmington","2020","First major","'99'","Grand total","Master's degree","883","244","639","2","0","2","13","1","12","77","11","66","46","15","31","0","0","0","676","193","483","25","10","15","21","5","16","23","9","14","-2"
"199218","University of North Carolina Wilmington","2020","First major","'99'","Grand total","Doctor's degree - research/scholarship","24","9","15","0","0","0","0","0","0","6","3","3","0","0","0","1","0","1","16","6","10","0","0","0","1","0","1","0","0","0","-2"
"199218","University of North Carolina Wilmington","2020","First major","'99'","Grand total","Doctor's degree - professional practice","14","1","13","0","0","0","0","0","0","3","0","3","0","0","0","0","0","0","11","1","10","0","0","0","0","0","0","0","0","0","-2"
"199218","University of North Carolina Wilmington","2020","Second major","'99'","Grand total","Bachelor's degree","110","30","80","0","0","0","2","0","2","5","2","3","9","2","7","0","0","0","84","24","60","6","1","5","4","1","3","0","0","0","-2"
"199263","Pamlico Community College","2020","First major","'99'","Grand total","Associate's degree","47","23","24","0","0","0","1","1","0","15","8","7","1","1","0","0","0","0","27","12","15","0","0","0","3","1","2","0","0","0","-2"
"199272","William Peace University","2020","First major","'99'","Grand total","Bachelor's degree","191","82","109","2","0","2","3","1","2","42","16","26","21","13","8","1","0","1","99","46","53","5","1","4","16","5","11","2","0","2","-2"
"199281","University of North Carolina at Pembroke","2020","First major","'99'","Grand total","Bachelor's degree","1071","375","696","143","34","109","18","6","12","352","127","225","67","25","42","0","0","0","434","171","263","34","5","29","11","1","10","12","6","6","-2"
"199281","University of North Carolina at Pembroke","2020","First major","'99'","Grand total","Master's degree","346","88","258","32","4","28","8","3","5","97","25","72","20","4","16","0","0","0","168","46","122","14","3","11","2","1","1","5","2","3","-2"
"199306","Pfeiffer University","2020","First major","'99'","Grand total","Bachelor's degree","142","53","89","1","0","1","3","0","3","19","6","13","9","5","4","1","1","0","105","37","68","1","1","0","0","0","0","3","3","0","-2"
"199306","Pfeiffer University","2020","First major","'99'","Grand total","Master's degree","132","40","92","0","0","0","1","0","1","45","7","38","3","2","1","0","0","0","77","30","47","3","1","2","0","0","0","3","0","3","-2"
"199306","Pfeiffer University","2020","Second major","'99'","Grand total","Bachelor's degree","13","4","9","1","0","1","0","0","0","1","0","1","1","0","1","0","0","0","10","4","6","0","0","0","0","0","0","0","0","0","-2"
"199324","Piedmont Community College","2020","First major","'99'","Grand total","Associate's degree","107","30","77","1","1","0","0","0","0","19","2","17","5","1","4","0","0","0","77","24","53","3","1","2","2","1","1","0","0","0","-2"
"199333","Pitt Community College","2020","First major","'99'","Grand total","Associate's degree","1200","394","806","7","4","3","18","4","14","380","91","289","103","33","70","3","0","3","626","235","391","18","8","10","30","12","18","15","7","8","-2"
"199412","Queens University of Charlotte","2020","First major","'99'","Grand total","Bachelor's degree","427","120","307","2","0","2","12","4","8","70","16","54","40","12","28","1","0","1","242","63","179","9","3","6","17","3","14","34","19","15","-2"
"199412","Queens University of Charlotte","2020","First major","'99'","Grand total","Master's degree","294","67","227","0","0","0","4","1","3","63","4","59","13","5","8","0","0","0","175","42","133","3","1","2","22","2","20","14","12","2","-2"
"199412","Queens University of Charlotte","2020","Second major","'99'","Grand total","Bachelor's degree","11","4","7","0","0","0","1","1","0","0","0","0","1","0","1","0","0","0","7","2","5","0","0","0","1","0","1","1","1","0","-2"
"199421","Randolph Community College","2020","First major","'99'","Grand total","Associate's degree","389","131","258","6","4","2","4","1","3","15","3","12","42","21","21","0","0","0","244","69","175","2","1","1","70","31","39","6","1","5","-2"
"199449","Richmond Community College","2020","First major","'99'","Grand total","Associate's degree","397","113","284","40","14","26","2","1","1","81","18","63","27","7","20","0","0","0","194","59","135","9","2","7","43","11","32","1","1","0","-2"
"199458","Mid-Atlantic Christian University","2020","First major","'99'","Grand total","Associate's degree","3","2","1","0","0","0","0","0","0","1","0","1","0","0","0","0","0","0","2","2","0","0","0","0","0","0","0","0","0","0","-2"
"199458","Mid-Atlantic Christian University","2020","First major","'99'","Grand total","Bachelor's degree","34","10","24","1","0","1","0","0","0","5","1","4","0","0","0","0","0","0","27","8","19","1","1","0","0","0","0","0","0","0","-2"
"199458","Mid-Atlantic Christian University","2020","Second major","'99'","Grand total","Bachelor's degree","25","8","17","1","0","1","0","0","0","3","1","2","0","0","0","0","0","0","20","6","14","1","1","0","0","0","0","0","0","0","-2"
"199467","Roanoke-Chowan Community College","2020","First major","'99'","Grand total","Associate's degree","86","25","61","0","0","0","1","0","1","52","14","38","1","0","1","0","0","0","24","8","16","2","1","1","6","2","4","0","0","0","-2"
"199476","Robeson Community College","2020","First major","'99'","Grand total","Associate's degree","218","71","147","93","28","65","3","1","2","42","11","31","15","10","5","1","0","1","51","13","38","9","5","4","2","1","1","2","2","0","-2"
"199485","Rockingham Community College","2020","First major","'99'","Grand total","Associate's degree","274","95","179","1","0","1","2","2","0","29","5","24","25","7","18","0","0","0","203","77","126","8","1","7","6","3","3","0","0","0","-2"
"199494","Rowan-Cabarrus Community College","2020","First major","'99'","Grand total","Associate's degree","922","288","634","5","1","4","33","14","19","129","29","100","112","26","86","1","0","1","578","201","377","38","10","28","7","2","5","19","5","14","-2"
"199582","Saint Augustine's University","2020","First major","'99'","Grand total","Bachelor's degree","113","49","64","0","0","0","0","0","0","95","43","52","2","0","2","0","0","0","3","2","1","0","0","0","2","1","1","11","3","8","-2"
"199607","Salem College","2020","First major","'99'","Grand total","Bachelor's degree","177","4","173","1","0","1","1","0","1","33","0","33","26","0","26","0","0","0","99","4","95","12","0","12","5","0","5","0","0","0","-2"
"199607","Salem College","2020","First major","'99'","Grand total","Master's degree","33","3","30","1","0","1","1","0","1","6","0","6","0","0","0","0","0","0","23","2","21","0","0","0","2","1","1","0","0","0","-2"
"199607","Salem College","2020","Second major","'99'","Grand total","Bachelor's degree","56","0","56","0","0","0","1","0","1","10","0","10","14","0","14","0","0","0","28","0","28","3","0","3","0","0","0","0","0","0","-2"
"199625","Sampson Community College","2020","First major","'99'","Grand total","Associate's degree","310","108","202","7","2","5","0","0","0","44","5","39","88","41","47","0","0","0","156","58","98","4","2","2","5","0","5","6","0","6","-2"
"199634","Sandhills Community College","2020","First major","'99'","Grand total","Associate's degree","633","250","383","15","3","12","9","4","5","64","18","46","70","27","43","3","1","2","429","177","252","17","5","12","20","11","9","6","4","2","-2"
"199643","Shaw University","2020","First major","'99'","Grand total","Bachelor's degree","172","66","106","1","1","0","0","0","0","122","44","78","4","1","3","0","0","0","4","1","3","11","3","8","16","7","9","14","9","5","-2"
"199643","Shaw University","2020","First major","'99'","Grand total","Master's degree","19","7","12","0","0","0","0","0","0","16","5","11","1","0","1","0","0","0","0","0","0","0","0","0","2","2","0","0","0","0","-2"
"199698","St. Andrews University","2020","First major","'99'","Grand total","Bachelor's degree","103","44","59","3","2","1","0","0","0","16","6","10","2","2","0","0","0","0","52","16","36","4","1","3","4","0","4","22","17","5","-2"
"199698","St. Andrews University","2020","First major","'99'","Grand total","Master's degree","9","3","6","0","0","0","0","0","0","1","1","0","0","0","0","0","0","0","5","1","4","0","0","0","1","0","1","2","1","1","-2"
"199698","St. Andrews University","2020","Second major","'99'","Grand total","Bachelor's degree","4","2","2","0","0","0","0","0","0","0","0","0","0","0","0","0","0","0","3","1","2","1","1","0","0","0","0","0","0","0","-2"
"199722","Southeastern Community College","2020","First major","'99'","Grand total","Associate's degree","231","105","126","12","9","3","1","1","0","32","15","17","13","5","8","0","0","0","158","72","86","5","1","4","10","2","8","0","0","0","-2"
"199731","Southwestern Community College","2020","First major","'99'","Grand total","Associate's degree","410","125","285","19","4","15","5","2","3","8","3","5","30","11","19","3","0","3","318","95","223","13","3","10","4","1","3","10","6","4","-2"
"199740","Stanly Community College","2020","First major","'99'","Grand total","Associate's degree","392","113","279","1","0","1","26","13","13","44","8","36","16","5","11","1","0","1","255","71","184","9","0","9","37","15","22","3","1","2","-2"
"199759","Southeastern Baptist Theological Seminary","2020","First major","'99'","Grand total","Associate's degree","2","1","1","0","0","0","0","0","0","0","0","0","0","0","0","0","0","0","2","1","1","0","0","0","0","0","0","0","0","0","-2"
"199759","Southeastern Baptist Theological Seminary","2020","First major","'99'","Grand total","Bachelor's degree","71","49","22","0","0","0","3","3","0","2","1","1","3","3","0","0","0","0","61","40","21","0","0","0","1","1","0","1","1","0","-2"
"199759","Southeastern Baptist Theological Seminary","2020","First major","'99'","Grand total","Master's degree","363","289","74","4","3","1","10","8","2","12","10","2","13","12","1","0","0","0","309","244","65","0","0","0","8","7","1","7","5","2","-2"
"199759","Southeastern Baptist Theological Seminary","2020","First major","'99'","Grand total","Doctor's degree - research/scholarship","20","20","0","0","0","0","0","0","0","0","0","0","0","0","0","0","0","0","19","19","0","0","0","0","0","0","0","1","1","0","-2"
"199759","Southeastern Baptist Theological Seminary","2020","First major","'99'","Grand total","Doctor's degree - other","41","40","1","0","0","0","1","1","0","1","1","0","2","2","0","0","0","0","35","34","1","0","0","0","1","1","0","1","1","0","-2"
"199768","Surry Community College","2020","First major","'99'","Grand total","Associate's degree","510","176","334","4","2","2","6","2","4","12","1","11","107","37","70","0","0","0","363","130","233","6","0","6","11","4","7","1","0","1","-2"
"199786","Alamance Community College","2020","First major","'99'","Grand total","Associate's degree","579","185","394","1","0","1","9","4","5","82","13","69","94","26","68","0","0","0","336","121","215","22","6","16","17","8","9","18","7","11","-2"
"199795","Tri-County Community College","2020","First major","'99'","Grand total","Associate's degree","175","57","118","1","1","0","1","0","1","1","0","1","7","2","5","0","0","0","161","52","109","2","0","2","1","1","0","1","1","0","-2"
"199838","Vance-Granville Community College","2020","First major","'99'","Grand total","Associate's degree","446","144","302","2","0","2","8","3","5","136","42","94","51","13","38","3","2","1","215","72","143","9","4","5","18","5","13","4","3","1","-2"
"199847","Wake Forest University","2020","First major","'99'","Grand total","Bachelor's degree","1226","563","663","1","0","1","49","27","22","85","35","50","79","33","46","0","0","0","862","400","462","33","16","17","1","1","0","116","51","65","-2"
"199847","Wake Forest University","2020","First major","'99'","Grand total","Master's degree","957","397","560","6","2","4","42","19","23","118","45","73","43","13","30","1","0","1","575","242","333","10","6","4","29","13","16","133","57","76","-2"
"199847","Wake Forest University","2020","First major","'99'","Grand total","Doctor's degree - research/scholarship","34","19","15","0","0","0","2","0","2","2","0","2","0","0","0","0","0","0","15","9","6","1","0","1","6","4","2","8","6","2","-2"
"199847","Wake Forest University","2020","First major","'99'","Grand total","Doctor's degree - professional practice","266","119","147","0","0","0","21","7","14","30","13","17","17","10","7","0","0","0","181","82","99","4","0","4","9","5","4","4","2","2","-2"
"199847","Wake Forest University","2020","Second major","'99'","Grand total","Bachelor's degree","216","90","126","0","0","0","8","6","2","10","2","8","13","2","11","0","0","0","138","60","78","2","2","0","0","0","0","45","18","27","-2"
"199856","Wake Technical Community College","2020","First major","'99'","Grand total","Associate's degree","2837","1281","1556","16","7","9","158","70","88","420","113","307","333","131","202","6","1","5","1645","841","804","86","43","43","72","36","36","101","39","62","-2"
"199865","Warren Wilson College","2020","First major","'99'","Grand total","Bachelor's degree","114","40","74","1","1","0","1","0","1","5","2","3","9","2","7","0","0","0","87","30","57","7","1","6","1","1","0","3","3","0","-2"
"199865","Warren Wilson College","2020","First major","'99'","Grand total","Master's degree","25","9","16","0","0","0","1","0","1","1","0","1","2","2","0","0","0","0","20","7","13","1","0","1","0","0","0","0","0","0","-2"
"199865","Warren Wilson College","2020","Second major","'99'","Grand total","Bachelor's degree","9","2","7","0","0","0","0","0","0","1","0","1","0","0","0","0","0","0","6","1","5","1","0","1","0","0","0","1","1","0","-2"
"199892","Wayne Community College","2020","First major","'99'","Grand total","Associate's degree","522","184","338","4","1","3","12","3","9","89","30","59","70","24","46","0","0","0","325","119","206","11","4","7","5","2","3","6","1","5","-2"
"199908","Western Piedmont Community College","2020","First major","'99'","Grand total","Associate's degree","366","130","236","1","0","1","42","13","29","18","5","13","20","8","12","0","0","0","283","104","179","0","0","0","0","0","0","2","0","2","-2"
"199926","Wilkes Community College","2020","First major","'99'","Grand total","Associate's degree","367","152","215","1","0","1","4","2","2","3","1","2","29","9","20","0","0","0","316","132","184","8","4","4","4","3","1","2","1","1","-2"
"199953","Wilson Community College","2020","First major","'99'","Grand total","Associate's degree","217","60","157","4","1","3","2","0","2","73","11","62","28","12","16","0","0","0","96","34","62","1","0","1","9","1","8","4","1","3","-2"
"199962","Wingate University","2020","First major","'99'","Grand total","Bachelor's degree","439","158","281","1","0","1","8","5","3","61","23","38","18","5","13","0","0","0","266","91","175","33","9","24","15","4","11","37","21","16","-2"
"199962","Wingate University","2020","First major","'99'","Grand total","Master's degree","137","58","79","1","1","0","2","0","2","17","8","9","3","1","2","0","0","0","88","34","54","5","3","2","18","8","10","3","3","0","-2"
"199962","Wingate University","2020","First major","'99'","Grand total","Doctor's degree - research/scholarship","65","24","41","0","0","0","0","0","0","10","5","5","0","0","0","0","0","0","43","18","25","0","0","0","12","1","11","0","0","0","-2"
"199962","Wingate University","2020","First major","'99'","Grand total","Doctor's degree - professional practice","80","26","54","0","0","0","6","1","5","7","3","4","2","0","2","0","0","0","41","15","26","1","0","1","22","6","16","1","1","0","-2"
"199962","Wingate University","2020","Second major","'99'","Grand total","Bachelor's degree","18","3","15","0","0","0","0","0","0","5","1","4","0","0","0","0","0","0","8","0","8","2","1","1","2","0","2","1","1","0","-2"
"199971","Carolina Christian College","2020","First major","'99'","Grand total","Associate's degree","3","2","1","0","0","0","0","0","0","3","2","1","0","0","0","0","0","0","0","0","0","0","0","0","0","0","0","0","0","0","-2"
"199971","Carolina Christian College","2020","First major","'99'","Grand total","Bachelor's degree","2","2","0","0","0","0","0","0","0","1","1","0","0","0","0","0","0","0","1","1","0","0","0","0","0","0","0","0","0","0","-2"
"199971","Carolina Christian College","2020","First major","'99'","Grand total","Master's degree","0","0","0","0","0","0","0","0","0","0","0","0","0","0","0","0","0","0","0","0","0","0","0","0","0","0","0","0","0","0","-2"
"199971","Carolina Christian College","2020","First major","'99'","Grand total","Doctor's degree - other","0","0","0","0","0","0","0","0","0","0","0","0","0","0","0","0","0","0","0","0","0","0","0","0","0","0","0","0","0","0","-2"
"199999","Winston-Salem State University","2020","First major","'99'","Grand total","Bachelor's degree","1027","226","801","6","0","6","10","3","7","671","161","510","31","4","27","0","0","0","219","36","183","32","7","25","39","10","29","19","5","14","-2"
"199999","Winston-Salem State University","2020","First major","'99'","Grand total","Master's degree","124","22","102","0","0","0","3","1","2","68","11","57","2","1","1","0","0","0","41","8","33","2","0","2","5","0","5","3","1","2","-2"
"199999","Winston-Salem State University","2020","First major","'99'","Grand total","Doctor's degree - professional practice","58","24","34","0","0","0","8","3","5","13","4","9","0","0","0","0","0","0","29","11","18","0","0","0","2","1","1","6","5","1","-2"
"199999","Winston-Salem State University","2020","Second major","'99'","Grand total","Bachelor's degree","4","0","4","0","0","0","0","0","0","4","0","4","0","0","0","0","0","0","0","0","0","0","0","0","0","0","0","0","0","0","-2"
"200004","Western Carolina University","2020","First major","'99'","Grand total","Bachelor's degree","2217","951","1266","14","7","7","21","7","14","103","55","48","125","57","68","2","1","1","1806","754","1052","86","37","49","34","13","21","26","20","6","-2"
"200004","Western Carolina University","2020","First major","'99'","Grand total","Master's degree","579","185","394","2","0","2","9","1","8","47","14","33","25","8","17","0","0","0","445","147","298","13","4","9","1","1","0","37","10","27","-2"
"200004","Western Carolina University","2020","First major","'99'","Grand total","Doctor's degree - research/scholarship","11","6","5","0","0","0","0","0","0","2","1","1","0","0","0","0","0","0","9","5","4","0","0","0","0","0","0","0","0","0","-2"
"200004","Western Carolina University","2020","First major","'99'","Grand total","Doctor's degree - professional practice","32","12","20","0","0","0","0","0","0","0","0","0","3","2","1","0","0","0","27","9","18","1","1","0","0","0","0","1","0","1","-2"
"200004","Western Carolina University","2020","Second major","'99'","Grand total","Bachelor's degree","161","79","82","2","2","0","1","1","0","11","6","5","6","2","4","0","0","0","126","59","67","11","6","5","3","2","1","1","1","0","-2"
"200013","Rasmussen University-North Dakota","2020","First major","'99'","Grand total","Associate's degree","210","33","177","5","0","5","6","2","4","16","5","11","7","0","7","0","0","0","132","25","107","5","0","5","39","1","38","0","0","0","-2"
"200013","Rasmussen University-North Dakota","2020","First major","'99'","Grand total","Bachelor's degree","25","5","20","0","0","0","0","0","0","1","1","0","0","0","0","0","0","0","21","4","17","0","0","0","3","0","3","0","0","0","-2"
"200013","Rasmussen University-North Dakota","2020","First major","'99'","Grand total","Master's degree","2","0","2","0","0","0","0","0","0","0","0","0","0","0","0","0","0","0","2","0","2","0","0","0","0","0","0","0","0","0","-2"
"200022","Bismarck State College","2020","First major","'99'","Grand total","Associate's degree","719","432","287","7","5","2","5","3","2","11","9","2","16","11","5","0","0","0","645","382","263","26","15","11","6","4","2","3","3","0","-2"
"200022","Bismarck State College","2020","First major","'99'","Grand total","Bachelor's degree","60","55","5","0","0","0","0","0","0","1","1","0","7","7","0","0","0","0","49","44","5","3","3","0","0","0","0","0","0","0","-2"
"200022","Bismarck State College","2020","Second major","'99'","Grand total","Associate's degree","78","27","51","1","1","0","1","1","0","0","0","0","0","0","0","0","0","0","71","23","48","5","2","3","0","0","0","0","0","0","-2"
"200059","Dickinson State University","2020","First major","'99'","Grand total","Associate's degree","56","18","38","1","1","0","0","0","0","0","0","0","2","0","2","0","0","0","47","16","31","1","0","1","1","0","1","4","1","3","-2"
"200059","Dickinson State University","2020","First major","'99'","Grand total","Bachelor's degree","213","69","144","4","1","3","2","1","1","6","2","4","14","5","9","0","0","0","173","54","119","7","3","4","2","1","1","5","2","3","-2"
"200059","Dickinson State University","2020","First major","'99'","Grand total","Master's degree","5","2","3","0","0","0","0","0","0","0","0","0","0","0","0","0","0","0","5","2","3","0","0","0","0","0","0","0","0","0","-2"
"200059","Dickinson State University","2020","Second major","'99'","Grand total","Bachelor's degree","33","7","26","2","0","2","0","0","0","0","0","0","3","0","3","0","0","0","27","7","20","1","0","1","0","0","0","0","0","0","-2"
"200086","Nueta Hidatsa Sahnish College","2020","First major","'99'","Grand total","Associate's degree","13","3","10","12","3","9","0","0","0","0","0","0","0","0","0","1","0","1","0","0","0","0","0","0","0","0","0","0","0","0","-2"
"200086","Nueta Hidatsa Sahnish College","2020","First major","'99'","Grand total","Bachelor's degree","1","1","0","1","1","0","0","0","0","0","0","0","0","0","0","0","0","0","0","0","0","0","0","0","0","0","0","0","0","0","-2"
"200156","University of Jamestown","2020","First major","'99'","Grand total","Bachelor's degree","187","95","92","0","0","0","1","1","0","9","6","3","11","6","5","1","1","0","137","55","82","0","0","0","0","0","0","28","26","2","-2"
"200156","University of Jamestown","2020","First major","'99'","Grand total","Master's degree","41","9","32","0","0","0","0","0","0","0","0","0","1","1","0","0","0","0","40","8","32","0","0","0","0","0","0","0","0","0","-2"
"200156","University of Jamestown","2020","First major","'99'","Grand total","Doctor's degree - other","36","14","22","0","0","0","3","3","0","0","0","0","2","1","1","0","0","0","31","10","21","0","0","0","0","0","0","0","0","0","-2"
"200192","Lake Region State College","2020","First major","'99'","Grand total","Associate's degree","216","104","112","5","1","4","2","1","1","4","1","3","12","4","8","0","0","0","158","68","90","9","6","3","3","2","1","23","21","2","-2"
"200208","Cankdeska Cikana Community College","2020","First major","'99'","Grand total","Associate's degree","17","6","11","14","5","9","0","0","0","0","0","0","0","0","0","0","0","0","3","1","2","0","0","0","0","0","0","0","0","0","-2"
"200217","University of Mary","2020","First major","'99'","Grand total","Bachelor's degree","529","162","367","11","1","10","8","1","7","11","8","3","20","4","16","1","0","1","421","124","297","19","7","12","36","15","21","2","2","0","-2"
"200217","University of Mary","2020","First major","'99'","Grand total","Master's degree","447","156","291","12","2","10","7","4","3","15","7","8","15","5","10","3","3","0","316","99","217","7","3","4","68","30","38","4","3","1","-2"
"200217","University of Mary","2020","First major","'99'","Grand total","Doctor's degree - research/scholarship","11","5","6","2","1","1","0","0","0","0","0","0","0","0","0","0","0","0","9","4","5","0","0","0","0","0","0","0","0","0","-2"
"200217","University of Mary","2020","First major","'99'","Grand total","Doctor's degree - professional practice","74","26","48","1","0","1","1","1","0","1","1","0","2","1","1","1","0","1","59","20","39","3","1","2","6","2","4","0","0","0","-2"
"200217","University of Mary","2020","Second major","'99'","Grand total","Bachelor's degree","58","22","36","1","0","1","0","0","0","1","0","1","0","0","0","1","0","1","51","20","31","0","0","0","4","2","2","0","0","0","-2"
"200217","University of Mary","2020","Second major","'99'","Grand total","Master's degree","6","2","4","0","0","0","0","0","0","0","0","0","0","0","0","0","0","0","5","1","4","0","0","0","1","1","0","0","0","0","-2"
"200226","Mayville State University","2020","First major","'99'","Grand total","Associate's degree","11","2","9","0","0","0","0","0","0","0","0","0","1","0","1","0","0","0","9","2","7","0","0","0","0","0","0","1","0","1","-2"
"200226","Mayville State University","2020","First major","'99'","Grand total","Bachelor's degree","194","53","141","0","0","0","1","0","1","11","5","6","12","5","7","1","0","1","159","37","122","5","1","4","0","0","0","5","5","0","-2"
"200226","Mayville State University","2020","First major","'99'","Grand total","Master's degree","3","1","2","0","0","0","0","0","0","0","0","0","0","0","0","0","0","0","3","1","2","0","0","0","0","0","0","0","0","0","-2"
"200226","Mayville State University","2020","Second major","'99'","Grand total","Bachelor's degree","6","2","4","0","0","0","0","0","0","1","1","0","0","0","0","0","0","0","5","1","4","0","0","0","0","0","0","0","0","0","-2"
"200253","Minot State University","2020","First major","'99'","Grand total","Associate's degree","2","0","2","0","0","0","0","0","0","0","0","0","0","0","0","0","0","0","2","0","2","0","0","0","0","0","0","0","0","0","-2"
"200253","Minot State University","2020","First major","'99'","Grand total","Bachelor's degree","499","161","338","11","3","8","4","2","2","17","9","8","22","8","14","1","0","1","349","97","252","16","6","10","9","7","2","70","29","41","-2"
"200253","Minot State University","2020","First major","'99'","Grand total","Master's degree","109","42","67","1","1","0","2","1","1","3","2","1","3","1","2","0","0","0","61","20","41","2","2","0","1","0","1","36","15","21","-2"
"200253","Minot State University","2020","Second major","'99'","Grand total","Bachelor's degree","45","17","28","0","0","0","1","1","0","2","0","2","0","0","0","1","0","1","27","8","19","0","0","0","1","0","1","13","8","5","-2"
"200280","University of North Dakota","2020","First major","'99'","Grand total","Bachelor's degree","2150","1086","1064","20","5","15","38","21","17","49","33","16","74","40","34","1","1","0","1767","859","908","102","54","48","23","18","5","76","55","21","-2"
"200280","University of North Dakota","2020","First major","'99'","Grand total","Master's degree","851","199","652","11","3","8","15","2","13","27","10","17","26","6","20","1","0","1","673","150","523","28","5","23","13","1","12","57","22","35","-2"
"200280","University of North Dakota","2020","First major","'99'","Grand total","Doctor's degree - research/scholarship","77","42","35","1","0","1","0","0","0","3","2","1","3","2","1","0","0","0","36","20","16","2","0","2","2","1","1","30","17","13","-2"
"200280","University of North Dakota","2020","First major","'99'","Grand total","Doctor's degree - professional practice","207","100","107","6","2","4","6","2","4","6","2","4","3","2","1","1","1","0","162","77","85","4","2","2","11","7","4","8","5","3","-2"
"200280","University of North Dakota","2020","Second major","'99'","Grand total","Bachelor's degree","75","30","45","0","0","0","1","1","0","0","0","0","2","1","1","0","0","0","69","27","42","0","0","0","1","1","0","2","0","2","-2"
"200305","North Dakota State College of Science","2020","First major","'99'","Grand total","Associate's degree","404","227","177","4","3","1","3","0","3","34","22","12","8","4","4","0","0","0","328","188","140","16","6","10","5","3","2","6","1","5","-2"
"200314","Dakota College at Bottineau","2020","First major","'99'","Grand total","Associate's degree","104","32","72","8","0","8","2","0","2","7","6","1","6","2","4","0","0","0","64","19","45","9","2","7","1","1","0","7","2","5","-2"
"200332","North Dakota State University-Main Campus","2020","First major","'99'","Grand total","Bachelor's degree","2557","1322","1235","20","11","9","28","13","15","64","42","22","62","27","35","1","0","1","2224","1143","1081","90","44","46","27","19","8","41","23","18","-2"
"200332","North Dakota State University-Main Campus","2020","First major","'99'","Grand total","Master's degree","433","198","235","5","1","4","7","4","3","6","4","2","6","1","5","0","0","0","314","136","178","7","0","7","9","7","2","79","45","34","-2"
"200332","North Dakota State University-Main Campus","2020","First major","'99'","Grand total","Doctor's degree - research/scholarship","135","72","63","2","1","1","4","3","1","3","1","2","3","1","2","0","0","0","55","23","32","3","1","2","1","1","0","64","41","23","-2"
"200332","North Dakota State University-Main Campus","2020","First major","'99'","Grand total","Doctor's degree - professional practice","82","37","45","1","1","0","4","2","2","1","1","0","1","0","1","0","0","0","71","33","38","2","0","2","2","0","2","0","0","0","-2"
"200332","North Dakota State University-Main Campus","2020","Second major","'99'","Grand total","Bachelor's degree","109","50","59","0","0","0","1","0","1","2","2","0","3","0","3","0","0","0","98","46","52","1","0","1","2","1","1","2","1","1","-2"
"200332","North Dakota State University-Main Campus","2020","Second major","'99'","Grand total","Doctor's degree - research/scholarship","4","1","3","0","0","0","0","0","0","0","0","0","0","0","0","0","0","0","3","1","2","1","0","1","0","0","0","0","0","0","-2"
"200341","Williston State College","2020","First major","'99'","Grand total","Associate's degree","276","96","180","2","0","2","1","0","1","7","3","4","18","5","13","0","0","0","210","77","133","20","4","16","0","0","0","18","7","11","-2"
"200466","Sitting Bull College","2020","First major","'99'","Grand total","Associate's degree","42","11","31","38","9","29","0","0","0","0","0","0","0","0","0","0","0","0","4","2","2","0","0","0","0","0","0","0","0","0","-2"
"200466","Sitting Bull College","2020","First major","'99'","Grand total","Bachelor's degree","12","2","10","12","2","10","0","0","0","0","0","0","0","0","0","0","0","0","0","0","0","0","0","0","0","0","0","0","0","0","-2"
"200466","Sitting Bull College","2020","First major","'99'","Grand total","Master's degree","1","1","0","1","1","0","0","0","0","0","0","0","0","0","0","0","0","0","0","0","0","0","0","0","0","0","0","0","0","0","-2"
"200484","Trinity Bible College and Graduate School","2020","First major","'99'","Grand total","Associate's degree","8","2","6","0","0","0","0","0","0","1","1","0","0","0","0","0","0","0","5","1","4","1","0","1","0","0","0","1","0","1","-2"
"200484","Trinity Bible College and Graduate School","2020","First major","'99'","Grand total","Bachelor's degree","30","15","15","0","0","0","0","0","0","1","1","0","3","1","2","0","0","0","24","12","12","1","0","1","0","0","0","1","1","0","-2"
"200484","Trinity Bible College and Graduate School","2020","First major","'99'","Grand total","Master's degree","21","16","5","0","0","0","0","0","0","0","0","0","0","0","0","0","0","0","13","10","3","1","0","1","7","6","1","0","0","0","-2"
"200484","Trinity Bible College and Graduate School","2020","First major","'99'","Grand total","Doctor's degree - research/scholarship","0","0","0","0","0","0","0","0","0","0","0","0","0","0","0","0","0","0","0","0","0","0","0","0","0","0","0","0","0","0","-2"
"200484","Trinity Bible College and Graduate School","2020","Second major","'99'","Grand total","Bachelor's degree","26","13","13","0","0","0","0","0","0","1","1","0","3","1","2","0","0","0","20","10","10","1","0","1","0","0","0","1","1","0","-2"
"200527","Turtle Mountain Community College","2020","First major","'99'","Grand total","Associate's degree","70","14","56","66","14","52","0","0","0","0","0","0","0","0","0","0","0","0","4","0","4","0","0","0","0","0","0","0","0","0","-2"
"200527","Turtle Mountain Community College","2020","First major","'99'","Grand total","Bachelor's degree","16","5","11","16","5","11","0","0","0","0","0","0","0","0","0","0","0","0","0","0","0","0","0","0","0","0","0","0","0","0","-2"
"200554","United Tribes Technical College","2020","First major","'99'","Grand total","Associate's degree","54","18","36","48","15","33","0","0","0","2","1","1","0","0","0","0","0","0","3","2","1","0","0","0","0","0","0","1","0","1","-2"
"200554","United Tribes Technical College","2020","First major","'99'","Grand total","Bachelor's degree","16","3","13","16","3","13","0","0","0","0","0","0","0","0","0","0","0","0","0","0","0","0","0","0","0","0","0","0","0","0","-2"
"200572","Valley City State University","2020","First major","'99'","Grand total","Bachelor's degree","255","97","158","3","2","1","2","0","2","7","5","2","11","5","6","0","0","0","215","79","136","11","4","7","1","0","1","5","2","3","-2"
"200572","Valley City State University","2020","First major","'99'","Grand total","Master's degree","38","10","28","0","0","0","1","0","1","0","0","0","1","0","1","0","0","0","35","10","25","0","0","0","1","0","1","0","0","0","-2"
"200572","Valley City State University","2020","Second major","'99'","Grand total","Bachelor's degree","20","14","6","0","0","0","1","0","1","0","0","0","0","0","0","0","0","0","17","13","4","1","1","0","0","0","0","1","0","1","-2"
"200590","ETI Technical College","2020","First major","'99'","Grand total","Associate's degree","7","3","4","0","0","0","0","0","0","0","0","0","1","0","1","0","0","0","6","3","3","0","0","0","0","0","0","0","0","0","-2"
"200697","Air Force Institute of Technology-Graduate School of Engineering & Management","2020","First major","'99'","Grand total","Master's degree","253","214","39","1","1","0","14","13","1","5","4","1","16","16","0","1","1","0","183","152","31","6","3","3","20","17","3","7","7","0","-2"
"200697","Air Force Institute of Technology-Graduate School of Engineering & Management","2020","First major","'99'","Grand total","Doctor's degree - research/scholarship","27","22","5","0","0","0","0","0","0","0","0","0","2","1","1","0","0","0","20","17","3","0","0","0","5","4","1","0","0","0","-2"
"200785","Herzing University-Akron","2020","First major","'99'","Grand total","Associate's degree","86","9","77","0","0","0","0","0","0","33","5","28","2","0","2","0","0","0","36","4","32","2","0","2","13","0","13","0","0","0","-2"
"200785","Herzing University-Akron","2020","First major","'99'","Grand total","Bachelor's degree","38","10","28","0","0","0","0","0","0","9","2","7","0","0","0","0","0","0","26","7","19","1","1","0","2","0","2","0","0","0","-2"
"200800","University of Akron Main Campus","2020","First major","'99'","Grand total","Associate's degree","457","274","183","2","1","1","24","13","11","65","30","35","19","10","9","0","0","0","302","191","111","21","10","11","8","4","4","16","15","1","-2"
"200800","University of Akron Main Campus","2020","First major","'99'","Grand total","Bachelor's degree","2759","1475","1284","7","4","3","95","39","56","227","116","111","81","48","33","0","0","0","2114","1125","989","102","44","58","52","34","18","81","65","16","-2"
"200800","University of Akron Main Campus","2020","First major","'99'","Grand total","Master's degree","696","274","422","0","0","0","16","5","11","47","17","30","14","8","6","0","0","0","476","165","311","25","8","17","4","1","3","114","70","44","-2"
"200800","University of Akron Main Campus","2020","First major","'99'","Grand total","Doctor's degree - research/scholarship","134","66","68","0","0","0","3","2","1","5","2","3","4","0","4","0","0","0","47","13","34","4","3","1","0","0","0","71","46","25","-2"
"200800","University of Akron Main Campus","2020","First major","'99'","Grand total","Doctor's degree - professional practice","161","83","78","0","0","0","1","1","0","8","3","5","11","7","4","0","0","0","128","64","64","4","2","2","5","3","2","4","3","1","-2"
"200800","University of Akron Main Campus","2020","Second major","'99'","Grand total","Bachelor's degree","91","49","42","0","0","0","0","0","0","2","1","1","1","0","1","0","0","0","81","43","38","2","1","1","3","3","0","2","1","1","-2"
"200846","University of Akron Wayne College","2020","First major","'99'","Grand total","Associate's degree","79","27","52","2","0","2","0","0","0","3","1","2","2","1","1","0","0","0","67","24","43","2","0","2","3","1","2","0","0","0","-2"
"200873","Allegheny Wesleyan College","2020","First major","'99'","Grand total","Associate's degree","5","1","4","0","0","0","0","0","0","0","0","0","0","0","0","0","0","0","5","1","4","0","0","0","0","0","0","0","0","0","-2"
"200873","Allegheny Wesleyan College","2020","First major","'99'","Grand total","Bachelor's degree","8","4","4","0","0","0","0","0","0","0","0","0","0","0","0","1","1","0","7","3","4","0","0","0","0","0","0","0","0","0","-2"
"200873","Allegheny Wesleyan College","2020","Second major","'99'","Grand total","Bachelor's degree","1","1","0","0","0","0","0","0","0","0","0","0","0","0","0","0","0","0","1","1","0","0","0","0","0","0","0","0","0","0","-2"
"201061","Art Academy of Cincinnati","2020","First major","'99'","Grand total","Associate's degree","2","1","1","0","0","0","0","0","0","1","1","0","0","0","0","0","0","0","1","0","1","0","0","0","0","0","0","0","0","0","-2"
"201061","Art Academy of Cincinnati","2020","First major","'99'","Grand total","Bachelor's degree","38","6","32","0","0","0","0","0","0","3","2","1","3","0","3","0","0","0","30","4","26","2","0","2","0","0","0","0","0","0","-2"
"201061","Art Academy of Cincinnati","2020","First major","'99'","Grand total","Master's degree","2","0","2","0","0","0","0","0","0","0","0","0","0","0","0","0","0","0","2","0","2","0","0","0","0","0","0","0","0","0","-2"
"201104","Ashland University","2020","First major","'99'","Grand total","Associate's degree","178","128","50","2","1","1","0","0","0","72","57","15","5","4","1","0","0","0","96","64","32","0","0","0","3","2","1","0","0","0","-2"
"201104","Ashland University","2020","First major","'99'","Grand total","Bachelor's degree","765","300","465","4","2","2","15","3","12","58","29","29","22","9","13","1","0","1","604","237","367","21","3","18","22","7","15","18","10","8","-2"
"201104","Ashland University","2020","First major","'99'","Grand total","Master's degree","701","283","418","2","2","0","15","5","10","74","25","49","16","4","12","1","0","1","460","182","278","6","2","4","20","9","11","107","54","53","-2"
"201104","Ashland University","2020","First major","'99'","Grand total","Doctor's degree - research/scholarship","12","4","8","0","0","0","0","0","0","6","1","5","0","0","0","0","0","0","5","2","3","0","0","0","0","0","0","1","1","0","-2"
"201104","Ashland University","2020","First major","'99'","Grand total","Doctor's degree - professional practice","18","5","13","1","0","1","1","1","0","9","3","6","0","0","0","0","0","0","7","1","6","0","0","0","0","0","0","0","0","0","-2"
"201104","Ashland University","2020","Second major","'99'","Grand total","Bachelor's degree","85","35","50","0","0","0","0","0","0","2","1","1","3","2","1","0","0","0","75","30","45","2","0","2","2","1","1","1","1","0","-2"
"201140","Athenaeum of Ohio","2020","First major","'99'","Grand total","Master's degree","32","24","8","0","0","0","0","0","0","0","0","0","0","0","0","0","0","0","28","20","8","0","0","0","0","0","0","4","4","0","-2"
"201177","Aultman College of Nursing and Health Sciences","2020","First major","'99'","Grand total","Associate's degree","46","2","44","3","0","3","0","0","0","0","0","0","1","0","1","0","0","0","40","2","38","2","0","2","0","0","0","0","0","0","-2"
"201177","Aultman College of Nursing and Health Sciences","2020","First major","'99'","Grand total","Bachelor's degree","16","3","13","0","0","0","0","0","0","0","0","0","0","0","0","0","0","0","16","3","13","0","0","0","0","0","0","0","0","0","-2"
"201195","Baldwin Wallace University","2020","First major","'99'","Grand total","Bachelor's degree","745","322","423","1","0","1","7","1","6","58","34","24","39","16","23","0","0","0","604","253","351","30","16","14","0","0","0","6","2","4","-2"
"201195","Baldwin Wallace University","2020","First major","'99'","Grand total","Master's degree","224","75","149","0","0","0","8","3","5","17","4","13","7","5","2","0","0","0","185","63","122","4","0","4","0","0","0","3","0","3","-2"
"201195","Baldwin Wallace University","2020","Second major","'99'","Grand total","Bachelor's degree","101","50","51","0","0","0","2","0","2","6","4","2","4","1","3","0","0","0","88","44","44","1","1","0","0","0","0","0","0","0","-2"
"201283","Belmont College","2020","First major","'99'","Grand total","Associate's degree","160","70","90","0","0","0","0","0","0","2","0","2","0","0","0","0","0","0","154","68","86","4","2","2","0","0","0","0","0","0","-2"
"201371","Bluffton University","2020","First major","'99'","Grand total","Bachelor's degree","133","69","64","0","0","0","0","0","0","6","3","3","4","2","2","0","0","0","113","58","55","5","3","2","2","1","1","3","2","1","-2"
"201371","Bluffton University","2020","First major","'99'","Grand total","Master's degree","18","9","9","0","0","0","0","0","0","2","2","0","1","1","0","0","0","0","14","6","8","1","0","1","0","0","0","0","0","0","-2"
"201371","Bluffton University","2020","Second major","'99'","Grand total","Bachelor's degree","33","16","17","0","0","0","0","0","0","1","1","0","0","0","0","0","0","0","29","14","15","1","0","1","0","0","0","2","1","1","-2"
"201432","Bowling Green State University-Firelands","2020","First major","'99'","Grand total","Associate's degree","351","121","230","2","1","1","5","2","3","29","8","21","19","8","11","0","0","0","275","96","179","13","4","9","4","0","4","4","2","2","-2"
"201441","Bowling Green State University-Main Campus","2020","First major","'99'","Grand total","Bachelor's degree","3133","1291","1842","3","2","1","21","10","11","223","91","132","124","58","66","2","2","0","2538","1023","1515","86","34","52","55","28","27","81","43","38","-2"
"201441","Bowling Green State University-Main Campus","2020","First major","'99'","Grand total","Master's degree","889","306","583","2","1","1","9","2","7","42","13","29","29","10","19","0","0","0","672","218","454","10","4","6","16","1","15","109","57","52","-2"
"201441","Bowling Green State University-Main Campus","2020","First major","'99'","Grand total","Doctor's degree - research/scholarship","98","44","54","0","0","0","2","1","1","5","2","3","1","1","0","0","0","0","51","21","30","4","2","2","6","2","4","29","15","14","-2"
"201441","Bowling Green State University-Main Campus","2020","Second major","'99'","Grand total","Bachelor's degree","138","76","62","0","0","0","2","1","1","3","2","1","5","2","3","0","0","0","120","68","52","4","2","2","0","0","0","4","1","3","-2"
"201469","Bryant & Stratton College-Parma","2020","First major","'99'","Grand total","Associate's degree","175","15","160","0","0","0","0","0","0","50","5","45","16","2","14","1","0","1","103","7","96","3","1","2","2","0","2","0","0","0","-2"
"201469","Bryant & Stratton College-Parma","2020","First major","'99'","Grand total","Bachelor's degree","18","3","15","0","0","0","0","0","0","6","1","5","0","0","0","0","0","0","12","2","10","0","0","0","0","0","0","0","0","0","-2"
"201548","Capital University","2020","First major","'99'","Grand total","Bachelor's degree","563","187","376","2","1","1","9","2","7","70","24","46","22","9","13","1","0","1","412","136","276","20","8","12","18","4","14","9","3","6","-2"
"201548","Capital University","2020","First major","'99'","Grand total","Master's degree","107","40","67","0","0","0","6","3","3","7","0","7","4","1","3","0","0","0","79","33","46","2","1","1","6","1","5","3","1","2","-2"
"201548","Capital University","2020","First major","'99'","Grand total","Doctor's degree - professional practice","115","59","56","2","1","1","4","2","2","6","3","3","1","1","0","0","0","0","94","49","45","5","1","4","2","2","0","1","0","1","-2"
"201548","Capital University","2020","Second major","'99'","Grand total","Bachelor's degree","63","20","43","1","1","0","1","0","1","4","1","3","4","0","4","0","0","0","49","18","31","0","0","0","2","0","2","2","0","2","-2"
"201645","Case Western Reserve University","2020","First major","'99'","Grand total","Bachelor's degree","1161","620","541","1","0","1","250","114","136","46","19","27","67","38","29","0","0","0","559","310","249","62","39","23","18","10","8","158","90","68","-2"
"201645","Case Western Reserve University","2020","First major","'99'","Grand total","Master's degree","1774","732","1042","0","0","0","146","57","89","133","33","100","64","21","43","1","0","1","738","283","455","40","15","25","46","22","24","606","301","305","-2"
"201645","Case Western Reserve University","2020","First major","'99'","Grand total","Doctor's degree - research/scholarship","220","131","89","0","0","0","19","14","5","6","3","3","9","2","7","0","0","0","86","43","43","3","0","3","7","2","5","90","67","23","-2"
"201645","Case Western Reserve University","2020","First major","'99'","Grand total","Doctor's degree - professional practice","470","210","260","0","0","0","104","52","52","27","10","17","21","7","14","0","0","0","256","115","141","12","4","8","20","8","12","30","14","16","-2"
"201645","Case Western Reserve University","2020","Second major","'99'","Grand total","Bachelor's degree","254","117","137","0","0","0","51","16","35","9","2","7","18","6","12","0","0","0","135","72","63","12","6","6","4","2","2","25","13","12","-2"
"201645","Case Western Reserve University","2020","Second major","'99'","Grand total","Master's degree","5","1","4","0","0","0","0","0","0","1","0","1","0","0","0","0","0","0","4","1","3","0","0","0","0","0","0","0","0","0","-2"
"201654","Cedarville University","2020","First major","'99'","Grand total","Bachelor's degree","701","304","397","5","1","4","9","3","6","5","1","4","20","9","11","0","0","0","622","273","349","19","8","11","10","2","8","11","7","4","-2"
"201654","Cedarville University","2020","First major","'99'","Grand total","Master's degree","80","32","48","2","1","1","2","0","2","5","2","3","0","0","0","0","0","0","64","25","39","1","1","0","5","2","3","1","1","0","-2"
"201654","Cedarville University","2020","First major","'99'","Grand total","Doctor's degree - professional practice","47","16","31","0","0","0","4","1","3","5","3","2","1","1","0","0","0","0","35","10","25","1","0","1","0","0","0","1","1","0","-2"
"201654","Cedarville University","2020","Second major","'99'","Grand total","Bachelor's degree","36","17","19","0","0","0","1","1","0","0","0","0","1","1","0","0","0","0","34","15","19","0","0","0","0","0","0","0","0","0","-2"
"201672","Central Ohio Technical College","2020","First major","'99'","Grand total","Associate's degree","458","126","332","2","1","1","9","4","5","37","11","26","10","5","5","0","0","0","344","91","253","18","7","11","38","7","31","0","0","0","-2"
"201690","Central State University","2020","First major","'99'","Grand total","Bachelor's degree","232","77","155","0","0","0","0","0","0","213","69","144","3","0","3","0","0","0","0","0","0","6","3","3","0","0","0","10","5","5","-2"
"201690","Central State University","2020","Second major","'99'","Grand total","Bachelor's degree","3","2","1","0","0","0","0","0","0","2","1","1","0","0","0","0","0","0","0","0","0","0","0","0","0","0","0","1","1","0","-2"
"201751","Chatfield College","2020","First major","'99'","Grand total","Associate's degree","31","6","25","0","0","0","0","0","0","12","1","11","1","0","1","0","0","0","18","5","13","0","0","0","0","0","0","0","0","0","-2"
"201821","The Christ College of Nursing and Health Sciences","2020","First major","'99'","Grand total","Associate's degree","8","0","8","0","0","0","0","0","0","0","0","0","0","0","0","0","0","0","7","0","7","1","0","1","0","0","0","0","0","0","-2"
"201821","The Christ College of Nursing and Health Sciences","2020","First major","'99'","Grand total","Bachelor's degree","231","19","212","1","0","1","2","0","2","19","1","18","5","2","3","0","0","0","186","14","172","3","1","2","15","1","14","0","0","0","-2"
"201867","Cincinnati College of Mortuary Science","2020","First major","'99'","Grand total","Associate's degree","42","15","27","0","0","0","0","0","0","1","0","1","0","0","0","0","0","0","41","15","26","0","0","0","0","0","0","0","0","0","-2"
"201867","Cincinnati College of Mortuary Science","2020","First major","'99'","Grand total","Bachelor's degree","38","14","24","0","0","0","0","0","0","1","0","1","0","0","0","0","0","0","33","12","21","0","0","0","4","2","2","0","0","0","-2"
"201885","University of Cincinnati-Main Campus","2020","First major","'99'","Grand total","Associate's degree","46","0","46","0","0","0","0","0","0","11","0","11","0","0","0","0","0","0","22","0","22","3","0","3","10","0","10","0","0","0","-2"
"201885","University of Cincinnati-Main Campus","2020","First major","'99'","Grand total","Bachelor's degree","5805","2729","3076","4","3","1","219","105","114","399","160","239","168","70","98","1","0","1","4333","2046","2287","195","83","112","180","86","94","306","176","130","-2"
"201885","University of Cincinnati-Main Campus","2020","First major","'99'","Grand total","Master's degree","3217","1175","2042","7","1","6","122","56","66","207","53","154","189","47","142","8","4","4","1837","576","1261","72","19","53","92","28","64","683","391","292","-2"
"201885","University of Cincinnati-Main Campus","2020","First major","'99'","Grand total","Doctor's degree - research/scholarship","236","115","121","0","0","0","11","5","6","13","1","12","10","3","7","1","0","1","98","49","49","3","0","3","12","10","2","88","47","41","-2"
"201885","University of Cincinnati-Main Campus","2020","First major","'99'","Grand total","Doctor's degree - professional practice","485","200","285","0","0","0","32","10","22","23","13","10","22","11","11","1","0","1","342","143","199","5","1","4","37","16","21","23","6","17","-2"
"201885","University of Cincinnati-Main Campus","2020","Second major","'99'","Grand total","Bachelor's degree","285","169","116","0","0","0","18","10","8","8","2","6","10","4","6","0","0","0","218","138","80","8","4","4","7","5","2","16","6","10","-2"
"201885","University of Cincinnati-Main Campus","2020","Second major","'99'","Grand total","Doctor's degree - research/scholarship","11","4","7","0","0","0","0","0","0","0","0","0","1","0","1","0","0","0","8","4","4","0","0","0","0","0","0","2","0","2","-2"
"201928","Cincinnati State Technical and Community College","2020","First major","'99'","Grand total","Associate's degree","1116","501","615","5","1","4","37","18","19","211","60","151","22","11","11","1","0","1","708","337","371","31","13","18","59","36","23","42","25","17","-2"
"201928","Cincinnati State Technical and Community College","2020","Second major","'99'","Grand total","Associate's degree","6","5","1","0","0","0","1","1","0","0","0","0","0","0","0","0","0","0","3","2","1","0","0","0","1","1","0","1","1","0","-2"
"201946","University of Cincinnati-Clermont College","2020","First major","'99'","Grand total","Associate's degree","419","182","237","0","0","0","11","5","6","10","7","3","10","4","6","0","0","0","367","156","211","11","5","6","9","5","4","1","0","1","-2"
"201946","University of Cincinnati-Clermont College","2020","First major","'99'","Grand total","Bachelor's degree","21","14","7","0","0","0","0","0","0","1","0","1","1","1","0","0","0","0","16","11","5","1","0","1","2","2","0","0","0","0","-2"
"201946","University of Cincinnati-Clermont College","2020","Second major","'99'","Grand total","Associate's degree","7","0","7","0","0","0","0","0","0","0","0","0","1","0","1","0","0","0","5","0","5","0","0","0","1","0","1","0","0","0","-2"
"201955","University of Cincinnati-Blue Ash College","2020","First major","'99'","Grand total","Associate's degree","718","264","454","1","0","1","34","16","18","86","32","54","29","8","21","0","0","0","501","186","315","34","10","24","17","5","12","16","7","9","-2"
"201955","University of Cincinnati-Blue Ash College","2020","First major","'99'","Grand total","Bachelor's degree","57","17","40","0","0","0","0","0","0","5","2","3","1","1","0","1","0","1","47","14","33","0","0","0","3","0","3","0","0","0","-2"
"201964","Ohio Christian University","2020","First major","'99'","Grand total","Associate's degree","217","65","152","0","0","0","2","1","1","63","13","50","5","2","3","1","0","1","117","40","77","4","1","3","25","8","17","0","0","0","-2"
"201964","Ohio Christian University","2020","First major","'99'","Grand total","Bachelor's degree","354","112","242","3","0","3","5","3","2","68","17","51","8","4","4","0","0","0","225","72","153","6","3","3","36","10","26","3","3","0","-2"
"201964","Ohio Christian University","2020","First major","'99'","Grand total","Master's degree","154","76","78","1","1","0","0","0","0","55","26","29","3","0","3","0","0","0","67","35","32","5","3","2","22","11","11","1","0","1","-2"
"201973","Clark State Community College","2020","First major","'99'","Grand total","Associate's degree","508","150","358","1","1","0","4","0","4","57","8","49","5","3","2","1","1","0","412","127","285","18","6","12","6","2","4","4","2","2","-2"
"201973","Clark State Community College","2020","First major","'99'","Grand total","Bachelor's degree","0","0","0","0","0","0","0","0","0","0","0","0","0","0","0","0","0","0","0","0","0","0","0","0","0","0","0","0","0","0","-2"
"201973","Clark State Community College","2020","Second major","'99'","Grand total","Associate's degree","15","7","8","0","0","0","0","0","0","1","0","1","1","0","1","0","0","0","12","6","6","1","1","0","0","0","0","0","0","0","-2"
"202046","Cleveland Institute of Art","2020","First major","'99'","Grand total","Bachelor's degree","146","55","91","1","0","1","2","1","1","9","6","3","12","6","6","1","1","0","110","38","72","3","0","3","1","1","0","7","2","5","-2"
"202046","Cleveland Institute of Art","2020","Second major","'99'","Grand total","Bachelor's degree","8","2","6","0","0","0","0","0","0","0","0","0","0","0","0","0","0","0","8","2","6","0","0","0","0","0","0","0","0","0","-2"
"202073","Cleveland Institute of Music","2020","First major","'99'","Grand total","Bachelor's degree","50","25","25","0","0","0","4","1","3","1","1","0","2","1","1","0","0","0","20","11","9","5","1","4","6","3","3","12","7","5","-2"
"202073","Cleveland Institute of Music","2020","First major","'99'","Grand total","Master's degree","64","26","38","0","0","0","5","2","3","0","0","0","3","2","1","0","0","0","23","9","14","3","1","2","16","10","6","14","2","12","-2"
"202073","Cleveland Institute of Music","2020","First major","'99'","Grand total","Doctor's degree - other","3","1","2","0","0","0","1","1","0","0","0","0","0","0","0","0","0","0","0","0","0","0","0","0","0","0","0","2","0","2","-2"
"202073","Cleveland Institute of Music","2020","Second major","'99'","Grand total","Bachelor's degree","5","2","3","0","0","0","1","0","1","0","0","0","0","0","0","0","0","0","3","2","1","0","0","0","1","0","1","0","0","0","-2"
"202134","Cleveland State University","2020","First major","'99'","Grand total","Bachelor's degree","2535","1091","1444","2","0","2","81","42","39","319","103","216","147","54","93","2","1","1","1723","741","982","73","30","43","46","17","29","142","103","39","-2"
"202134","Cleveland State University","2020","First major","'99'","Grand total","Master's degree","1109","440","669","2","0","2","30","14","16","127","33","94","40","10","30","0","0","0","733","285","448","26","10","16","11","3","8","140","85","55","-2"
"202134","Cleveland State University","2020","First major","'99'","Grand total","Doctor's degree - research/scholarship","42","19","23","0","0","0","2","0","2","4","1","3","1","0","1","0","0","0","18","9","9","1","0","1","0","0","0","16","9","7","-2"
"202134","Cleveland State University","2020","First major","'99'","Grand total","Doctor's degree - professional practice","133","61","72","0","0","0","3","2","1","8","4","4","7","2","5","0","0","0","108","49","59","3","2","1","2","1","1","2","1","1","-2"
"202134","Cleveland State University","2020","Second major","'99'","Grand total","Bachelor's degree","124","46","78","0","0","0","0","0","0","19","5","14","11","4","7","0","0","0","84","31","53","3","2","1","1","0","1","6","4","2","-2"
"202170","Columbus College of Art and Design","2020","First major","'99'","Grand total","Bachelor's degree","218","66","152","0","0","0","5","0","5","16","5","11","13","7","6","0","0","0","152","39","113","8","2","6","4","3","1","20","10","10","-2"
"202170","Columbus College of Art and Design","2020","First major","'99'","Grand total","Master's degree","25","7","18","0","0","0","0","0","0","3","2","1","1","0","1","0","0","0","12","4","8","1","0","1","3","1","2","5","0","5","-2"
"202222","Columbus State Community College","2020","First major","'99'","Grand total","Associate's degree","2541","1132","1409","8","1","7","117","58","59","374","160","214","135","65","70","2","0","2","1591","711","880","102","37","65","157","75","82","55","25","30","-2"
"202356","Cuyahoga Community College District","2020","First major","'99'","Grand total","Associate's degree","2995","1107","1888","6","3","3","77","26","51","574","166","408","193","61","132","0","0","0","1833","719","1114","119","50","69","129","58","71","64","24","40","-2"
"202356","Cuyahoga Community College District","2020","Second major","'99'","Grand total","Associate's degree","12","9","3","0","0","0","0","0","0","1","0","1","1","0","1","0","0","0","10","9","1","0","0","0","0","0","0","0","0","0","-2"
"202435","Davis College","2020","First major","'99'","Grand total","Associate's degree","15","1","14","0","0","0","0","0","0","10","0","10","0","0","0","0","0","0","4","1","3","1","0","1","0","0","0","0","0","0","-2"
"202480","University of Dayton","2020","First major","'99'","Grand total","Bachelor's degree","1801","903","898","0","0","0","27","13","14","47","23","24","66","27","39","0","0","0","1470","712","758","39","21","18","11","6","5","141","101","40","-2"
"202480","University of Dayton","2020","First major","'99'","Grand total","Master's degree","835","440","395","0","0","0","13","6","7","40","17","23","18","7","11","0","0","0","484","223","261","16","7","9","15","9","6","249","171","78","-2"
"202480","University of Dayton","2020","First major","'99'","Grand total","Doctor's degree - research/scholarship","44","29","15","0","0","0","0","0","0","2","0","2","0","0","0","0","0","0","20","11","9","0","0","0","1","1","0","21","17","4","-2"
"202480","University of Dayton","2020","First major","'99'","Grand total","Doctor's degree - professional practice","103","44","59","1","0","1","1","1","0","7","2","5","1","0","1","0","0","0","88","37","51","0","0","0","2","2","0","3","2","1","-2"
"202480","University of Dayton","2020","Second major","'99'","Grand total","Bachelor's degree","119","59","60","0","0","0","4","1","3","1","1","0","2","0","2","0","0","0","105","54","51","3","0","3","2","1","1","2","2","0","-2"
"202514","Defiance College","2020","First major","'99'","Grand total","Associate's degree","3","1","2","0","0","0","0","0","0","0","0","0","0","0","0","0","0","0","3","1","2","0","0","0","0","0","0","0","0","0","-2"
"202514","Defiance College","2020","First major","'99'","Grand total","Bachelor's degree","114","48","66","0","0","0","2","1","1","5","5","0","5","2","3","0","0","0","97","37","60","3","2","1","0","0","0","2","1","1","-2"
"202514","Defiance College","2020","First major","'99'","Grand total","Master's degree","14","8","6","0","0","0","0","0","0","2","2","0","3","2","1","0","0","0","9","4","5","0","0","0","0","0","0","0","0","0","-2"
"202514","Defiance College","2020","Second major","'99'","Grand total","Bachelor's degree","12","0","12","0","0","0","1","0","1","0","0","0","0","0","0","0","0","0","11","0","11","0","0","0","0","0","0","0","0","0","-2"
"202523","Denison University","2020","First major","'99'","Grand total","Bachelor's degree","575","261","314","0","0","0","27","11","16","35","20","15","40","16","24","0","0","0","389","168","221","18","7","11","13","10","3","53","29","24","-2"
"202523","Denison University","2020","Second major","'99'","Grand total","Bachelor's degree","123","41","82","0","0","0","2","0","2","11","4","7","15","3","12","0","0","0","75","28","47","4","0","4","0","0","0","16","6","10","-2"
"202648","Edison State Community College","2020","First major","'99'","Grand total","Associate's degree","318","107","211","1","0","1","2","0","2","4","2","2","9","4","5","0","0","0","288","96","192","8","3","5","6","2","4","0","0","0","-2"
"202763","The University of Findlay","2020","First major","'99'","Grand total","Associate's degree","20","5","15","0","0","0","0","0","0","1","1","0","0","0","0","0","0","0","19","4","15","0","0","0","0","0","0","0","0","0","-2"
"202763","The University of Findlay","2020","First major","'99'","Grand total","Bachelor's degree","477","141","336","1","0","1","3","1","2","12","11","1","12","5","7","0","0","0","418","108","310","9","1","8","0","0","0","22","15","7","-2"
"202763","The University of Findlay","2020","First major","'99'","Grand total","Master's degree","321","114","207","2","1","1","11","4","7","9","4","5","7","4","3","0","0","0","258","87","171","3","1","2","8","5","3","23","8","15","-2"
"202763","The University of Findlay","2020","First major","'99'","Grand total","Doctor's degree - research/scholarship","12","4","8","0","0","0","0","0","0","0","0","0","1","0","1","0","0","0","11","4","7","0","0","0","0","0","0","0","0","0","-2"
"202763","The University of Findlay","2020","First major","'99'","Grand total","Doctor's degree - professional practice","114","47","67","1","0","1","6","2","4","3","3","0","3","2","1","0","0","0","94","38","56","5","1","4","1","1","0","1","0","1","-2"
"202763","The University of Findlay","2020","Second major","'99'","Grand total","Bachelor's degree","83","24","59","0","0","0","1","1","0","1","1","0","2","0","2","0","0","0","76","20","56","1","0","1","0","0","0","2","2","0","-2"
"202806","Franklin University","2020","First major","'99'","Grand total","Associate's degree","65","27","38","0","0","0","0","0","0","13","4","9","2","1","1","0","0","0","41","17","24","1","1","0","8","4","4","0","0","0","-2"
"202806","Franklin University","2020","First major","'99'","Grand total","Bachelor's degree","1001","392","609","9","3","6","20","7","13","121","48","73","17","8","9","2","1","1","591","238","353","34","15","19","195","69","126","12","3","9","-2"
"202806","Franklin University","2020","First major","'99'","Grand total","Master's degree","599","239","360","0","0","0","13","5","8","97","33","64","9","1","8","0","0","0","236","86","150","15","4","11","207","104","103","22","6","16","-2"
"202806","Franklin University","2020","First major","'99'","Grand total","Doctor's degree - research/scholarship","8","2","6","0","0","0","2","0","2","0","0","0","0","0","0","0","0","0","2","0","2","0","0","0","4","2","2","0","0","0","-2"
"202903","Gods Bible School and College","2020","First major","'99'","Grand total","Associate's degree","15","8","7","1","0","1","0","0","0","1","0","1","0","0","0","0","0","0","12","7","5","0","0","0","0","0","0","1","1","0","-2"
"202903","Gods Bible School and College","2020","First major","'99'","Grand total","Bachelor's degree","23","12","11","0","0","0","1","1","0","1","0","1","0","0","0","0","0","0","17","9","8","0","0","0","0","0","0","4","2","2","-2"
"202903","Gods Bible School and College","2020","First major","'99'","Grand total","Master's degree","1","1","0","0","0","0","0","0","0","0","0","0","0","0","0","0","0","0","1","1","0","0","0","0","0","0","0","0","0","0","-2"
"202912","Good Samaritan College of Nursing and Health Science","2020","First major","'99'","Grand total","Associate's degree","102","6","96","0","0","0","1","0","1","14","0","14","0","0","0","0","0","0","87","6","81","0","0","0","0","0","0","0","0","0","-2"
"202912","Good Samaritan College of Nursing and Health Science","2020","First major","'99'","Grand total","Bachelor's degree","24","2","22","0","0","0","0","0","0","2","1","1","1","0","1","0","0","0","20","1","19","0","0","0","1","0","1","0","0","0","-2"
"203067","Hebrew Union College-Jewish Institute of Religion","2020","First major","'99'","Grand total","Master's degree","80","24","56","0","0","0","0","0","0","0","0","0","4","2","2","0","0","0","70","18","52","2","2","0","2","2","0","2","0","2","-2"
"203067","Hebrew Union College-Jewish Institute of Religion","2020","First major","'99'","Grand total","Doctor's degree - research/scholarship","1","1","0","0","0","0","0","0","0","0","0","0","0","0","0","0","0","0","1","1","0","0","0","0","0","0","0","0","0","0","-2"
"203067","Hebrew Union College-Jewish Institute of Religion","2020","First major","'99'","Grand total","Doctor's degree - professional practice","4","3","1","0","0","0","0","0","0","1","1","0","1","1","0","0","0","0","2","1","1","0","0","0","0","0","0","0","0","0","-2"
"203085","Heidelberg University","2020","First major","'99'","Grand total","Bachelor's degree","224","99","125","1","0","1","1","0","1","12","8","4","7","3","4","0","0","0","196","83","113","5","3","2","2","2","0","0","0","0","-2"
"203085","Heidelberg University","2020","First major","'99'","Grand total","Master's degree","62","32","30","0","0","0","0","0","0","5","2","3","0","0","0","1","1","0","47","24","23","1","1","0","0","0","0","8","4","4","-2"
"203085","Heidelberg University","2020","Second major","'99'","Grand total","Bachelor's degree","41","11","30","0","0","0","0","0","0","0","0","0","2","0","2","0","0","0","39","11","28","0","0","0","0","0","0","0","0","0","-2"
"203128","Hiram College","2020","First major","'99'","Grand total","Bachelor's degree","183","73","110","0","0","0","5","1","4","19","11","8","8","4","4","2","0","2","135","50","85","7","4","3","3","0","3","4","3","1","-2"
"203128","Hiram College","2020","First major","'99'","Grand total","Master's degree","8","4","4","0","0","0","0","0","0","1","0","1","0","0","0","0","0","0","7","4","3","0","0","0","0","0","0","0","0","0","-2"
"203128","Hiram College","2020","Second major","'99'","Grand total","Bachelor's degree","11","3","8","0","0","0","1","0","1","0","0","0","0","0","0","0","0","0","8","1","7","1","1","0","0","0","0","1","1","0","-2"
"203155","Hocking College","2020","First major","'99'","Grand total","Associate's degree","441","233","208","0","0","0","0","0","0","36","23","13","6","3","3","0","0","0","380","197","183","13","8","5","2","1","1","4","1","3","-2"
"203289","International College of Broadcasting","2020","First major","'99'","Grand total","Associate's degree","27","24","3","0","0","0","0","0","0","11","9","2","1","1","0","0","0","0","13","13","0","2","1","1","0","0","0","0","0","0","-2"
"203331","Eastern Gateway Community College","2020","First major","'99'","Grand total","Associate's degree","1807","607","1200","2","0","2","32","14","18","289","77","212","187","56","131","9","6","3","1205","427","778","70","20","50","13","7","6","0","0","0","-2"
"203368","John Carroll University","2020","First major","'99'","Grand total","Bachelor's degree","683","354","329","1","1","0","24","12","12","37","21","16","35","13","22","0","0","0","551","288","263","10","5","5","9","4","5","16","10","6","-2"
"203368","John Carroll University","2020","First major","'99'","Grand total","Master's degree","219","85","134","0","0","0","6","4","2","9","2","7","7","2","5","0","0","0","177","68","109","4","3","1","4","1","3","12","5","7","-2"
"203368","John Carroll University","2020","Second major","'99'","Grand total","Bachelor's degree","82","45","37","0","0","0","2","0","2","2","2","0","4","2","2","0","0","0","70","39","31","0","0","0","1","0","1","3","2","1","-2"
"203386","Hondros College of Nursing","2020","First major","'99'","Grand total","Associate's degree","303","23","280","3","1","2","6","1","5","122","7","115","5","0","5","0","0","0","154","13","141","0","0","0","13","1","12","0","0","0","-2"
"203386","Hondros College of Nursing","2020","First major","'99'","Grand total","Bachelor's degree","13","1","12","0","0","0","0","0","0","2","0","2","0","0","0","0","0","0","11","1","10","0","0","0","0","0","0","0","0","0","-2"
"203447","Kent State University at Ashtabula","2020","First major","'99'","Grand total","Associate's degree","207","53","154","0","0","0","4","2","2","14","4","10","9","4","5","1","1","0","169","39","130","6","2","4","3","1","2","1","0","1","-2"
"203447","Kent State University at Ashtabula","2020","First major","'99'","Grand total","Bachelor's degree","20","9","11","0","0","0","0","0","0","3","3","0","1","1","0","0","0","0","15","4","11","0","0","0","1","1","0","0","0","0","-2"
"203456","Kent State University at East Liverpool","2020","First major","'99'","Grand total","Associate's degree","62","11","51","1","0","1","1","0","1","2","0","2","0","0","0","0","0","0","54","10","44","1","0","1","3","1","2","0","0","0","-2"
"203456","Kent State University at East Liverpool","2020","First major","'99'","Grand total","Bachelor's degree","5","2","3","0","0","0","0","0","0","0","0","0","0","0","0","0","0","0","4","2","2","0","0","0","1","0","1","0","0","0","-2"
"203465","Kent State University at Stark","2020","First major","'99'","Grand total","Associate's degree","974","335","639","2","1","1","13","3","10","62","19","43","40","17","23","0","0","0","789","270","519","38","12","26","30","13","17","0","0","0","-2"
"203465","Kent State University at Stark","2020","First major","'99'","Grand total","Bachelor's degree","23","17","6","0","0","0","1","1","0","0","0","0","2","2","0","0","0","0","17","12","5","2","2","0","1","0","1","0","0","0","-2"
"203465","Kent State University at Stark","2020","First major","'99'","Grand total","Master's degree","0","0","0","0","0","0","0","0","0","0","0","0","0","0","0","0","0","0","0","0","0","0","0","0","0","0","0","0","0","0","-2"
"203474","Kent State University at Trumbull","2020","First major","'99'","Grand total","Associate's degree","175","71","104","0","0","0","1","0","1","13","2","11","4","1","3","0","0","0","148","64","84","6","3","3","3","1","2","0","0","0","-2"
"203474","Kent State University at Trumbull","2020","First major","'99'","Grand total","Bachelor's degree","33","21","12","0","0","0","0","0","0","3","1","2","0","0","0","0","0","0","29","19","10","0","0","0","1","1","0","0","0","0","-2"
"203474","Kent State University at Trumbull","2020","First major","'99'","Grand total","Master's degree","0","0","0","0","0","0","0","0","0","0","0","0","0","0","0","0","0","0","0","0","0","0","0","0","0","0","0","0","0","0","-2"
"203483","Kent State University at Tuscarawas","2020","First major","'99'","Grand total","Associate's degree","276","92","184","0","0","0","2","0","2","7","3","4","3","0","3","0","0","0","251","84","167","5","2","3","7","2","5","1","1","0","-2"
"203483","Kent State University at Tuscarawas","2020","First major","'99'","Grand total","Bachelor's degree","66","45","21","0","0","0","0","0","0","2","1","1","3","2","1","0","0","0","56","39","17","1","0","1","4","3","1","0","0","0","-2"
"203492","Kent State University at Salem","2020","First major","'99'","Grand total","Associate's degree","152","44","108","0","0","0","1","0","1","5","1","4","3","1","2","0","0","0","134","40","94","4","1","3","5","1","4","0","0","0","-2"
"203492","Kent State University at Salem","2020","First major","'99'","Grand total","Bachelor's degree","43","11","32","0","0","0","0","0","0","2","1","1","1","0","1","0","0","0","39","10","29","1","0","1","0","0","0","0","0","0","-2"
"203517","Kent State University at Kent","2020","First major","'99'","Grand total","Bachelor's degree","5281","1821","3460","3","2","1","90","25","65","416","116","300","190","67","123","4","0","4","4071","1376","2695","181","52","129","126","56","70","200","127","73","-2"
"203517","Kent State University at Kent","2020","First major","'99'","Grand total","Master's degree","1451","418","1033","1","0","1","26","4","22","79","13","66","30","8","22","3","1","2","1085","296","789","18","7","11","56","17","39","153","72","81","-2"
"203517","Kent State University at Kent","2020","First major","'99'","Grand total","Doctor's degree - research/scholarship","165","77","88","0","0","0","10","5","5","7","4","3","2","1","1","0","0","0","93","32","61","0","0","0","3","2","1","50","33","17","-2"
"203517","Kent State University at Kent","2020","First major","'99'","Grand total","Doctor's degree - professional practice","110","57","53","0","0","0","19","10","9","6","4","2","8","5","3","0","0","0","69","35","34","0","0","0","5","2","3","3","1","2","-2"
"203517","Kent State University at Kent","2020","Second major","'99'","Grand total","Bachelor's degree","108","33","75","0","0","0","2","0","2","3","0","3","6","1","5","0","0","0","86","30","56","5","0","5","3","1","2","3","1","2","-2"
"203526","Kent State University at Geauga","2020","First major","'99'","Grand total","Associate's degree","219","77","142","0","0","0","7","4","3","34","7","27","7","4","3","0","0","0","157","58","99","8","1","7","6","3","3","0","0","0","-2"
"203526","Kent State University at Geauga","2020","First major","'99'","Grand total","Bachelor's degree","12","8","4","0","0","0","0","0","0","1","1","0","0","0","0","0","0","0","11","7","4","0","0","0","0","0","0","0","0","0","-2"
"203526","Kent State University at Geauga","2020","First major","'99'","Grand total","Master's degree","0","0","0","0","0","0","0","0","0","0","0","0","0","0","0","0","0","0","0","0","0","0","0","0","0","0","0","0","0","0","-2"
"203535","Kenyon College","2020","First major","'99'","Grand total","Bachelor's degree","436","185","251","0","0","0","14","2","12","10","0","10","25","12","13","0","0","0","339","143","196","18","12","6","8","5","3","22","11","11","-2"
"203535","Kenyon College","2020","Second major","'99'","Grand total","Bachelor's degree","91","37","54","0","0","0","2","0","2","0","0","0","4","1","3","0","0","0","73","28","45","4","3","1","3","1","2","5","4","1","-2"
"203544","Kettering College","2020","First major","'99'","Grand total","Associate's degree","21","4","17","0","0","0","0","0","0","1","0","1","0","0","0","0","0","0","19","4","15","0","0","0","1","0","1","0","0","0","-2"
"203544","Kettering College","2020","First major","'99'","Grand total","Bachelor's degree","170","27","143","0","0","0","6","1","5","6","0","6","5","1","4","0","0","0","132","19","113","3","0","3","16","5","11","2","1","1","-2"
"203544","Kettering College","2020","First major","'99'","Grand total","Master's degree","55","11","44","0","0","0","3","0","3","2","1","1","0","0","0","0","0","0","46","10","36","1","0","1","3","0","3","0","0","0","-2"
"203544","Kettering College","2020","First major","'99'","Grand total","Doctor's degree - professional practice","24","0","24","0","0","0","2","0","2","2","0","2","1","0","1","0","0","0","17","0","17","1","0","1","1","0","1","0","0","0","-2"
"203580","Lake Erie College","2020","First major","'99'","Grand total","Bachelor's degree","131","56","75","0","0","0","3","0","3","14","11","3","3","2","1","0","0","0","93","28","65","5","5","0","3","3","0","10","7","3","-2"
"203580","Lake Erie College","2020","First major","'99'","Grand total","Master's degree","95","32","63","0","0","0","2","2","0","4","1","3","2","1","1","0","0","0","82","26","56","3","2","1","2","0","2","0","0","0","-2"
"203580","Lake Erie College","2020","Second major","'99'","Grand total","Bachelor's degree","22","9","13","0","0","0","0","0","0","0","0","0","0","0","0","0","0","0","19","7","12","0","0","0","0","0","0","3","2","1","-2"
"203599","Lakeland Community College","2020","First major","'99'","Grand total","Associate's degree","891","356","535","4","1","3","16","8","8","79","22","57","40","20","20","0","0","0","700","276","424","23","10","13","28","19","9","1","0","1","-2"
"203678","James A Rhodes State College","2020","First major","'99'","Grand total","Associate's degree","347","97","250","1","0","1","2","2","0","13","3","10","4","1","3","1","0","1","318","88","230","5","1","4","3","2","1","0","0","0","-2"
"203720","Ohio Business College-Sheffield","2020","First major","'99'","Grand total","Associate's degree","34","7","27","0","0","0","0","0","0","11","3","8","4","0","4","0","0","0","18","4","14","1","0","1","0","0","0","0","0","0","-2"
"203739","Ohio Business College-Sandusky","2020","First major","'99'","Grand total","Associate's degree","18","3","15","0","0","0","0","0","0","7","2","5","0","0","0","0","0","0","10","0","10","1","1","0","0","0","0","0","0","0","-2"
"203748","Lorain County Community College","2020","First major","'99'","Grand total","Associate's degree","1595","531","1064","4","0","4","24","11","13","119","35","84","180","51","129","4","1","3","1179","406","773","53","15","38","18","5","13","14","7","7","-2"
"203748","Lorain County Community College","2020","First major","'99'","Grand total","Bachelor's degree","0","0","0","0","0","0","0","0","0","0","0","0","0","0","0","0","0","0","0","0","0","0","0","0","0","0","0","0","0","0","-2"
"203757","Lourdes University","2020","First major","'99'","Grand total","Associate's degree","5","2","3","0","0","0","0","0","0","1","0","1","0","0","0","0","0","0","4","2","2","0","0","0","0","0","0","0","0","0","-2"
"203757","Lourdes University","2020","First major","'99'","Grand total","Bachelor's degree","191","70","121","2","0","2","0","0","0","14","4","10","19","10","9","0","0","0","142","49","93","9","3","6","2","1","1","3","3","0","-2"
"203757","Lourdes University","2020","First major","'99'","Grand total","Master's degree","63","19","44","1","0","1","5","3","2","7","0","7","3","1","2","0","0","0","45","15","30","0","0","0","1","0","1","1","0","1","-2"
"203757","Lourdes University","2020","First major","'99'","Grand total","Doctor's degree - professional practice","6","0","6","0","0","0","0","0","0","0","0","0","0","0","0","1","0","1","5","0","5","0","0","0","0","0","0","0","0","0","-2"
"203757","Lourdes University","2020","Second major","'99'","Grand total","Bachelor's degree","10","4","6","0","0","0","0","0","0","1","0","1","3","1","2","0","0","0","5","3","2","0","0","0","1","0","1","0","0","0","-2"
"203775","Malone University","2020","First major","'99'","Grand total","Associate's degree","0","0","0","0","0","0","0","0","0","0","0","0","0","0","0","0","0","0","0","0","0","0","0","0","0","0","0","0","0","0","-2"
"203775","Malone University","2020","First major","'99'","Grand total","Bachelor's degree","259","97","162","0","0","0","2","0","2","19","8","11","3","2","1","0","0","0","224","80","144","3","2","1","5","3","2","3","2","1","-2"
"203775","Malone University","2020","First major","'99'","Grand total","Master's degree","129","35","94","0","0","0","0","0","0","13","3","10","2","1","1","0","0","0","107","29","78","2","0","2","5","2","3","0","0","0","-2"
"203775","Malone University","2020","Second major","'99'","Grand total","Bachelor's degree","62","25","37","0","0","0","0","0","0","3","2","1","2","1","1","0","0","0","57","22","35","0","0","0","0","0","0","0","0","0","-2"
"203775","Malone University","2020","Second major","'99'","Grand total","Master's degree","1","0","1","0","0","0","0","0","0","0","0","0","0","0","0","0","0","0","1","0","1","0","0","0","0","0","0","0","0","0","-2"
"203845","Marietta College","2020","First major","'99'","Grand total","Associate's degree","0","0","0","0","0","0","0","0","0","0","0","0","0","0","0","0","0","0","0","0","0","0","0","0","0","0","0","0","0","0","-2"
"203845","Marietta College","2020","First major","'99'","Grand total","Bachelor's degree","170","97","73","0","0","0","1","1","0","4","2","2","3","2","1","0","0","0","120","60","60","4","2","2","5","2","3","33","28","5","-2"
"203845","Marietta College","2020","First major","'99'","Grand total","Master's degree","45","7","38","0","0","0","3","1","2","0","0","0","2","0","2","0","0","0","40","6","34","0","0","0","0","0","0","0","0","0","-2"
"203845","Marietta College","2020","Second major","'99'","Grand total","Bachelor's degree","16","4","12","0","0","0","0","0","0","0","0","0","0","0","0","0","0","0","14","4","10","0","0","0","0","0","0","2","0","2","-2"
"203881","Marion Technical College","2020","First major","'99'","Grand total","Associate's degree","322","94","228","3","2","1","3","0","3","6","4","2","4","2","2","0","0","0","294","83","211","4","0","4","8","3","5","0","0","0","-2"
"203960","Mercy College of Ohio","2020","First major","'99'","Grand total","Associate's degree","185","22","163","2","0","2","5","2","3","21","2","19","10","0","10","0","0","0","139","14","125","8","4","4","0","0","0","0","0","0","-2"
"203960","Mercy College of Ohio","2020","First major","'99'","Grand total","Bachelor's degree","216","37","179","0","0","0","7","2","5","14","3","11","4","0","4","0","0","0","186","32","154","3","0","3","2","0","2","0","0","0","-2"
"203960","Mercy College of Ohio","2020","First major","'99'","Grand total","Master's degree","12","1","11","0","0","0","0","0","0","0","0","0","1","0","1","0","0","0","11","1","10","0","0","0","0","0","0","0","0","0","-2"
"203997","Methodist Theological School in Ohio","2020","First major","'99'","Grand total","Master's degree","23","11","12","0","0","0","2","2","0","0","0","0","1","1","0","0","0","0","20","8","12","0","0","0","0","0","0","0","0","0","-2"
"203997","Methodist Theological School in Ohio","2020","First major","'99'","Grand total","Doctor's degree - professional practice","1","1","0","0","0","0","0","0","0","0","0","0","0","0","0","0","0","0","1","1","0","0","0","0","0","0","0","0","0","0","-2"
"204006","Miami University-Hamilton","2020","First major","'99'","Grand total","Associate's degree","121","66","55","0","0","0","4","4","0","13","9","4","9","6","3","0","0","0","88","44","44","4","1","3","2","1","1","1","1","0","-2"
"204006","Miami University-Hamilton","2020","First major","'99'","Grand total","Bachelor's degree","298","146","152","0","0","0","4","1","3","31","15","16","6","4","2","0","0","0","214","101","113","11","7","4","6","2","4","26","16","10","-2"
"204006","Miami University-Hamilton","2020","First major","'99'","Grand total","Master's degree","1","1","0","0","0","0","0","0","0","0","0","0","0","0","0","0","0","0","0","0","0","0","0","0","1","1","0","0","0","0","-2"
"204006","Miami University-Hamilton","2020","Second major","'99'","Grand total","Associate's degree","1","0","1","0","0","0","0","0","0","0","0","0","0","0","0","0","0","0","1","0","1","0","0","0","0","0","0","0","0","0","-2"
"204006","Miami University-Hamilton","2020","Second major","'99'","Grand total","Bachelor's degree","4","1","3","0","0","0","0","0","0","0","0","0","0","0","0","0","0","0","3","1","2","0","0","0","1","0","1","0","0","0","-2"
"204015","Miami University-Middletown","2020","First major","'99'","Grand total","Associate's degree","77","34","43","1","1","0","2","1","1","5","3","2","5","2","3","0","0","0","63","27","36","1","0","1","0","0","0","0","0","0","-2"
"204015","Miami University-Middletown","2020","First major","'99'","Grand total","Bachelor's degree","177","74","103","0","0","0","1","0","1","7","0","7","3","3","0","0","0","0","105","36","69","4","1","3","2","1","1","55","33","22","-2"
"204015","Miami University-Middletown","2020","First major","'99'","Grand total","Master's degree","1","1","0","0","0","0","0","0","0","0","0","0","0","0","0","0","0","0","0","0","0","1","1","0","0","0","0","0","0","0","-2"
"204015","Miami University-Middletown","2020","Second major","'99'","Grand total","Bachelor's degree","1","0","1","0","0","0","0","0","0","0","0","0","0","0","0","0","0","0","0","0","0","0","0","0","0","0","0","1","0","1","-2"
"204024","Miami University-Oxford","2020","First major","'99'","Grand total","Associate's degree","0","0","0","0","0","0","0","0","0","0","0","0","0","0","0","0","0","0","0","0","0","0","0","0","0","0","0","0","0","0","-2"
"204024","Miami University-Oxford","2020","First major","'99'","Grand total","Bachelor's degree","4354","2065","2289","7","4","3","92","36","56","129","63","66","194","87","107","1","1","0","3113","1439","1674","139","60","79","17","11","6","662","364","298","-2"
"204024","Miami University-Oxford","2020","First major","'99'","Grand total","Master's degree","898","274","624","3","0","3","30","9","21","35","10","25","46","14","32","0","0","0","655","189","466","29","9","20","28","6","22","72","37","35","-2"
"204024","Miami University-Oxford","2020","First major","'99'","Grand total","Doctor's degree - research/scholarship","67","29","38","0","0","0","1","0","1","1","0","1","4","2","2","0","0","0","36","16","20","3","1","2","3","2","1","19","8","11","-2"
"204024","Miami University-Oxford","2020","Second major","'99'","Grand total","Bachelor's degree","785","269","516","1","0","1","18","6","12","12","5","7","37","14","23","0","0","0","627","210","417","31","13","18","1","0","1","58","21","37","-2"
"204176","Mount Carmel College of Nursing","2020","First major","'99'","Grand total","Bachelor's degree","346","44","302","0","0","0","12","1","11","28","2","26","5","0","5","1","0","1","287","40","247","11","1","10","2","0","2","0","0","0","-2"
"204176","Mount Carmel College of Nursing","2020","First major","'99'","Grand total","Master's degree","62","10","52","0","0","0","1","0","1","9","2","7","1","0","1","0","0","0","46","7","39","5","1","4","0","0","0","0","0","0","-2"
"204176","Mount Carmel College of Nursing","2020","First major","'99'","Grand total","Doctor's degree - professional practice","2","0","2","0","0","0","0","0","0","0","0","0","0","0","0","0","0","0","2","0","2","0","0","0","0","0","0","0","0","0","-2"
"204185","University of Mount Union","2020","First major","'99'","Grand total","Bachelor's degree","444","210","234","3","2","1","6","3","3","19","14","5","14","8","6","1","0","1","376","174","202","8","3","5","13","4","9","4","2","2","-2"
"204185","University of Mount Union","2020","First major","'99'","Grand total","Master's degree","54","14","40","0","0","0","1","0","1","1","1","0","0","0","0","0","0","0","48","12","36","1","0","1","3","1","2","0","0","0","-2"
"204185","University of Mount Union","2020","First major","'99'","Grand total","Doctor's degree - professional practice","28","10","18","0","0","0","2","1","1","1","0","1","1","0","1","0","0","0","24","9","15","0","0","0","0","0","0","0","0","0","-2"
"204185","University of Mount Union","2020","Second major","'99'","Grand total","Bachelor's degree","91","51","40","1","0","1","0","0","0","2","1","1","4","2","2","0","0","0","76","45","31","2","1","1","4","1","3","2","1","1","-2"
"204194","Mount Vernon Nazarene University","2020","First major","'99'","Grand total","Associate's degree","22","9","13","0","0","0","0","0","0","0","0","0","1","0","1","0","0","0","18","7","11","3","2","1","0","0","0","0","0","0","-2"
"204194","Mount Vernon Nazarene University","2020","First major","'99'","Grand total","Bachelor's degree","394","136","258","0","0","0","1","1","0","14","4","10","9","3","6","0","0","0","340","116","224","13","6","7","11","1","10","6","5","1","-2"
"204194","Mount Vernon Nazarene University","2020","First major","'99'","Grand total","Master's degree","152","64","88","0","0","0","0","0","0","16","5","11","5","1","4","0","0","0","117","53","64","2","0","2","7","4","3","5","1","4","-2"
"204194","Mount Vernon Nazarene University","2020","Second major","'99'","Grand total","Bachelor's degree","36","13","23","0","0","0","0","0","0","0","0","0","1","0","1","0","0","0","27","10","17","3","1","2","4","1","3","1","1","0","-2"
"204200","Mount Saint Joseph University","2020","First major","'99'","Grand total","Associate's degree","1","1","0","0","0","0","0","0","0","0","0","0","0","0","0","0","0","0","1","1","0","0","0","0","0","0","0","0","0","0","-2"
"204200","Mount Saint Joseph University","2020","First major","'99'","Grand total","Bachelor's degree","231","95","136","0","0","0","1","1","0","23","11","12","1","0","1","1","0","1","192","75","117","8","4","4","5","4","1","0","0","0","-2"
"204200","Mount Saint Joseph University","2020","First major","'99'","Grand total","Master's degree","249","55","194","0","0","0","3","0","3","19","4","15","2","1","1","1","0","1","210","47","163","7","2","5","7","1","6","0","0","0","-2"
"204200","Mount Saint Joseph University","2020","First major","'99'","Grand total","Doctor's degree - professional practice","50","15","35","0","0","0","0","0","0","1","0","1","0","0","0","0","0","0","47","15","32","0","0","0","2","0","2","0","0","0","-2"
"204200","Mount Saint Joseph University","2020","Second major","'99'","Grand total","Bachelor's degree","6","2","4","0","0","0","0","0","0","0","0","0","0","0","0","0","0","0","6","2","4","0","0","0","0","0","0","0","0","0","-2"
"204255","Zane State College","2020","First major","'99'","Grand total","Associate's degree","285","124","161","2","1","1","1","1","0","7","1","6","1","0","1","0","0","0","260","119","141","10","2","8","4","0","4","0","0","0","-2"
"204264","Muskingum University","2020","First major","'99'","Grand total","Bachelor's degree","324","139","185","2","0","2","1","1","0","7","3","4","9","4","5","0","0","0","253","111","142","16","5","11","19","6","13","17","9","8","-2"
"204264","Muskingum University","2020","First major","'99'","Grand total","Master's degree","88","29","59","0","0","0","0","0","0","3","2","1","1","1","0","0","0","0","70","20","50","3","2","1","11","4","7","0","0","0","-2"
"204422","North Central State College","2020","First major","'99'","Grand total","Associate's degree","381","153","228","0","0","0","5","2","3","9","4","5","12","4","8","0","0","0","339","136","203","11","4","7","5","3","2","0","0","0","-2"
"204422","North Central State College","2020","First major","'99'","Grand total","Bachelor's degree","0","0","0","0","0","0","0","0","0","0","0","0","0","0","0","0","0","0","0","0","0","0","0","0","0","0","0","0","0","0","-2"
"204440","Northwest State Community College","2020","First major","'99'","Grand total","Associate's degree","225","98","127","0","0","0","3","0","3","4","2","2","20","5","15","0","0","0","182","85","97","1","0","1","14","6","8","1","0","1","-2"
"204468","Notre Dame College","2020","First major","'99'","Grand total","Associate's degree","0","0","0","0","0","0","0","0","0","0","0","0","0","0","0","0","0","0","0","0","0","0","0","0","0","0","0","0","0","0","-2"
"204468","Notre Dame College","2020","First major","'99'","Grand total","Bachelor's degree","251","121","130","0","0","0","4","1","3","57","36","21","14","8","6","0","0","0","146","54","92","10","7","3","9","5","4","11","10","1","-2"
"204468","Notre Dame College","2020","First major","'99'","Grand total","Master's degree","45","10","35","0","0","0","0","0","0","7","1","6","1","0","1","0","0","0","34","9","25","2","0","2","1","0","1","0","0","0","-2"
"204468","Notre Dame College","2020","Second major","'99'","Grand total","Bachelor's degree","37","18","19","0","0","0","0","0","0","3","2","1","2","2","0","0","0","0","23","7","16","0","0","0","2","1","1","7","6","1","-2"
"204477","Northeast Ohio Medical University","2020","First major","'99'","Grand total","Master's degree","8","5","3","0","0","0","2","2","0","0","0","0","1","0","1","0","0","0","3","3","0","1","0","1","1","0","1","0","0","0","-2"
"204477","Northeast Ohio Medical University","2020","First major","'99'","Grand total","Doctor's degree - research/scholarship","1","0","1","0","0","0","0","0","0","0","0","0","0","0","0","0","0","0","1","0","1","0","0","0","0","0","0","0","0","0","-2"
"204477","Northeast Ohio Medical University","2020","First major","'99'","Grand total","Doctor's degree - professional practice","215","95","120","0","0","0","53","21","32","10","2","8","5","2","3","0","0","0","135","64","71","7","4","3","5","2","3","0","0","0","-2"
"204486","University of Northwestern Ohio","2020","First major","'99'","Grand total","Associate's degree","945","837","108","1","1","0","8","8","0","15","10","5","24","24","0","0","0","0","662","574","88","0","0","0","230","216","14","5","4","1","-2"
"204486","University of Northwestern Ohio","2020","First major","'99'","Grand total","Bachelor's degree","155","89","66","0","0","0","0","0","0","9","8","1","4","3","1","0","0","0","107","56","51","0","0","0","21","13","8","14","9","5","-2"
"204486","University of Northwestern Ohio","2020","First major","'99'","Grand total","Master's degree","25","16","9","0","0","0","1","1","0","2","2","0","1","1","0","0","0","0","16","9","7","0","0","0","4","2","2","1","1","0","-2"
"204501","Oberlin College","2020","First major","'99'","Grand total","Bachelor's degree","638","238","400","0","0","0","38","10","28","26","15","11","46","17","29","0","0","0","414","156","258","51","14","37","5","2","3","58","24","34","-2"
"204501","Oberlin College","2020","First major","'99'","Grand total","Master's degree","1","1","0","0","0","0","0","0","0","0","0","0","0","0","0","0","0","0","1","1","0","0","0","0","0","0","0","0","0","0","-2"
"204501","Oberlin College","2020","Second major","'99'","Grand total","Bachelor's degree","218","74","144","0","0","0","18","5","13","5","2","3","11","5","6","0","0","0","150","52","98","17","3","14","2","1","1","15","6","9","-2"
"204608","Ohio Technical College","2020","First major","'99'","Grand total","Associate's degree","75","67","8","1","1","0","0","0","0","5","5","0","2","2","0","0","0","0","66","58","8","1","1","0","0","0","0","0","0","0","-2"
"204617","Ohio Dominican University","2020","First major","'99'","Grand total","Associate's degree","26","5","21","1","1","0","0","0","0","13","1","12","5","1","4","0","0","0","6","2","4","1","0","1","0","0","0","0","0","0","-2"
"204617","Ohio Dominican University","2020","First major","'99'","Grand total","Bachelor's degree","200","95","105","1","0","1","1","0","1","37","20","17","8","2","6","0","0","0","126","55","71","9","8","1","16","8","8","2","2","0","-2"
"204617","Ohio Dominican University","2020","First major","'99'","Grand total","Master's degree","198","71","127","1","0","1","2","1","1","12","6","6","2","1","1","0","0","0","153","52","101","3","1","2","17","8","9","8","2","6","-2"
"204617","Ohio Dominican University","2020","Second major","'99'","Grand total","Bachelor's degree","32","13","19","0","0","0","0","0","0","4","1","3","1","0","1","0","0","0","26","11","15","0","0","0","1","1","0","0","0","0","-2"
"204635","Ohio Northern University","2020","First major","'99'","Grand total","Bachelor's degree","373","212","161","0","0","0","1","0","1","12","7","5","3","3","0","0","0","0","296","163","133","6","3","3","48","31","17","7","5","2","-2"
"204635","Ohio Northern University","2020","First major","'99'","Grand total","Master's degree","42","22","20","0","0","0","0","0","0","5","3","2","1","0","1","0","0","0","20","11","9","0","0","0","0","0","0","16","8","8","-2"
"204635","Ohio Northern University","2020","First major","'99'","Grand total","Doctor's degree - professional practice","199","78","121","0","0","0","7","3","4","6","2","4","4","2","2","0","0","0","158","64","94","6","2","4","9","3","6","9","2","7","-2"
"204635","Ohio Northern University","2020","Second major","'99'","Grand total","Bachelor's degree","38","15","23","0","0","0","0","0","0","1","0","1","1","0","1","0","0","0","30","11","19","0","0","0","6","4","2","0","0","0","-2"
"204662","Ohio State University Agricultural Technical Institute","2020","First major","'99'","Grand total","Associate's degree","213","105","108","0","0","0","2","1","1","1","0","1","7","3","4","1","1","0","192","97","95","6","1","5","4","2","2","0","0","0","-2"
"204662","Ohio State University Agricultural Technical Institute","2020","Second major","'99'","Grand total","Associate's degree","1","1","0","0","0","0","0","0","0","0","0","0","0","0","0","0","0","0","1","1","0","0","0","0","0","0","0","0","0","0","-2"
"204671","Ohio State University-Lima Campus","2020","First major","'99'","Grand total","Associate's degree","73","24","49","0","0","0","3","2","1","3","1","2","2","2","0","0","0","0","59","16","43","3","1","2","3","2","1","0","0","0","-2"
"204671","Ohio State University-Lima Campus","2020","First major","'99'","Grand total","Bachelor's degree","98","30","68","0","0","0","2","2","0","0","0","0","2","0","2","0","0","0","88","24","64","2","1","1","3","3","0","1","0","1","-2"
"204671","Ohio State University-Lima Campus","2020","Second major","'99'","Grand total","Bachelor's degree","1","0","1","0","0","0","0","0","0","0","0","0","0","0","0","0","0","0","1","0","1","0","0","0","0","0","0","0","0","0","-2"
"204680","Ohio State University-Mansfield Campus","2020","First major","'99'","Grand total","Associate's degree","124","62","62","0","0","0","1","0","1","4","1","3","5","0","5","0","0","0","109","58","51","4","2","2","1","1","0","0","0","0","-2"
"204680","Ohio State University-Mansfield Campus","2020","First major","'99'","Grand total","Bachelor's degree","70","22","48","1","1","0","0","0","0","2","1","1","3","0","3","0","0","0","59","17","42","2","1","1","3","2","1","0","0","0","-2"
"204699","Ohio State University-Marion Campus","2020","First major","'99'","Grand total","Associate's degree","176","83","93","0","0","0","9","3","6","6","3","3","4","1","3","0","0","0","151","74","77","3","1","2","3","1","2","0","0","0","-2"
"204699","Ohio State University-Marion Campus","2020","First major","'99'","Grand total","Bachelor's degree","85","21","64","0","0","0","3","3","0","1","1","0","3","1","2","0","0","0","74","16","58","1","0","1","3","0","3","0","0","0","-2"
"204705","Ohio State University-Newark Campus","2020","First major","'99'","Grand total","Associate's degree","575","288","287","0","0","0","37","19","18","64","30","34","29","16","13","1","1","0","408","205","203","22","10","12","10","6","4","4","1","3","-2"
"204705","Ohio State University-Newark Campus","2020","First major","'99'","Grand total","Bachelor's degree","123","26","97","0","0","0","0","0","0","9","1","8","1","0","1","0","0","0","107","24","83","4","0","4","2","1","1","0","0","0","-2"
"204705","Ohio State University-Newark Campus","2020","First major","'99'","Grand total","Master's degree","0","0","0","0","0","0","0","0","0","0","0","0","0","0","0","0","0","0","0","0","0","0","0","0","0","0","0","0","0","0","-2"
"204796","Ohio State University-Main Campus","2020","First major","'99'","Grand total","Associate's degree","4","1","3","0","0","0","0","0","0","1","0","1","0","0","0","0","0","0","3","1","2","0","0","0","0","0","0","0","0","0","-2"
"204796","Ohio State University-Main Campus","2020","First major","'99'","Grand total","Bachelor's degree","11720","5831","5889","8","1","7","811","391","420","619","242","377","479","235","244","4","2","2","8030","4055","3975","403","190","213","276","158","118","1090","557","533","-2"
"204796","Ohio State University-Main Campus","2020","First major","'99'","Grand total","Master's degree","2914","1217","1697","0","0","0","132","52","80","150","48","102","146","61","85","0","0","0","1657","605","1052","84","30","54","227","123","104","518","298","220","-2"
"204796","Ohio State University-Main Campus","2020","First major","'99'","Grand total","Doctor's degree - research/scholarship","867","429","438","0","0","0","36","16","20","27","6","21","31","17","14","1","1","0","453","187","266","10","5","5","16","7","9","293","190","103","-2"
"204796","Ohio State University-Main Campus","2020","First major","'99'","Grand total","Doctor's degree - professional practice","863","371","492","0","0","0","104","44","60","51","17","34","62","12","50","0","0","0","579","263","316","43","26","17","14","6","8","10","3","7","-2"
"204796","Ohio State University-Main Campus","2020","Second major","'99'","Grand total","Bachelor's degree","543","247","296","0","0","0","37","18","19","24","3","21","22","10","12","0","0","0","363","178","185","22","7","15","16","8","8","59","23","36","-2"
"204802","Ohio University-Eastern Campus","2020","First major","'99'","Grand total","Associate's degree","30","14","16","0","0","0","0","0","0","1","1","0","0","0","0","0","0","0","28","12","16","1","1","0","0","0","0","0","0","0","-2"
"204802","Ohio University-Eastern Campus","2020","First major","'99'","Grand total","Bachelor's degree","0","0","0","0","0","0","0","0","0","0","0","0","0","0","0","0","0","0","0","0","0","0","0","0","0","0","0","0","0","0","-2"
"204820","Ohio University-Chillicothe Campus","2020","First major","'99'","Grand total","Associate's degree","148","48","100","0","0","0","2","0","2","4","2","2","0","0","0","0","0","0","133","43","90","4","2","2","5","1","4","0","0","0","-2"
"204820","Ohio University-Chillicothe Campus","2020","First major","'99'","Grand total","Bachelor's degree","0","0","0","0","0","0","0","0","0","0","0","0","0","0","0","0","0","0","0","0","0","0","0","0","0","0","0","0","0","0","-2"
"204839","Ohio University-Southern Campus","2020","First major","'99'","Grand total","Associate's degree","165","51","114","0","0","0","1","0","1","2","1","1","0","0","0","0","0","0","149","45","104","9","4","5","3","1","2","1","0","1","-2"
"204839","Ohio University-Southern Campus","2020","First major","'99'","Grand total","Bachelor's degree","0","0","0","0","0","0","0","0","0","0","0","0","0","0","0","0","0","0","0","0","0","0","0","0","0","0","0","0","0","0","-2"
"204848","Ohio University-Lancaster Campus","2020","First major","'99'","Grand total","Associate's degree","119","49","70","1","1","0","1","0","1","1","0","1","3","1","2","0","0","0","110","46","64","2","0","2","1","1","0","0","0","0","-2"
"204848","Ohio University-Lancaster Campus","2020","First major","'99'","Grand total","Bachelor's degree","0","0","0","0","0","0","0","0","0","0","0","0","0","0","0","0","0","0","0","0","0","0","0","0","0","0","0","0","0","0","-2"
"204857","Ohio University-Main Campus","2020","First major","'99'","Grand total","Associate's degree","295","144","151","2","1","1","4","2","2","20","4","16","5","4","1","0","0","0","250","124","126","10","6","4","4","3","1","0","0","0","-2"
"204857","Ohio University-Main Campus","2020","First major","'99'","Grand total","Bachelor's degree","6727","2269","4458","14","2","12","104","28","76","365","120","245","222","73","149","6","1","5","5604","1889","3715","218","75","143","111","34","77","83","47","36","-2"
"204857","Ohio University-Main Campus","2020","First major","'99'","Grand total","Master's degree","1988","927","1061","5","3","2","52","26","26","103","39","64","91","47","44","1","1","0","1403","637","766","56","19","37","69","40","29","208","115","93","-2"
"204857","Ohio University-Main Campus","2020","First major","'99'","Grand total","Doctor's degree - research/scholarship","129","70","59","0","0","0","3","2","1","4","3","1","0","0","0","0","0","0","52","22","30","3","1","2","5","4","1","62","38","24","-2"
"204857","Ohio University-Main Campus","2020","First major","'99'","Grand total","Doctor's degree - professional practice","281","147","134","0","0","0","17","8","9","21","8","13","12","9","3","0","0","0","215","114","101","8","4","4","8","4","4","0","0","0","-2"
"204857","Ohio University-Main Campus","2020","Second major","'99'","Grand total","Bachelor's degree","394","225","169","0","0","0","6","3","3","13","5","8","10","4","6","1","1","0","335","194","141","19","10","9","6","6","0","4","2","2","-2"
"204866","Ohio University-Zanesville Campus","2020","First major","'99'","Grand total","Associate's degree","91","23","68","0","0","0","1","0","1","2","1","1","1","1","0","0","0","0","78","18","60","5","2","3","3","0","3","1","1","0","-2"
"204866","Ohio University-Zanesville Campus","2020","First major","'99'","Grand total","Bachelor's degree","0","0","0","0","0","0","0","0","0","0","0","0","0","0","0","0","0","0","0","0","0","0","0","0","0","0","0","0","0","0","-2"
"204884","Ohio Valley College of Technology","2020","First major","'99'","Grand total","Associate's degree","103","9","94","0","0","0","0","0","0","4","1","3","0","0","0","0","0","0","98","8","90","1","0","1","0","0","0","0","0","0","-2"
"204909","Ohio Wesleyan University","2020","First major","'99'","Grand total","Bachelor's degree","299","139","160","0","0","0","12","5","7","23","14","9","20","9","11","0","0","0","205","93","112","14","5","9","10","4","6","15","9","6","-2"
"204909","Ohio Wesleyan University","2020","Second major","'99'","Grand total","Bachelor's degree","85","25","60","0","0","0","5","1","4","5","2","3","8","3","5","0","0","0","55","15","40","3","0","3","1","0","1","8","4","4","-2"
"204936","Otterbein University","2020","First major","'99'","Grand total","Bachelor's degree","504","184","320","1","0","1","16","4","12","28","13","15","14","3","11","0","0","0","410","151","259","12","5","7","19","7","12","4","1","3","-2"
"204936","Otterbein University","2020","First major","'99'","Grand total","Master's degree","131","40","91","0","0","0","6","2","4","6","1","5","1","0","1","0","0","0","89","32","57","3","1","2","26","4","22","0","0","0","-2"
"204936","Otterbein University","2020","First major","'99'","Grand total","Doctor's degree - professional practice","3","0","3","0","0","0","1","0","1","0","0","0","0","0","0","0","0","0","2","0","2","0","0","0","0","0","0","0","0","0","-2"
"204936","Otterbein University","2020","Second major","'99'","Grand total","Bachelor's degree","91","23","68","1","0","1","2","0","2","3","2","1","4","0","4","0","0","0","79","20","59","2","1","1","0","0","0","0","0","0","-2"
"204945","Owens Community College","2020","First major","'99'","Grand total","Associate's degree","1056","400","656","4","3","1","10","6","4","92","24","68","92","34","58","1","1","0","810","315","495","18","4","14","18","6","12","11","7","4","-2"
"204990","Payne Theological Seminary","2020","First major","'99'","Grand total","Master's degree","43","19","24","0","0","0","0","0","0","28","7","21","0","0","0","0","0","0","0","0","0","0","0","0","0","0","0","15","12","3","-2"
"204990","Payne Theological Seminary","2020","First major","'99'","Grand total","Doctor's degree - other","18","9","9","0","0","0","0","0","0","18","9","9","0","0","0","0","0","0","0","0","0","0","0","0","0","0","0","0","0","0","-2"
"205027","Pontifical College Josephinum","2020","First major","'99'","Grand total","Bachelor's degree","18","18","0","0","0","0","2","2","0","0","0","0","0","0","0","0","0","0","15","15","0","0","0","0","0","0","0","1","1","0","-2"
"205027","Pontifical College Josephinum","2020","First major","'99'","Grand total","Master's degree","11","11","0","0","0","0","1","1","0","0","0","0","1","1","0","0","0","0","7","7","0","0","0","0","0","0","0","2","2","0","-2"
"205054","Professional Skills Institute","2020","First major","'99'","Grand total","Associate's degree","36","16","20","0","0","0","0","0","0","1","1","0","0","0","0","0","0","0","34","14","20","1","1","0","0","0","0","0","0","0","-2"
"205124","Rabbinical College Telshe","2020","First major","'99'","Grand total","Bachelor's degree","7","7","0","0","0","0","0","0","0","0","0","0","0","0","0","0","0","0","7","7","0","0","0","0","0","0","0","0","0","0","-2"
"205124","Rabbinical College Telshe","2020","First major","'99'","Grand total","Master's degree","2","2","0","0","0","0","0","0","0","0","0","0","0","0","0","0","0","0","2","2","0","0","0","0","0","0","0","0","0","0","-2"
"205124","Rabbinical College Telshe","2020","First major","'99'","Grand total","Doctor's degree - other","0","0","0","0","0","0","0","0","0","0","0","0","0","0","0","0","0","0","0","0","0","0","0","0","0","0","0","0","0","0","-2"
"205179","Fortis College-Centerville","2020","First major","'99'","Grand total","Associate's degree","79","13","66","2","0","2","2","1","1","16","2","14","2","0","2","0","0","0","47","5","42","4","2","2","6","3","3","0","0","0","-2"
"205203","University of Rio Grande","2020","First major","'99'","Grand total","Associate's degree","228","73","155","0","0","0","0","0","0","1","0","1","3","2","1","0","0","0","181","56","125","1","1","0","41","13","28","1","1","0","-2"
"205203","University of Rio Grande","2020","First major","'99'","Grand total","Bachelor's degree","166","69","97","0","0","0","0","0","0","7","3","4","7","7","0","0","0","0","127","44","83","0","0","0","19","11","8","6","4","2","-2"
"205203","University of Rio Grande","2020","First major","'99'","Grand total","Master's degree","14","10","4","0","0","0","0","0","0","0","0","0","0","0","0","0","0","0","11","9","2","0","0","0","3","1","2","0","0","0","-2"
"205391","The Modern College of Design","2020","First major","'99'","Grand total","Associate's degree","74","20","54","0","0","0","0","0","0","3","3","0","5","1","4","0","0","0","61","16","45","4","0","4","1","0","1","0","0","0","-2"
"205391","The Modern College of Design","2020","First major","'99'","Grand total","Bachelor's degree","0","0","0","0","0","0","0","0","0","0","0","0","0","0","0","0","0","0","0","0","0","0","0","0","0","0","0","0","0","0","-2"
"205443","Shawnee State University","2020","First major","'99'","Grand total","Associate's degree","162","56","106","0","0","0","1","1","0","5","4","1","0","0","0","0","0","0","147","47","100","6","3","3","3","1","2","0","0","0","-2"
"205443","Shawnee State University","2020","First major","'99'","Grand total","Bachelor's degree","428","176","252","2","1","1","3","1","2","19","11","8","4","4","0","1","1","0","374","148","226","7","2","5","14","5","9","4","3","1","-2"
"205443","Shawnee State University","2020","First major","'99'","Grand total","Master's degree","49","10","39","0","0","0","3","1","2","0","0","0","2","0","2","0","0","0","43","9","34","0","0","0","1","0","1","0","0","0","-2"
"205470","Sinclair Community College","2020","First major","'99'","Grand total","Associate's degree","2155","872","1283","11","4","7","43","17","26","253","86","167","93","33","60","3","0","3","1527","628","899","77","29","48","114","58","56","34","17","17","-2"
"205470","Sinclair Community College","2020","First major","'99'","Grand total","Bachelor's degree","0","0","0","0","0","0","0","0","0","0","0","0","0","0","0","0","0","0","0","0","0","0","0","0","0","0","0","0","0","0","-2"
"205559","Hussian College-Daymar College Columbus","2020","First major","'99'","Grand total","Associate's degree","11","2","9","0","0","0","0","0","0","4","0","4","2","1","1","0","0","0","4","0","4","0","0","0","0","0","0","1","1","0","-2"
"205841","Stark State College","2020","First major","'99'","Grand total","Associate's degree","941","350","591","1","0","1","19","6","13","100","27","73","21","8","13","1","1","0","734","282","452","27","14","13","37","11","26","1","1","0","-2"
"205887","Stautzenberger College-Maumee","2020","First major","'99'","Grand total","Associate's degree","118","11","107","0","0","0","0","0","0","16","2","14","10","0","10","0","0","0","89","9","80","2","0","2","1","0","1","0","0","0","-2"
"205957","Franciscan University of Steubenville","2020","First major","'99'","Grand total","Associate's degree","29","15","14","0","0","0","0","0","0","0","0","0","5","3","2","0","0","0","23","12","11","1","0","1","0","0","0","0","0","0","-2"
"205957","Franciscan University of Steubenville","2020","First major","'99'","Grand total","Bachelor's degree","450","169","281","0","0","0","9","5","4","2","1","1","47","17","30","0","0","0","377","143","234","7","0","7","5","1","4","3","2","1","-2"
"205957","Franciscan University of Steubenville","2020","First major","'99'","Grand total","Master's degree","156","61","95","0","0","0","2","1","1","1","0","1","15","4","11","0","0","0","116","44","72","2","1","1","11","7","4","9","4","5","-2"
"205957","Franciscan University of Steubenville","2020","Second major","'99'","Grand total","Bachelor's degree","74","29","45","0","0","0","2","1","1","0","0","0","5","0","5","0","0","0","64","28","36","1","0","1","2","0","2","0","0","0","-2"
"205957","Franciscan University of Steubenville","2020","Second major","'99'","Grand total","Master's degree","1","1","0","0","0","0","0","0","0","0","0","0","0","0","0","0","0","0","1","1","0","0","0","0","0","0","0","0","0","0","-2"
"205966","Southern State Community College","2020","First major","'99'","Grand total","Associate's degree","284","90","194","0","0","0","0","0","0","3","0","3","4","3","1","0","0","0","267","84","183","6","3","3","4","0","4","0","0","0","-2"
"206011","Terra State Community College","2020","First major","'99'","Grand total","Associate's degree","185","91","94","0","0","0","1","0","1","7","1","6","7","3","4","0","0","0","160","82","78","4","3","1","4","0","4","2","2","0","-2"
"206048","Tiffin University","2020","First major","'99'","Grand total","Associate's degree","1","0","1","0","0","0","0","0","0","0","0","0","0","0","0","0","0","0","1","0","1","0","0","0","0","0","0","0","0","0","-2"
"206048","Tiffin University","2020","First major","'99'","Grand total","Bachelor's degree","438","235","203","0","0","0","1","0","1","38","18","20","24","5","19","0","0","0","185","83","102","8","4","4","87","41","46","95","84","11","-2"
"206048","Tiffin University","2020","First major","'99'","Grand total","Master's degree","362","129","233","1","0","1","5","1","4","72","17","55","18","8","10","0","0","0","223","83","140","2","1","1","26","8","18","15","11","4","-2"
"206048","Tiffin University","2020","Second major","'99'","Grand total","Bachelor's degree","42","24","18","0","0","0","0","0","0","2","2","0","2","1","1","0","0","0","18","9","9","1","0","1","6","1","5","13","11","2","-2"
"206084","University of Toledo","2020","First major","'99'","Grand total","Associate's degree","78","37","41","0","0","0","0","0","0","11","5","6","9","5","4","0","0","0","52","25","27","4","2","2","2","0","2","0","0","0","-2"
"206084","University of Toledo","2020","First major","'99'","Grand total","Bachelor's degree","2951","1437","1514","0","0","0","60","25","35","267","95","172","112","49","63","5","5","0","2098","1021","1077","71","27","44","83","45","38","255","170","85","-2"
"206084","University of Toledo","2020","First major","'99'","Grand total","Master's degree","951","436","515","1","1","0","22","11","11","70","23","47","31","14","17","0","0","0","539","205","334","11","3","8","15","9","6","262","170","92","-2"
"206084","University of Toledo","2020","First major","'99'","Grand total","Doctor's degree - research/scholarship","119","60","59","0","0","0","7","5","2","9","3","6","2","0","2","0","0","0","43","18","25","3","2","1","3","1","2","52","31","21","-2"
"206084","University of Toledo","2020","First major","'99'","Grand total","Doctor's degree - professional practice","417","187","230","0","0","0","44","21","23","19","9","10","9","4","5","0","0","0","319","136","183","3","2","1","20","14","6","3","1","2","-2"
"206084","University of Toledo","2020","First major","'99'","Grand total","Doctor's degree - other","4","0","4","0","0","0","0","0","0","0","0","0","1","0","1","0","0","0","3","0","3","0","0","0","0","0","0","0","0","0","-2"
"206084","University of Toledo","2020","Second major","'99'","Grand total","Bachelor's degree","244","138","106","0","0","0","1","0","1","14","10","4","6","3","3","0","0","0","161","93","68","7","2","5","6","4","2","49","26","23","-2"
"206084","University of Toledo","2020","Second major","'99'","Grand total","Master's degree","46","30","16","0","0","0","0","0","0","3","1","2","1","1","0","0","0","0","3","1","2","0","0","0","1","1","0","38","26","12","-2"
"206154","Tri-State Bible College","2020","First major","'99'","Grand total","Associate's degree","1","0","1","0","0","0","0","0","0","0","0","0","0","0","0","0","0","0","1","0","1","0","0","0","0","0","0","0","0","0","-2"
"206154","Tri-State Bible College","2020","First major","'99'","Grand total","Bachelor's degree","1","1","0","0","0","0","1","1","0","0","0","0","0","0","0","0","0","0","0","0","0","0","0","0","0","0","0","0","0","0","-2"
"206154","Tri-State Bible College","2020","First major","'99'","Grand total","Master's degree","0","0","0","0","0","0","0","0","0","0","0","0","0","0","0","0","0","0","0","0","0","0","0","0","0","0","0","0","0","0","-2"
"206279","Union Institute & University","2020","First major","'99'","Grand total","Bachelor's degree","367","184","183","1","1","0","6","6","0","46","16","30","127","46","81","5","5","0","122","79","43","6","2","4","54","29","25","0","0","0","-2"
"206279","Union Institute & University","2020","First major","'99'","Grand total","Master's degree","58","23","35","0","0","0","2","2","0","13","2","11","9","5","4","0","0","0","28","11","17","2","1","1","4","2","2","0","0","0","-2"
"206279","Union Institute & University","2020","First major","'99'","Grand total","Doctor's degree - research/scholarship","10","1","9","0","0","0","0","0","0","2","0","2","2","0","2","0","0","0","5","1","4","0","0","0","1","0","1","0","0","0","-2"
"206288","United Theological Seminary","2020","First major","'99'","Grand total","Master's degree","52","28","24","0","0","0","0","0","0","9","6","3","0","0","0","0","0","0","29","15","14","1","0","1","11","6","5","2","1","1","-2"
"206288","United Theological Seminary","2020","First major","'99'","Grand total","Doctor's degree - professional practice","48","33","15","0","0","0","0","0","0","19","13","6","0","0","0","0","0","0","9","6","3","0","0","0","19","13","6","1","1","0","-2"
"206349","Ursuline College","2020","First major","'99'","Grand total","Bachelor's degree","179","12","167","0","0","0","5","1","4","32","0","32","1","0","1","0","0","0","115","8","107","10","1","9","11","1","10","5","1","4","-2"
"206349","Ursuline College","2020","First major","'99'","Grand total","Master's degree","121","15","106","0","0","0","0","0","0","28","4","24","3","0","3","0","0","0","88","10","78","0","0","0","2","1","1","0","0","0","-2"
"206349","Ursuline College","2020","First major","'99'","Grand total","Doctor's degree - professional practice","2","0","2","0","0","0","0","0","0","1","0","1","0","0","0","0","0","0","1","0","1","0","0","0","0","0","0","0","0","0","-2"
"206394","The North Coast College","2020","First major","'99'","Grand total","Associate's degree","7","1","6","0","0","0","0","0","0","2","0","2","1","0","1","0","0","0","3","1","2","1","0","1","0","0","0","0","0","0","-2"
"206394","The North Coast College","2020","First major","'99'","Grand total","Bachelor's degree","18","3","15","0","0","0","0","0","0","5","0","5","2","0","2","0","0","0","10","3","7","1","0","1","0","0","0","0","0","0","-2"
"206437","Walsh University","2020","First major","'99'","Grand total","Associate's degree","0","0","0","0","0","0","0","0","0","0","0","0","0","0","0","0","0","0","0","0","0","0","0","0","0","0","0","0","0","0","-2"
"206437","Walsh University","2020","First major","'99'","Grand total","Bachelor's degree","386","135","251","0","0","0","3","0","3","22","11","11","18","6","12","0","0","0","278","93","185","6","2","4","47","14","33","12","9","3","-2"
"206437","Walsh University","2020","First major","'99'","Grand total","Master's degree","184","49","135","2","1","1","1","0","1","4","2","2","0","0","0","0","0","0","128","32","96","2","1","1","43","11","32","4","2","2","-2"
"206437","Walsh University","2020","First major","'99'","Grand total","Doctor's degree - professional practice","31","7","24","1","0","1","0","0","0","1","0","1","0","0","0","0","0","0","24","6","18","0","0","0","5","1","4","0","0","0","-2"
"206437","Walsh University","2020","Second major","'99'","Grand total","Bachelor's degree","53","18","35","0","0","0","0","0","0","3","2","1","0","0","0","0","0","0","42","14","28","2","1","1","6","1","5","0","0","0","-2"
"206446","Washington State Community College","2020","First major","'99'","Grand total","Associate's degree","249","91","158","1","1","0","1","0","1","1","0","1","2","2","0","0","0","0","241","87","154","2","0","2","1","1","0","0","0","0","-2"
"206491","Wilberforce University","2020","First major","'99'","Grand total","Bachelor's degree","0","0","0","0","0","0","0","0","0","0","0","0","0","0","0","0","0","0","0","0","0","0","0","0","0","0","0","0","0","0","-2"
"206491","Wilberforce University","2020","First major","'99'","Grand total","Master's degree","0","0","0","0","0","0","0","0","0","0","0","0","0","0","0","0","0","0","0","0","0","0","0","0","0","0","0","0","0","0","-2"
"206507","Wilmington College","2020","First major","'99'","Grand total","Bachelor's degree","266","119","147","0","0","0","3","1","2","30","17","13","5","4","1","0","0","0","205","85","120","8","6","2","10","1","9","5","5","0","-2"
"206507","Wilmington College","2020","Second major","'99'","Grand total","Bachelor's degree","56","26","30","0","0","0","2","1","1","6","3","3","1","0","1","0","0","0","45","21","24","0","0","0","1","0","1","1","1","0","-2"
"206516","Winebrenner Theological Seminary","2020","First major","'99'","Grand total","Master's degree","18","10","8","0","0","0","1","0","1","0","0","0","0","0","0","0","0","0","17","10","7","0","0","0","0","0","0","0","0","0","-2"
"206516","Winebrenner Theological Seminary","2020","First major","'99'","Grand total","Doctor's degree - professional practice","0","0","0","0","0","0","0","0","0","0","0","0","0","0","0","0","0","0","0","0","0","0","0","0","0","0","0","0","0","0","-2"
"206525","Wittenberg University","2020","First major","'99'","Grand total","Bachelor's degree","373","171","202","0","0","0","4","3","1","28","14","14","10","3","7","0","0","0","300","131","169","22","13","9","4","2","2","5","5","0","-2"
"206525","Wittenberg University","2020","First major","'99'","Grand total","Master's degree","19","8","11","0","0","0","1","0","1","3","3","0","3","1","2","0","0","0","11","3","8","0","0","0","0","0","0","1","1","0","-2"
"206525","Wittenberg University","2020","Second major","'99'","Grand total","Bachelor's degree","61","29","32","0","0","0","0","0","0","2","2","0","1","0","1","0","0","0","49","22","27","5","2","3","2","1","1","2","2","0","-2"
"206589","The College of Wooster","2020","First major","'99'","Grand total","Bachelor's degree","421","191","230","0","0","0","16","5","11","30","11","19","22","12","10","0","0","0","281","125","156","17","11","6","2","0","2","53","27","26","-2"
"206589","The College of Wooster","2020","Second major","'99'","Grand total","Bachelor's degree","59","22","37","0","0","0","6","1","5","3","2","1","2","0","2","0","0","0","36","13","23","0","0","0","1","0","1","11","6","5","-2"
"206604","Wright State University-Main Campus","2020","First major","'99'","Grand total","Bachelor's degree","2131","1039","1092","3","1","2","50","20","30","214","86","128","66","29","37","2","1","1","1637","815","822","85","35","50","11","6","5","63","46","17","-2"
"206604","Wright State University-Main Campus","2020","First major","'99'","Grand total","Master's degree","935","399","536","3","2","1","34","18","16","71","29","42","15","6","9","1","1","0","620","253","367","21","9","12","9","2","7","161","79","82","-2"
"206604","Wright State University-Main Campus","2020","First major","'99'","Grand total","Doctor's degree - research/scholarship","34","23","11","0","0","0","4","3","1","0","0","0","0","0","0","0","0","0","16","8","8","1","1","0","0","0","0","13","11","2","-2"
"206604","Wright State University-Main Campus","2020","First major","'99'","Grand total","Doctor's degree - professional practice","130","52","78","1","1","0","12","6","6","23","9","14","5","2","3","0","0","0","88","34","54","0","0","0","1","0","1","0","0","0","-2"
"206604","Wright State University-Main Campus","2020","First major","'99'","Grand total","Doctor's degree - other","1","0","1","0","0","0","0","0","0","0","0","0","0","0","0","0","0","0","1","0","1","0","0","0","0","0","0","0","0","0","-2"
"206604","Wright State University-Main Campus","2020","Second major","'99'","Grand total","Bachelor's degree","54","25","29","1","0","1","2","0","2","1","1","0","0","0","0","0","0","0","44","23","21","2","1","1","0","0","0","4","0","4","-2"
"206613","Wright State University-Lake Campus","2020","First major","'99'","Grand total","Associate's degree","44","17","27","0","0","0","0","0","0","1","0","1","0","0","0","0","0","0","43","17","26","0","0","0","0","0","0","0","0","0","-2"
"206613","Wright State University-Lake Campus","2020","First major","'99'","Grand total","Bachelor's degree","140","62","78","0","0","0","0","0","0","0","0","0","2","1","1","0","0","0","137","61","76","1","0","1","0","0","0","0","0","0","-2"
"206622","Xavier University","2020","First major","'99'","Grand total","Associate's degree","13","2","11","0","0","0","0","0","0","2","0","2","1","1","0","0","0","0","10","1","9","0","0","0","0","0","0","0","0","0","-2"
"206622","Xavier University","2020","First major","'99'","Grand total","Bachelor's degree","1182","474","708","2","1","1","29","6","23","94","32","62","69","30","39","3","1","2","909","368","541","44","17","27","14","7","7","18","12","6","-2"
"206622","Xavier University","2020","First major","'99'","Grand total","Master's degree","663","268","395","1","0","1","19","8","11","61","22","39","29","10","19","1","1","0","510","209","301","19","7","12","5","2","3","18","9","9","-2"
"206622","Xavier University","2020","First major","'99'","Grand total","Doctor's degree - professional practice","33","11","22","0","0","0","1","0","1","3","1","2","0","0","0","2","2","0","26","8","18","0","0","0","0","0","0","1","0","1","-2"
"206622","Xavier University","2020","Second major","'99'","Grand total","Bachelor's degree","115","56","59","0","0","0","1","0","1","7","3","4","6","2","4","0","0","0","90","44","46","5","3","2","3","2","1","3","2","1","-2"
"206622","Xavier University","2020","Second major","'99'","Grand total","Master's degree","4","1","3","0","0","0","0","0","0","1","0","1","0","0","0","0","0","0","3","1","2","0","0","0","0","0","0","0","0","0","-2"
"206695","Youngstown State University","2020","First major","'99'","Grand total","Associate's degree","125","65","60","0","0","0","0","0","0","28","11","17","9","6","3","0","0","0","74","41","33","4","2","2","7","3","4","3","2","1","-2"
"206695","Youngstown State University","2020","First major","'99'","Grand total","Bachelor's degree","1746","793","953","3","1","2","22","9","13","122","55","67","61","20","41","0","0","0","1388","626","762","38","15","23","65","31","34","47","36","11","-2"
"206695","Youngstown State University","2020","First major","'99'","Grand total","Master's degree","441","171","270","0","0","0","7","1","6","32","8","24","16","5","11","0","0","0","313","112","201","7","2","5","17","7","10","49","36","13","-2"
"206695","Youngstown State University","2020","First major","'99'","Grand total","Doctor's degree - research/scholarship","11","6","5","0","0","0","0","0","0","0","0","0","0","0","0","0","0","0","10","5","5","0","0","0","1","1","0","0","0","0","-2"
"206695","Youngstown State University","2020","First major","'99'","Grand total","Doctor's degree - professional practice","29","13","16","0","0","0","0","0","0","0","0","0","0","0","0","0","0","0","28","13","15","0","0","0","1","0","1","0","0","0","-2"
"206695","Youngstown State University","2020","Second major","'99'","Grand total","Bachelor's degree","23","10","13","0","0","0","0","0","0","0","0","0","0","0","0","0","0","0","21","9","12","1","1","0","1","0","1","0","0","0","-2"
"206817","Bacone College","2020","First major","'99'","Grand total","Associate's degree","7","4","3","7","4","3","0","0","0","0","0","0","0","0","0","0","0","0","0","0","0","0","0","0","0","0","0","0","0","0","-2"
"206817","Bacone College","2020","First major","'99'","Grand total","Bachelor's degree","18","6","12","9","1","8","1","1","0","3","1","2","0","0","0","0","0","0","4","2","2","1","1","0","0","0","0","0","0","0","-2"
"206835","Oklahoma Wesleyan University","2020","First major","'99'","Grand total","Associate's degree","25","8","17","8","2","6","0","0","0","2","0","2","0","0","0","0","0","0","15","6","9","0","0","0","0","0","0","0","0","0","-2"
"206835","Oklahoma Wesleyan University","2020","First major","'99'","Grand total","Bachelor's degree","211","77","134","23","9","14","0","0","0","8","6","2","10","5","5","2","1","1","162","52","110","0","0","0","0","0","0","6","4","2","-2"
"206835","Oklahoma Wesleyan University","2020","First major","'99'","Grand total","Master's degree","64","21","43","10","1","9","0","0","0","3","2","1","1","0","1","0","0","0","48","16","32","0","0","0","0","0","0","2","2","0","-2"
"206862","Southern Nazarene University","2020","First major","'99'","Grand total","Associate's degree","3","1","2","0","0","0","0","0","0","0","0","0","0","0","0","0","0","0","3","1","2","0","0","0","0","0","0","0","0","0","-2"
"206862","Southern Nazarene University","2020","First major","'99'","Grand total","Bachelor's degree","491","219","272","15","6","9","2","1","1","64","30","34","51","23","28","1","1","0","312","143","169","28","8","20","12","4","8","6","3","3","-2"
"206862","Southern Nazarene University","2020","First major","'99'","Grand total","Master's degree","358","138","220","23","9","14","6","2","4","47","14","33","22","7","15","1","0","1","208","86","122","31","11","20","9","3","6","11","6","5","-2"
"206862","Southern Nazarene University","2020","First major","'99'","Grand total","Doctor's degree - research/scholarship","0","0","0","0","0","0","0","0","0","0","0","0","0","0","0","0","0","0","0","0","0","0","0","0","0","0","0","0","0","0","-2"
"206914","Cameron University","2020","First major","'99'","Grand total","Associate's degree","228","95","133","13","4","9","3","0","3","21","12","9","27","14","13","1","0","1","128","47","81","18","7","11","5","3","2","12","8","4","-2"
"206914","Cameron University","2020","First major","'99'","Grand total","Bachelor's degree","459","177","282","29","9","20","7","1","6","44","15","29","54","22","32","2","0","2","237","92","145","38","16","22","24","8","16","24","14","10","-2"
"206914","Cameron University","2020","First major","'99'","Grand total","Master's degree","94","33","61","6","3","3","1","1","0","9","2","7","4","1","3","0","0","0","54","20","34","13","4","9","3","1","2","4","1","3","-2"
"206923","Carl Albert State College","2020","First major","'99'","Grand total","Associate's degree","365","86","279","46","13","33","5","3","2","11","4","7","28","5","23","0","0","0","206","48","158","59","10","49","3","0","3","7","3","4","-2"
"206932","Central Oklahoma College","2020","First major","'99'","Grand total","Associate's degree","0","0","0","0","0","0","0","0","0","0","0","0","0","0","0","0","0","0","0","0","0","0","0","0","0","0","0","0","0","0","-2"
"206941","University of Central Oklahoma","2020","First major","'99'","Grand total","Associate's degree","55","29","26","1","1","0","0","0","0","6","2","4","4","1","3","0","0","0","36","20","16","6","3","3","2","2","0","0","0","0","-2"
"206941","University of Central Oklahoma","2020","First major","'99'","Grand total","Bachelor's degree","2578","912","1666","70","27","43","94","26","68","179","61","118","258","79","179","4","2","2","1476","524","952","207","62","145","122","44","78","168","87","81","-2"
"206941","University of Central Oklahoma","2020","First major","'99'","Grand total","Master's degree","436","130","306","11","1","10","5","0","5","39","13","26","35","9","26","1","1","0","240","72","168","23","2","21","8","2","6","74","30","44","-2"
"206996","Connors State College","2020","First major","'99'","Grand total","Associate's degree","388","107","281","90","12","78","1","0","1","20","9","11","18","7","11","0","0","0","181","54","127","71","22","49","1","0","1","6","3","3","-2"
"207041","East Central University","2020","First major","'99'","Grand total","Bachelor's degree","587","226","361","89","28","61","4","1","3","22","8","14","11","4","7","2","1","1","338","118","220","40","17","23","23","10","13","58","39","19","-2"
"207041","East Central University","2020","First major","'99'","Grand total","Master's degree","219","72","147","23","7","16","1","0","1","11","8","3","8","1","7","0","0","0","138","42","96","12","4","8","8","5","3","18","5","13","-2"
"207050","Eastern Oklahoma State College","2020","First major","'99'","Grand total","Associate's degree","211","70","141","67","22","45","3","0","3","9","5","4","9","3","6","1","1","0","112","34","78","4","1","3","6","4","2","0","0","0","-2"
"207069","Redlands Community College","2020","First major","'99'","Grand total","Associate's degree","277","85","192","31","11","20","5","1","4","16","5","11","29","7","22","1","0","1","180","56","124","6","3","3","4","2","2","5","0","5","-2"
"207157","Randall University","2020","First major","'99'","Grand total","Associate's degree","12","7","5","1","0","1","0","0","0","0","0","0","4","1","3","0","0","0","6","5","1","0","0","0","0","0","0","1","1","0","-2"
"207157","Randall University","2020","First major","'99'","Grand total","Bachelor's degree","51","26","25","4","2","2","0","0","0","4","3","1","20","10","10","0","0","0","20","9","11","1","1","0","1","1","0","1","0","1","-2"
"207157","Randall University","2020","First major","'99'","Grand total","Master's degree","5","4","1","0","0","0","0","0","0","1","0","1","0","0","0","0","0","0","4","4","0","0","0","0","0","0","0","0","0","0","-2"
"207209","Langston University","2020","First major","'99'","Grand total","Associate's degree","46","13","33","3","1","2","0","0","0","40","12","28","0","0","0","0","0","0","1","0","1","1","0","1","1","0","1","0","0","0","-2"
"207209","Langston University","2020","First major","'99'","Grand total","Bachelor's degree","288","81","207","13","2","11","2","0","2","185","55","130","15","4","11","0","0","0","41","10","31","7","1","6","19","6","13","6","3","3","-2"
"207209","Langston University","2020","First major","'99'","Grand total","Master's degree","43","14","29","2","0","2","0","0","0","34","12","22","2","0","2","0","0","0","2","1","1","0","0","0","0","0","0","3","1","2","-2"
"207209","Langston University","2020","First major","'99'","Grand total","Doctor's degree - professional practice","13","2","11","0","0","0","0","0","0","2","1","1","1","0","1","0","0","0","9","1","8","0","0","0","1","0","1","0","0","0","-2"
"207236","Murray State College","2020","First major","'99'","Grand total","Associate's degree","327","83","244","16","4","12","2","1","1","4","2","2","23","7","16","0","0","0","177","39","138","62","14","48","3","2","1","40","14","26","-2"
"207254","Spartan College of Aeronautics and Technology","2020","First major","'99'","Grand total","Associate's degree","115","107","8","2","2","0","2","2","0","7","6","1","14","13","1","1","1","0","63","57","6","4","4","0","8","8","0","14","14","0","-2"
"207254","Spartan College of Aeronautics and Technology","2020","First major","'99'","Grand total","Bachelor's degree","25","24","1","0","0","0","1","1","0","0","0","0","3","3","0","0","0","0","13","12","1","0","0","0","3","3","0","5","5","0","-2"
"207263","Northeastern State University","2020","First major","'99'","Grand total","Bachelor's degree","1471","503","968","239","65","174","35","9","26","62","20","42","89","29","60","2","0","2","737","261","476","255","83","172","11","6","5","41","30","11","-2"
"207263","Northeastern State University","2020","First major","'99'","Grand total","Master's degree","374","84","290","54","14","40","5","2","3","27","5","22","19","6","13","1","1","0","197","37","160","63","16","47","2","1","1","6","2","4","-2"
"207263","Northeastern State University","2020","First major","'99'","Grand total","Doctor's degree - professional practice","28","15","13","0","0","0","3","2","1","1","0","1","2","1","1","0","0","0","20","10","10","2","2","0","0","0","0","0","0","0","-2"
"207281","Northern Oklahoma College","2020","First major","'99'","Grand total","Associate's degree","905","360","545","148","54","94","18","13","5","50","29","21","74","33","41","0","0","0","591","223","368","19","4","15","2","1","1","3","3","0","-2"
"207290","Northeastern Oklahoma A&M College","2020","First major","'99'","Grand total","Associate's degree","378","133","245","26","7","19","2","1","1","24","17","7","17","5","12","0","0","0","187","55","132","51","16","35","54","21","33","17","11","6","-2"
"207306","Northwestern Oklahoma State University","2020","First major","'99'","Grand total","Bachelor's degree","332","110","222","31","7","24","3","0","3","22","12","10","21","9","12","0","0","0","221","72","149","4","1","3","26","6","20","4","3","1","-2"
"207306","Northwestern Oklahoma State University","2020","First major","'99'","Grand total","Master's degree","51","21","30","2","0","2","0","0","0","1","0","1","3","1","2","0","0","0","40","17","23","1","0","1","4","3","1","0","0","0","-2"
"207306","Northwestern Oklahoma State University","2020","First major","'99'","Grand total","Doctor's degree - professional practice","0","0","0","0","0","0","0","0","0","0","0","0","0","0","0","0","0","0","0","0","0","0","0","0","0","0","0","0","0","0","-2"
"207315","Oklahoma State University Center for Health Sciences","2020","First major","'99'","Grand total","Master's degree","212","90","122","15","6","9","9","2","7","17","6","11","14","5","9","1","0","1","131","60","71","14","6","8","7","4","3","4","1","3","-2"
"207315","Oklahoma State University Center for Health Sciences","2020","First major","'99'","Grand total","Doctor's degree - research/scholarship","7","2","5","0","0","0","0","0","0","0","0","0","0","0","0","0","0","0","4","1","3","1","0","1","0","0","0","2","1","1","-2"
"207315","Oklahoma State University Center for Health Sciences","2020","First major","'99'","Grand total","Doctor's degree - professional practice","109","66","43","6","4","2","9","5","4","2","0","2","2","0","2","0","0","0","75","50","25","12","5","7","2","1","1","1","1","0","-2"
"207324","Oklahoma Christian University","2020","First major","'99'","Grand total","Bachelor's degree","368","170","198","4","1","3","12","5","7","16","7","9","21","10","11","0","0","0","283","135","148","30","11","19","2","1","1","0","0","0","-2"
"207324","Oklahoma Christian University","2020","First major","'99'","Grand total","Master's degree","190","120","70","3","3","0","38","28","10","54","18","36","6","6","0","0","0","0","77","57","20","11","7","4","1","1","0","0","0","0","-2"
"207342","University of Oklahoma-Health Sciences Center","2020","First major","'99'","Grand total","Bachelor's degree","453","56","397","24","0","24","28","9","19","17","1","16","37","7","30","0","0","0","302","34","268","11","1","10","34","4","30","0","0","0","-2"
"207342","University of Oklahoma-Health Sciences Center","2020","First major","'99'","Grand total","Master's degree","289","70","219","10","2","8","23","7","16","7","4","3","17","3","14","0","0","0","202","44","158","8","1","7","13","4","9","9","5","4","-2"
"207342","University of Oklahoma-Health Sciences Center","2020","First major","'99'","Grand total","Doctor's degree - research/scholarship","25","10","15","1","0","1","1","0","1","1","0","1","1","0","1","0","0","0","14","7","7","0","0","0","0","0","0","7","3","4","-2"
"207342","University of Oklahoma-Health Sciences Center","2020","First major","'99'","Grand total","Doctor's degree - professional practice","394","174","220","13","7","6","56","24","32","11","5","6","16","8","8","0","0","0","253","113","140","17","4","13","26","12","14","2","1","1","-2"
"207351","Oklahoma Panhandle State University","2020","First major","'99'","Grand total","Associate's degree","109","34","75","12","4","8","3","0","3","4","2","2","21","7","14","0","0","0","63","17","46","2","2","0","0","0","0","4","2","2","-2"
"207351","Oklahoma Panhandle State University","2020","First major","'99'","Grand total","Bachelor's degree","242","72","170","30","6","24","5","1","4","6","2","4","49","20","29","0","0","0","145","39","106","2","1","1","1","1","0","4","2","2","-2"
"207388","Oklahoma State University-Main Campus","2020","First major","'99'","Grand total","Bachelor's degree","4836","2430","2406","222","90","132","100","45","55","156","66","90","384","191","193","8","3","5","3334","1674","1660","429","227","202","8","5","3","195","129","66","-2"
"207388","Oklahoma State University-Main Campus","2020","First major","'99'","Grand total","Master's degree","930","450","480","20","7","13","20","10","10","32","13","19","49","21","28","1","0","1","569","273","296","49","17","32","8","5","3","182","104","78","-2"
"207388","Oklahoma State University-Main Campus","2020","First major","'99'","Grand total","Doctor's degree - research/scholarship","224","120","104","1","1","0","3","1","2","5","3","2","11","4","7","0","0","0","109","49","60","4","4","0","2","2","0","89","56","33","-2"
"207388","Oklahoma State University-Main Campus","2020","First major","'99'","Grand total","Doctor's degree - professional practice","88","12","76","3","1","2","0","0","0","0","0","0","6","2","4","0","0","0","73","8","65","6","1","5","0","0","0","0","0","0","-2"
"207397","Oklahoma State University-Oklahoma City","2020","First major","'99'","Grand total","Associate's degree","737","262","475","34","9","25","20","4","16","69","19","50","125","46","79","4","3","1","417","156","261","57","19","38","9","4","5","2","2","0","-2"
"207397","Oklahoma State University-Oklahoma City","2020","First major","'99'","Grand total","Bachelor's degree","20","18","2","1","1","0","0","0","0","2","2","0","1","1","0","0","0","0","16","14","2","0","0","0","0","0","0","0","0","0","-2"
"207403","Oklahoma Baptist University","2020","First major","'99'","Grand total","Associate's degree","1","1","0","0","0","0","0","0","0","1","1","0","0","0","0","0","0","0","0","0","0","0","0","0","0","0","0","0","0","0","-2"
"207403","Oklahoma Baptist University","2020","First major","'99'","Grand total","Bachelor's degree","357","126","231","19","3","16","3","0","3","15","9","6","10","7","3","0","0","0","246","84","162","44","12","32","4","3","1","16","8","8","-2"
"207403","Oklahoma Baptist University","2020","First major","'99'","Grand total","Master's degree","52","25","27","5","3","2","1","0","1","3","2","1","1","0","1","0","0","0","27","11","16","2","1","1","8","5","3","5","3","2","-2"
"207449","Oklahoma City Community College","2020","First major","'99'","Grand total","Associate's degree","1696","598","1098","69","27","42","66","30","36","108","44","64","226","71","155","4","1","3","892","304","588","131","39","92","0","0","0","200","82","118","-2"
"207458","Oklahoma City University","2020","First major","'99'","Grand total","Bachelor's degree","476","133","343","10","4","6","3","1","2","22","10","12","38","8","30","0","0","0","284","73","211","43","14","29","0","0","0","76","23","53","-2"
"207458","Oklahoma City University","2020","First major","'99'","Grand total","Master's degree","258","105","153","6","2","4","16","4","12","14","6","8","14","5","9","0","0","0","158","61","97","13","8","5","0","0","0","37","19","18","-2"
"207458","Oklahoma City University","2020","First major","'99'","Grand total","Doctor's degree - research/scholarship","24","2","22","2","0","2","0","0","0","3","2","1","2","0","2","0","0","0","13","0","13","3","0","3","0","0","0","1","0","1","-2"
"207458","Oklahoma City University","2020","First major","'99'","Grand total","Doctor's degree - professional practice","128","45","83","13","4","9","10","1","9","9","2","7","11","1","10","0","0","0","69","31","38","8","4","4","2","2","0","6","0","6","-2"
"207458","Oklahoma City University","2020","Second major","'99'","Grand total","Bachelor's degree","15","4","11","0","0","0","1","0","1","0","0","0","1","0","1","0","0","0","11","3","8","1","0","1","0","0","0","1","1","0","-2"
"207500","University of Oklahoma-Norman Campus","2020","First major","'99'","Grand total","Bachelor's degree","4628","2213","2415","170","69","101","299","149","150","203","87","116","439","208","231","5","3","2","2835","1352","1483","390","178","212","90","51","39","197","116","81","-2"
"207500","University of Oklahoma-Norman Campus","2020","First major","'99'","Grand total","Master's degree","1975","901","1074","116","30","86","64","37","27","156","56","100","162","84","78","4","3","1","1132","523","609","126","40","86","65","33","32","150","95","55","-2"
"207500","University of Oklahoma-Norman Campus","2020","First major","'99'","Grand total","Doctor's degree - research/scholarship","212","122","90","5","2","3","2","1","1","7","2","5","3","0","3","0","0","0","106","56","50","4","1","3","12","5","7","73","55","18","-2"
"207500","University of Oklahoma-Norman Campus","2020","First major","'99'","Grand total","Doctor's degree - professional practice","150","86","64","5","5","0","1","1","0","4","2","2","17","10","7","0","0","0","55","34","21","8","4","4","59","30","29","1","0","1","-2"
"207500","University of Oklahoma-Norman Campus","2020","Second major","'99'","Grand total","Bachelor's degree","230","132","98","4","3","1","6","5","1","8","4","4","21","10","11","0","0","0","155","92","63","18","10","8","4","2","2","14","6","8","-2"
"207564","Oklahoma State University Institute of Technology","2020","First major","'99'","Grand total","Associate's degree","612","391","221","73","54","19","2","0","2","13","7","6","50","37","13","0","0","0","264","169","95","194","112","82","9","7","2","7","5","2","-2"
"207564","Oklahoma State University Institute of Technology","2020","First major","'99'","Grand total","Bachelor's degree","74","70","4","7","7","0","0","0","0","2","1","1","4","4","0","0","0","0","30","29","1","29","27","2","0","0","0","2","2","0","-2"
"207582","Oral Roberts University","2020","First major","'99'","Grand total","Bachelor's degree","676","252","424","13","3","10","3","2","1","104","39","65","65","24","41","14","5","9","319","116","203","45","17","28","66","25","41","47","21","26","-2"
"207582","Oral Roberts University","2020","First major","'99'","Grand total","Master's degree","97","39","58","1","0","1","0","0","0","16","4","12","7","4","3","2","2","0","40","17","23","4","2","2","20","8","12","7","2","5","-2"
"207582","Oral Roberts University","2020","First major","'99'","Grand total","Doctor's degree - research/scholarship","20","10","10","0","0","0","0","0","0","7","3","4","0","0","0","0","0","0","10","6","4","1","0","1","1","0","1","1","1","0","-2"
"207582","Oral Roberts University","2020","Second major","'99'","Grand total","Bachelor's degree","3","1","2","0","0","0","0","0","0","0","0","0","0","0","0","0","0","0","1","0","1","1","1","0","1","0","1","0","0","0","-2"
"207661","Rogers State University","2020","First major","'99'","Grand total","Associate's degree","207","51","156","21","3","18","6","0","6","6","2","4","11","3","8","1","0","1","127","30","97","30","11","19","2","1","1","3","1","2","-2"
"207661","Rogers State University","2020","First major","'99'","Grand total","Bachelor's degree","348","146","202","29","7","22","5","2","3","10","5","5","25","9","16","1","1","0","210","93","117","62","25","37","1","1","0","5","3","2","-2"
"207661","Rogers State University","2020","First major","'99'","Grand total","Master's degree","8","4","4","1","1","0","0","0","0","0","0","0","1","0","1","0","0","0","6","3","3","0","0","0","0","0","0","0","0","0","-2"
"207670","Rose State College","2020","First major","'99'","Grand total","Associate's degree","801","232","569","36","11","25","30","10","20","79","14","65","69","16","53","2","2","0","465","137","328","81","26","55","38","15","23","1","1","0","-2"
"207722","University of Science and Arts of Oklahoma","2020","First major","'99'","Grand total","Bachelor's degree","155","51","104","6","2","4","2","0","2","7","3","4","14","7","7","0","0","0","98","25","73","15","3","12","1","1","0","12","10","2","-2"
"207740","Seminole State College","2020","First major","'99'","Grand total","Associate's degree","293","88","205","75","24","51","3","0","3","20","6","14","13","3","10","3","0","3","174","51","123","1","1","0","3","2","1","1","1","0","-2"
"207847","Southeastern Oklahoma State University","2020","First major","'99'","Grand total","Bachelor's degree","570","244","326","81","25","56","6","4","2","27","16","11","44","25","19","1","0","1","298","126","172","103","39","64","0","0","0","10","9","1","-2"
"207847","Southeastern Oklahoma State University","2020","First major","'99'","Grand total","Master's degree","735","290","445","69","21","48","28","14","14","64","28","36","32","13","19","1","0","1","426","171","255","100","36","64","0","0","0","15","7","8","-2"
"207856","Southwestern Christian University","2020","First major","'99'","Grand total","Associate's degree","4","1","3","0","0","0","0","0","0","1","0","1","0","0","0","0","0","0","1","0","1","1","0","1","0","0","0","1","1","0","-2"
"207856","Southwestern Christian University","2020","First major","'99'","Grand total","Bachelor's degree","71","28","43","4","1","3","1","0","1","9","5","4","12","5","7","0","0","0","34","10","24","0","0","0","0","0","0","11","7","4","-2"
"207856","Southwestern Christian University","2020","First major","'99'","Grand total","Master's degree","7","4","3","0","0","0","0","0","0","1","1","0","0","0","0","0","0","0","3","0","3","0","0","0","0","0","0","3","3","0","-2"
"207865","Southwestern Oklahoma State University","2020","First major","'99'","Grand total","Associate's degree","118","25","93","5","1","4","1","1","0","5","2","3","15","3","12","0","0","0","81","12","69","11","6","5","0","0","0","0","0","0","-2"
"207865","Southwestern Oklahoma State University","2020","First major","'99'","Grand total","Bachelor's degree","842","299","543","25","5","20","26","9","17","37","17","20","75","30","45","1","1","0","527","167","360","62","17","45","29","7","22","60","46","14","-2"
"207865","Southwestern Oklahoma State University","2020","First major","'99'","Grand total","Master's degree","229","62","167","8","3","5","7","0","7","11","3","8","8","2","6","0","0","0","166","46","120","13","5","8","11","2","9","5","1","4","-2"
"207865","Southwestern Oklahoma State University","2020","First major","'99'","Grand total","Doctor's degree - professional practice","86","33","53","3","0","3","9","3","6","4","2","2","9","2","7","0","0","0","52","23","29","7","2","5","2","1","1","0","0","0","-2"
"207935","Tulsa Community College","2020","First major","'99'","Grand total","Associate's degree","2485","849","1636","183","55","128","114","44","70","166","57","109","233","69","164","2","1","1","1408","501","907","241","65","176","74","29","45","64","28","36","-2"
"207962","Tulsa Welding School-Tulsa","2020","First major","'99'","Grand total","Associate's degree","27","24","3","5","3","2","0","0","0","1","1","0","2","2","0","0","0","0","16","15","1","1","1","0","2","2","0","0","0","0","-2"
"207971","University of Tulsa","2020","First major","'99'","Grand total","Bachelor's degree","719","387","332","24","13","11","37","21","16","40","25","15","44","19","25","0","0","0","429","219","210","10","3","7","19","9","10","116","78","38","-2"
"207971","University of Tulsa","2020","First major","'99'","Grand total","Master's degree","246","145","101","15","6","9","3","1","2","9","6","3","6","4","2","0","0","0","133","69","64","4","2","2","27","19","8","49","38","11","-2"
"207971","University of Tulsa","2020","First major","'99'","Grand total","Doctor's degree - research/scholarship","41","27","14","2","1","1","2","1","1","0","0","0","2","1","1","0","0","0","9","6","3","1","0","1","6","2","4","19","16","3","-2"
"207971","University of Tulsa","2020","First major","'99'","Grand total","Doctor's degree - professional practice","116","50","66","8","5","3","1","0","1","5","2","3","5","0","5","0","0","0","76","32","44","16","9","7","5","2","3","0","0","0","-2"
"207971","University of Tulsa","2020","Second major","'99'","Grand total","Bachelor's degree","47","20","27","0","0","0","2","2","0","0","0","0","2","0","2","0","0","0","40","17","23","1","0","1","0","0","0","2","1","1","-2"
"208035","Western Oklahoma State College","2020","First major","'99'","Grand total","Associate's degree","245","58","187","1","1","0","3","1","2","17","6","11","39","14","25","1","0","1","138","24","114","28","6","22","18","6","12","0","0","0","-2"
"208275","Blue Mountain Community College","2020","First major","'99'","Grand total","Associate's degree","326","116","210","6","1","5","0","0","0","6","1","5","110","36","74","0","0","0","181","70","111","13","5","8","10","3","7","0","0","0","-2"
"208318","Central Oregon Community College","2020","First major","'99'","Grand total","Associate's degree","651","256","395","8","3","5","5","2","3","5","4","1","66","24","42","6","6","0","499","195","304","26","10","16","36","12","24","0","0","0","-2"
"208390","Chemeketa Community College","2020","First major","'99'","Grand total","Associate's degree","1558","638","920","19","11","8","32","8","24","10","9","1","450","159","291","9","6","3","690","278","412","76","32","44","263","130","133","9","5","4","-2"
"208406","Clackamas Community College","2020","First major","'99'","Grand total","Associate's degree","685","315","370","6","4","2","15","5","10","16","6","10","86","37","49","1","1","0","481","216","265","46","29","17","32","16","16","2","1","1","-2"
"208415","Clatsop Community College","2020","First major","'99'","Grand total","Associate's degree","86","39","47","3","2","1","1","1","0","1","0","1","11","2","9","0","0","0","65","31","34","5","3","2","0","0","0","0","0","0","-2"
"208479","Concorde Career College-Portland","2020","First major","'99'","Grand total","Associate's degree","51","14","37","0","0","0","1","0","1","3","1","2","4","1","3","1","0","1","28","7","21","1","0","1","13","5","8","0","0","0","-2"
"208512","Sumner College","2020","First major","'99'","Grand total","Associate's degree","72","9","63","0","0","0","4","0","4","1","1","0","6","0","6","1","0","1","60","8","52","0","0","0","0","0","0","0","0","0","-2"
"208646","Eastern Oregon University","2020","First major","'99'","Grand total","Associate's degree","0","0","0","0","0","0","0","0","0","0","0","0","0","0","0","0","0","0","0","0","0","0","0","0","0","0","0","0","0","0","-2"
"208646","Eastern Oregon University","2020","First major","'99'","Grand total","Bachelor's degree","591","214","377","14","4","10","15","6","9","9","6","3","61","20","41","7","3","4","441","159","282","21","6","15","16","7","9","7","3","4","-2"
"208646","Eastern Oregon University","2020","First major","'99'","Grand total","Master's degree","79","33","46","0","0","0","1","0","1","1","1","0","6","4","2","0","0","0","61","24","37","5","2","3","0","0","0","5","2","3","-2"
"208646","Eastern Oregon University","2020","Second major","'99'","Grand total","Bachelor's degree","27","9","18","1","0","1","0","0","0","1","1","0","3","1","2","0","0","0","20","7","13","2","0","2","0","0","0","0","0","0","-2"
"208725","New Hope Christian College-Eugene","2020","First major","'99'","Grand total","Associate's degree","2","0","2","0","0","0","0","0","0","1","0","1","0","0","0","0","0","0","1","0","1","0","0","0","0","0","0","0","0","0","-2"
"208725","New Hope Christian College-Eugene","2020","First major","'99'","Grand total","Bachelor's degree","12","5","7","0","0","0","0","0","0","2","1","1","2","1","1","0","0","0","8","3","5","0","0","0","0","0","0","0","0","0","-2"
"208822","George Fox University","2020","First major","'99'","Grand total","Bachelor's degree","763","277","486","7","1","6","28","7","21","11","8","3","105","29","76","6","4","2","534","196","338","46","20","26","15","4","11","11","8","3","-2"
"208822","George Fox University","2020","First major","'99'","Grand total","Master's degree","348","108","240","1","0","1","24","8","16","8","2","6","32","9","23","3","0","3","236","77","159","14","3","11","9","3","6","21","6","15","-2"
"208822","George Fox University","2020","First major","'99'","Grand total","Doctor's degree - research/scholarship","67","40","27","0","0","0","4","1","3","5","3","2","2","2","0","0","0","0","50","29","21","1","1","0","4","3","1","1","1","0","-2"
"208822","George Fox University","2020","First major","'99'","Grand total","Doctor's degree - professional practice","61","33","28","0","0","0","5","3","2","0","0","0","5","4","1","0","0","0","42","24","18","7","2","5","2","0","2","0","0","0","-2"
"208822","George Fox University","2020","Second major","'99'","Grand total","Bachelor's degree","33","15","18","0","0","0","1","0","1","1","1","0","7","2","5","0","0","0","19","10","9","4","2","2","1","0","1","0","0","0","-2"
"209038","Lane Community College","2020","First major","'99'","Grand total","Associate's degree","1514","637","877","15","5","10","40","12","28","22","11","11","192","85","107","9","5","4","990","395","595","79","29","50","65","31","34","102","64","38","-2"
"209056","Lewis & Clark College","2020","First major","'99'","Grand total","Bachelor's degree","432","165","267","6","1","5","23","7","16","9","5","4","55","22","33","3","1","2","275","104","171","17","8","9","16","6","10","28","11","17","-2"
"209056","Lewis & Clark College","2020","First major","'99'","Grand total","Master's degree","212","52","160","1","0","1","6","1","5","4","2","2","14","4","10","3","1","2","149","33","116","9","4","5","16","3","13","10","4","6","-2"
"209056","Lewis & Clark College","2020","First major","'99'","Grand total","Doctor's degree - professional practice","174","68","106","3","2","1","9","4","5","7","4","3","20","6","14","0","0","0","117","45","72","4","2","2","10","4","6","4","1","3","-2"
"209056","Lewis & Clark College","2020","Second major","'99'","Grand total","Bachelor's degree","68","27","41","0","0","0","5","2","3","0","0","0","8","3","5","0","0","0","41","17","24","2","1","1","2","1","1","10","3","7","-2"
"209065","Linfield University-McMinnville Campus","2020","First major","'99'","Grand total","Bachelor's degree","273","115","158","2","2","0","10","2","8","2","2","0","42","19","23","5","4","1","173","67","106","14","6","8","13","4","9","12","9","3","-2"
"209065","Linfield University-McMinnville Campus","2020","Second major","'99'","Grand total","Bachelor's degree","32","7","25","0","0","0","1","0","1","0","0","0","6","3","3","0","0","0","22","3","19","2","1","1","1","0","1","0","0","0","-2"
"209074","Linn-Benton Community College","2020","First major","'99'","Grand total","Associate's degree","675","310","365","2","2","0","25","14","11","3","0","3","58","26","32","1","0","1","503","234","269","36","14","22","38","13","25","9","7","2","-2"
"209241","Mount Angel Seminary","2020","First major","'99'","Grand total","Bachelor's degree","9","9","0","0","0","0","1","1","0","0","0","0","4","4","0","0","0","0","3","3","0","0","0","0","0","0","0","1","1","0","-2"
"209241","Mount Angel Seminary","2020","First major","'99'","Grand total","Master's degree","21","20","1","1","0","1","3","3","0","0","0","0","2","2","0","0","0","0","11","11","0","0","0","0","0","0","0","4","4","0","-2"
"209241","Mount Angel Seminary","2020","First major","'99'","Grand total","Doctor's degree - other","5","4","1","0","0","0","0","0","0","0","0","0","0","0","0","0","0","0","5","4","1","0","0","0","0","0","0","0","0","0","-2"
"209250","Mt Hood Community College","2020","First major","'99'","Grand total","Associate's degree","1436","517","919","5","2","3","82","33","49","31","14","17","203","61","142","3","0","3","963","345","618","71","21","50","55","29","26","23","12","11","-2"
"209287","Multnomah University","2020","First major","'99'","Grand total","Bachelor's degree","106","42","64","0","0","0","1","1","0","5","3","2","10","6","4","0","0","0","89","32","57","0","0","0","1","0","1","0","0","0","-2"
"209287","Multnomah University","2020","First major","'99'","Grand total","Master's degree","82","37","45","0","0","0","3","3","0","3","2","1","6","5","1","0","0","0","64","26","38","4","0","4","1","0","1","1","1","0","-2"
"209287","Multnomah University","2020","First major","'99'","Grand total","Doctor's degree - other","6","5","1","0","0","0","0","0","0","1","1","0","0","0","0","0","0","0","4","3","1","0","0","0","0","0","0","1","1","0","-2"
"209287","Multnomah University","2020","Second major","'99'","Grand total","Bachelor's degree","16","7","9","0","0","0","1","1","0","1","0","1","1","1","0","0","0","0","13","5","8","0","0","0","0","0","0","0","0","0","-2"
"209296","National University of Natural Medicine","2020","First major","'99'","Grand total","Bachelor's degree","17","0","17","0","0","0","0","0","0","0","0","0","4","0","4","0","0","0","11","0","11","1","0","1","0","0","0","1","0","1","-2"
"209296","National University of Natural Medicine","2020","First major","'99'","Grand total","Master's degree","86","6","80","0","0","0","3","1","2","3","0","3","2","0","2","0","0","0","57","3","54","5","0","5","15","2","13","1","0","1","-2"
"209296","National University of Natural Medicine","2020","First major","'99'","Grand total","Doctor's degree - professional practice","73","11","62","2","0","2","7","1","6","5","1","4","3","1","2","0","0","0","36","6","30","3","0","3","15","2","13","2","0","2","-2"
"209409","Bushnell University","2020","First major","'99'","Grand total","Associate's degree","0","0","0","0","0","0","0","0","0","0","0","0","0","0","0","0","0","0","0","0","0","0","0","0","0","0","0","0","0","0","-2"
"209409","Bushnell University","2020","First major","'99'","Grand total","Bachelor's degree","134","44","90","3","1","2","4","1","3","7","3","4","9","5","4","1","0","1","101","33","68","8","1","7","1","0","1","0","0","0","-2"
"209409","Bushnell University","2020","First major","'99'","Grand total","Master's degree","72","16","56","1","0","1","0","0","0","1","0","1","5","1","4","0","0","0","58","15","43","7","0","7","0","0","0","0","0","0","-2"
"209490","Oregon Health & Science University","2020","First major","'99'","Grand total","Bachelor's degree","390","73","317","1","0","1","15","2","13","6","3","3","57","14","43","3","1","2","272","44","228","23","6","17","11","3","8","2","0","2","-2"
"209490","Oregon Health & Science University","2020","First major","'99'","Grand total","Master's degree","333","107","226","1","1","0","41","16","25","7","5","2","25","12","13","1","0","1","221","63","158","18","6","12","8","2","6","11","2","9","-2"
"209490","Oregon Health & Science University","2020","First major","'99'","Grand total","Doctor's degree - research/scholarship","36","12","24","0","0","0","3","0","3","1","0","1","2","2","0","0","0","0","24","8","16","0","0","0","1","0","1","5","2","3","-2"
"209490","Oregon Health & Science University","2020","First major","'99'","Grand total","Doctor's degree - professional practice","256","96","160","0","0","0","33","13","20","7","3","4","19","8","11","1","0","1","177","65","112","15","6","9","3","0","3","1","1","0","-2"
"209506","Oregon Institute of Technology","2020","First major","'99'","Grand total","Associate's degree","33","22","11","0","0","0","2","2","0","3","1","2","3","1","2","0","0","0","22","15","7","1","1","0","2","2","0","0","0","0","-2"
"209506","Oregon Institute of Technology","2020","First major","'99'","Grand total","Bachelor's degree","690","323","367","7","5","2","49","21","28","13","7","6","70","35","35","0","0","0","479","220","259","39","14","25","12","4","8","21","17","4","-2"
"209506","Oregon Institute of Technology","2020","First major","'99'","Grand total","Master's degree","25","13","12","0","0","0","2","2","0","1","1","0","3","1","2","0","0","0","15","7","8","1","0","1","1","0","1","2","2","0","-2"
"209506","Oregon Institute of Technology","2020","Second major","'99'","Grand total","Bachelor's degree","2","2","0","0","0","0","0","0","0","0","0","0","0","0","0","0","0","0","2","2","0","0","0","0","0","0","0","0","0","0","-2"
"209542","Oregon State University","2020","First major","'99'","Grand total","Bachelor's degree","5947","3126","2821","36","19","17","465","250","215","62","37","25","573","281","292","15","9","6","3803","1922","1881","383","209","174","148","98","50","462","301","161","209542"
"209542","Oregon State University","2020","First major","'99'","Grand total","Master's degree","1031","516","515","3","0","3","31","13","18","15","8","7","64","32","32","0","0","0","527","225","302","36","16","20","24","11","13","331","211","120","209542"
"209542","Oregon State University","2020","First major","'99'","Grand total","Doctor's degree - research/scholarship","269","148","121","2","1","1","7","2","5","2","2","0","12","4","8","0","0","0","125","60","65","8","4","4","16","6","10","97","69","28","209542"
"209542","Oregon State University","2020","First major","'99'","Grand total","Doctor's degree - professional practice","138","43","95","0","0","0","31","13","18","2","2","0","12","3","9","0","0","0","80","21","59","8","3","5","3","0","3","2","1","1","209542"
"209542","Oregon State University","2020","Second major","'99'","Grand total","Bachelor's degree","153","92","61","0","0","0","16","8","8","3","2","1","13","6","7","1","0","1","99","63","36","7","4","3","3","1","2","11","8","3","209542"
"209542","Oregon State University","2020","Second major","'99'","Grand total","Master's degree","6","4","2","0","0","0","0","0","0","0","0","0","0","0","0","0","0","0","4","2","2","1","1","0","1","1","0","0","0","0","209542"
"209542","Oregon State University","2020","Second major","'99'","Grand total","Doctor's degree - research/scholarship","3","2","1","0","0","0","0","0","0","0","0","0","0","0","0","0","0","0","2","1","1","0","0","0","1","1","0","0","0","0","209542"
"209551","University of Oregon","2020","First major","'99'","Grand total","Bachelor's degree","4553","2079","2474","20","10","10","235","93","142","68","38","30","560","223","337","10","5","5","2701","1217","1484","357","145","212","53","22","31","549","326","223","-2"
"209551","University of Oregon","2020","First major","'99'","Grand total","Master's degree","944","402","542","15","4","11","64","26","38","18","9","9","90","34","56","5","2","3","595","261","334","38","13","25","19","10","9","100","43","57","-2"
"209551","University of Oregon","2020","First major","'99'","Grand total","Doctor's degree - research/scholarship","212","108","104","1","0","1","8","3","5","5","2","3","15","7","8","0","0","0","137","75","62","6","3","3","5","4","1","35","14","21","-2"
"209551","University of Oregon","2020","First major","'99'","Grand total","Doctor's degree - professional practice","126","56","70","0","0","0","0","0","0","1","0","1","12","6","6","0","0","0","100","43","57","5","2","3","5","4","1","3","1","2","-2"
"209551","University of Oregon","2020","Second major","'99'","Grand total","Bachelor's degree","356","128","228","0","0","0","19","5","14","5","2","3","49","13","36","1","0","1","215","81","134","35","13","22","3","2","1","29","12","17","-2"
"209603","Pacific Northwest College of Art","2020","First major","'99'","Grand total","Bachelor's degree","91","33","58","1","1","0","5","1","4","1","0","1","5","1","4","0","0","0","48","17","31","6","0","6","21","11","10","4","2","2","-2"
"209603","Pacific Northwest College of Art","2020","First major","'99'","Grand total","Master's degree","57","16","41","1","0","1","1","1","0","0","0","0","1","1","0","1","0","1","34","10","24","5","0","5","11","3","8","3","1","2","-2"
"209612","Pacific University","2020","First major","'99'","Grand total","Bachelor's degree","442","149","293","3","0","3","50","18","32","8","7","1","71","27","44","4","2","2","237","75","162","40","16","24","22","1","21","7","3","4","-2"
"209612","Pacific University","2020","First major","'99'","Grand total","Master's degree","399","91","308","1","0","1","25","6","19","8","2","6","25","7","18","2","1","1","228","50","178","26","12","14","76","13","63","8","0","8","-2"
"209612","Pacific University","2020","First major","'99'","Grand total","Doctor's degree - research/scholarship","4","1","3","0","0","0","1","0","1","0","0","0","0","0","0","0","0","0","3","1","2","0","0","0","0","0","0","0","0","0","-2"
"209612","Pacific University","2020","First major","'99'","Grand total","Doctor's degree - professional practice","346","115","231","2","1","1","78","26","52","9","3","6","24","10","14","1","0","1","168","52","116","15","6","9","26","10","16","23","7","16","-2"
"209612","Pacific University","2020","Second major","'99'","Grand total","Bachelor's degree","29","9","20","0","0","0","2","1","1","0","0","0","8","3","5","0","0","0","15","4","11","4","1","3","0","0","0","0","0","0","-2"
"209746","Portland Community College","2020","First major","'99'","Grand total","Associate's degree","3465","1580","1885","17","6","11","289","128","161","133","61","72","383","150","233","21","9","12","2031","961","1070","258","114","144","194","86","108","139","65","74","-2"
"209807","Portland State University","2020","First major","'99'","Grand total","Bachelor's degree","4409","1960","2449","47","16","31","387","192","195","132","65","67","617","214","403","23","12","11","2523","1118","1405","296","115","181","163","98","65","221","130","91","-2"
"209807","Portland State University","2020","First major","'99'","Grand total","Master's degree","1593","602","991","16","2","14","101","31","70","42","18","24","142","55","87","4","0","4","1011","361","650","74","26","48","32","17","15","171","92","79","-2"
"209807","Portland State University","2020","First major","'99'","Grand total","Doctor's degree - research/scholarship","97","45","52","1","1","0","2","1","1","6","5","1","8","5","3","0","0","0","59","19","40","2","1","1","2","1","1","17","12","5","-2"
"209807","Portland State University","2020","Second major","'99'","Grand total","Bachelor's degree","444","165","279","4","0","4","47","19","28","8","3","5","70","27","43","0","0","0","232","82","150","37","14","23","17","7","10","29","13","16","-2"
"209825","University of Portland","2020","First major","'99'","Grand total","Bachelor's degree","909","340","569","1","1","0","103","40","63","11","5","6","111","36","75","18","7","11","521","197","324","76","27","49","45","18","27","23","9","14","-2"
"209825","University of Portland","2020","First major","'99'","Grand total","Master's degree","167","71","96","2","0","2","5","2","3","4","3","1","12","6","6","1","1","0","90","39","51","4","0","4","17","5","12","32","15","17","-2"
"209825","University of Portland","2020","First major","'99'","Grand total","Doctor's degree - professional practice","26","5","21","0","0","0","0","0","0","0","0","0","1","0","1","0","0","0","7","1","6","0","0","0","8","1","7","10","3","7","-2"
"209825","University of Portland","2020","Second major","'99'","Grand total","Bachelor's degree","83","27","56","1","1","0","8","1","7","1","0","1","14","4","10","3","1","2","42","16","26","7","4","3","6","0","6","1","0","1","-2"
"209922","Reed College","2020","First major","'99'","Grand total","Bachelor's degree","309","137","172","1","0","1","23","6","17","4","2","2","41","16","25","0","0","0","184","90","94","19","6","13","7","4","3","30","13","17","-2"
"209922","Reed College","2020","First major","'99'","Grand total","Master's degree","4","3","1","0","0","0","0","0","0","0","0","0","0","0","0","0","0","0","3","2","1","0","0","0","1","1","0","0","0","0","-2"
"209940","Rogue Community College","2020","First major","'99'","Grand total","Associate's degree","504","197","307","12","5","7","4","0","4","5","2","3","75","29","46","1","0","1","362","142","220","26","11","15","17","6","11","2","2","0","-2"
"210146","Southern Oregon University","2020","First major","'99'","Grand total","Bachelor's degree","878","313","565","15","6","9","15","4","11","20","13","7","103","40","63","1","0","1","548","185","363","70","23","47","79","24","55","27","18","9","-2"
"210146","Southern Oregon University","2020","First major","'99'","Grand total","Master's degree","254","90","164","5","1","4","4","2","2","2","0","2","21","9","12","1","1","0","165","55","110","11","6","5","39","13","26","6","3","3","-2"
"210146","Southern Oregon University","2020","Second major","'99'","Grand total","Bachelor's degree","5","0","5","0","0","0","0","0","0","0","0","0","0","0","0","0","0","0","4","0","4","1","0","1","0","0","0","0","0","0","-2"
"210155","Southwestern Oregon Community College","2020","First major","'99'","Grand total","Associate's degree","454","162","292","15","2","13","8","1","7","3","1","2","52","26","26","1","1","0","315","102","213","34","10","24","10","5","5","16","14","2","-2"
"210155","Southwestern Oregon Community College","2020","Second major","'99'","Grand total","Associate's degree","80","22","58","2","0","2","0","0","0","1","0","1","10","5","5","0","0","0","54","14","40","11","1","10","1","1","0","1","1","0","-2"
"210234","Treasure Valley Community College","2020","First major","'99'","Grand total","Associate's degree","233","85","148","0","0","0","1","0","1","0","0","0","61","21","40","1","0","1","152","58","94","9","3","6","7","2","5","2","1","1","-2"
"210270","Umpqua Community College","2020","First major","'99'","Grand total","Associate's degree","275","95","180","6","0","6","6","1","5","2","1","1","11","3","8","3","1","2","220","83","137","17","3","14","9","3","6","1","0","1","-2"
"210304","Warner Pacific University","2020","First major","'99'","Grand total","Associate's degree","0","0","0","0","0","0","0","0","0","0","0","0","0","0","0","0","0","0","0","0","0","0","0","0","0","0","0","0","0","0","-2"
"210304","Warner Pacific University","2020","First major","'99'","Grand total","Bachelor's degree","63","29","34","0","0","0","3","1","2","4","3","1","21","9","12","0","0","0","21","8","13","12","6","6","1","1","0","1","1","0","-2"
"210304","Warner Pacific University","2020","First major","'99'","Grand total","Master's degree","0","0","0","0","0","0","0","0","0","0","0","0","0","0","0","0","0","0","0","0","0","0","0","0","0","0","0","0","0","0","-2"
"210331","Corban University","2020","First major","'99'","Grand total","Associate's degree","0","0","0","0","0","0","0","0","0","0","0","0","0","0","0","0","0","0","0","0","0","0","0","0","0","0","0","0","0","0","-2"
"210331","Corban University","2020","First major","'99'","Grand total","Bachelor's degree","239","100","139","5","2","3","7","4","3","1","0","1","6","1","5","2","1","1","185","78","107","0","0","0","28","12","16","5","2","3","-2"
"210331","Corban University","2020","First major","'99'","Grand total","Master's degree","77","40","37","1","1","0","9","5","4","6","6","0","2","2","0","0","0","0","52","22","30","0","0","0","6","4","2","1","0","1","-2"
"210331","Corban University","2020","First major","'99'","Grand total","Doctor's degree - other","1","1","0","0","0","0","0","0","0","0","0","0","0","0","0","0","0","0","1","1","0","0","0","0","0","0","0","0","0","0","-2"
"210368","Western Seminary","2020","First major","'99'","Grand total","Master's degree","120","71","49","0","0","0","14","8","6","2","1","1","2","1","1","0","0","0","96","59","37","2","1","1","0","0","0","4","1","3","-2"
"210368","Western Seminary","2020","First major","'99'","Grand total","Doctor's degree - research/scholarship","7","6","1","0","0","0","2","1","1","0","0","0","1","1","0","0","0","0","4","4","0","0","0","0","0","0","0","0","0","0","-2"
"210401","Willamette University","2020","First major","'99'","Grand total","Bachelor's degree","428","170","258","4","3","1","28","15","13","10","3","7","52","20","32","2","1","1","284","109","175","32","12","20","11","4","7","5","3","2","-2"
"210401","Willamette University","2020","First major","'99'","Grand total","Master's degree","113","61","52","1","0","1","8","4","4","3","1","2","15","8","7","0","0","0","68","38","30","6","4","2","5","3","2","7","3","4","-2"
"210401","Willamette University","2020","First major","'99'","Grand total","Doctor's degree - professional practice","110","55","55","0","0","0","6","3","3","0","0","0","7","1","6","1","0","1","56","30","26","7","6","1","30","14","16","3","1","2","-2"
"210429","Western Oregon University","2020","First major","'99'","Grand total","Bachelor's degree","1123","418","705","13","5","8","45","20","25","36","15","21","188","68","120","26","11","15","689","259","430","21","6","15","31","11","20","74","23","51","-2"
"210429","Western Oregon University","2020","First major","'99'","Grand total","Master's degree","216","66","150","7","0","7","5","1","4","6","3","3","11","3","8","1","0","1","165","50","115","1","1","0","7","2","5","13","6","7","-2"
"210429","Western Oregon University","2020","Second major","'99'","Grand total","Bachelor's degree","113","56","57","0","0","0","4","4","0","0","0","0","2","2","0","1","0","1","106","50","56","0","0","0","0","0","0","0","0","0","-2"
"210438","University of Western States","2020","First major","'99'","Grand total","Bachelor's degree","110","61","49","0","0","0","3","2","1","1","1","0","1","1","0","1","0","1","46","30","16","10","5","5","3","1","2","45","21","24","-2"
"210438","University of Western States","2020","First major","'99'","Grand total","Master's degree","167","46","121","0","0","0","4","2","2","2","1","1","8","3","5","0","0","0","101","22","79","10","4","6","17","0","17","25","14","11","-2"
"210438","University of Western States","2020","First major","'99'","Grand total","Doctor's degree - research/scholarship","21","15","6","0","0","0","0","0","0","3","2","1","2","2","0","0","0","0","12","8","4","0","0","0","4","3","1","0","0","0","-2"
"210438","University of Western States","2020","First major","'99'","Grand total","Doctor's degree - professional practice","163","103","60","0","0","0","5","3","2","0","0","0","5","5","0","0","0","0","76","47","29","19","15","4","4","4","0","54","29","25","-2"
"210492","Bryn Athyn College of the New Church","2020","First major","'99'","Grand total","Associate's degree","1","0","1","0","0","0","0","0","0","0","0","0","0","0","0","0","0","0","1","0","1","0","0","0","0","0","0","0","0","0","-2"
"210492","Bryn Athyn College of the New Church","2020","First major","'99'","Grand total","Bachelor's degree","56","24","32","1","1","0","1","1","0","8","1","7","8","3","5","0","0","0","35","16","19","0","0","0","1","0","1","2","2","0","-2"
"210492","Bryn Athyn College of the New Church","2020","First major","'99'","Grand total","Master's degree","2","2","0","0","0","0","0","0","0","0","0","0","0","0","0","0","0","0","1","1","0","0","0","0","1","1","0","0","0","0","-2"
"210571","Albright College","2020","First major","'99'","Grand total","Bachelor's degree","370","135","235","4","1","3","13","6","7","54","25","29","40","10","30","0","0","0","209","74","135","9","1","8","35","14","21","6","4","2","-2"
"210571","Albright College","2020","First major","'99'","Grand total","Master's degree","5","1","4","0","0","0","0","0","0","0","0","0","0","0","0","0","0","0","4","1","3","0","0","0","1","0","1","0","0","0","-2"
"210599","All-State Career School","2020","First major","'99'","Grand total","Associate's degree","0","0","0","0","0","0","0","0","0","0","0","0","0","0","0","0","0","0","0","0","0","0","0","0","0","0","0","0","0","0","-2"
"210605","Community College of Allegheny County","2020","First major","'99'","Grand total","Associate's degree","1822","669","1153","10","2","8","54","27","27","244","70","174","53","18","35","3","1","2","1276","478","798","42","13","29","139","59","80","1","1","0","-2"
"210669","Allegheny College","2020","First major","'99'","Grand total","Bachelor's degree","397","174","223","0","0","0","9","2","7","36","17","19","39","18","21","0","0","0","273","117","156","19","9","10","12","5","7","9","6","3","-2"
"210669","Allegheny College","2020","Second major","'99'","Grand total","Bachelor's degree","64","22","42","0","0","0","3","0","3","4","3","1","5","4","1","0","0","0","49","15","34","1","0","1","1","0","1","1","0","1","-2"
"210739","DeSales University","2020","First major","'99'","Grand total","Bachelor's degree","612","203","409","1","0","1","20","4","16","18","10","8","73","20","53","0","0","0","435","150","285","21","11","10","44","8","36","0","0","0","-2"
"210739","DeSales University","2020","First major","'99'","Grand total","Master's degree","279","87","192","0","0","0","9","3","6","9","3","6","14","2","12","0","0","0","196","66","130","6","4","2","45","9","36","0","0","0","-2"
"210739","DeSales University","2020","First major","'99'","Grand total","Doctor's degree - professional practice","32","10","22","0","0","0","1","1","0","1","1","0","2","0","2","0","0","0","27","7","20","0","0","0","1","1","0","0","0","0","-2"
"210739","DeSales University","2020","Second major","'99'","Grand total","Bachelor's degree","68","27","41","0","0","0","2","0","2","2","2","0","9","1","8","0","0","0","49","23","26","2","1","1","4","0","4","0","0","0","-2"
"210775","Alvernia University","2020","First major","'99'","Grand total","Associate's degree","87","6","81","0","0","0","4","0","4","2","0","2","11","2","9","0","0","0","64","4","60","2","0","2","4","0","4","0","0","0","-2"
"210775","Alvernia University","2020","First major","'99'","Grand total","Bachelor's degree","424","116","308","1","0","1","7","0","7","30","8","22","43","14","29","0","0","0","318","89","229","9","3","6","14","2","12","2","0","2","-2"
"210775","Alvernia University","2020","First major","'99'","Grand total","Master's degree","212","39","173","0","0","0","4","1","3","22","1","21","10","1","9","0","0","0","167","34","133","3","1","2","6","1","5","0","0","0","-2"
"210775","Alvernia University","2020","First major","'99'","Grand total","Doctor's degree - research/scholarship","12","7","5","0","0","0","0","0","0","0","0","0","1","1","0","0","0","0","10","5","5","0","0","0","0","0","0","1","1","0","-2"
"210775","Alvernia University","2020","First major","'99'","Grand total","Doctor's degree - professional practice","37","10","27","0","0","0","2","0","2","0","0","0","1","1","0","0","0","0","11","0","11","0","0","0","23","9","14","0","0","0","-2"
"210775","Alvernia University","2020","Second major","'99'","Grand total","Bachelor's degree","43","21","22","0","0","0","0","0","0","2","1","1","3","1","2","0","0","0","38","19","19","0","0","0","0","0","0","0","0","0","-2"
"210809","American College of Financial Services","2020","First major","'99'","Grand total","Master's degree","52","37","15","1","1","0","1","1","0","4","2","2","0","0","0","0","0","0","33","22","11","1","1","0","12","10","2","0","0","0","-2"
"210809","American College of Financial Services","2020","First major","'99'","Grand total","Doctor's degree - research/scholarship","5","4","1","0","0","0","0","0","0","1","0","1","0","0","0","0","0","0","3","3","0","0","0","0","1","1","0","0","0","0","-2"
"211024","Clarks Summit University","2020","First major","'99'","Grand total","Associate's degree","13","6","7","0","0","0","0","0","0","1","1","0","0","0","0","0","0","0","10","4","6","2","1","1","0","0","0","0","0","0","-2"
"211024","Clarks Summit University","2020","First major","'99'","Grand total","Bachelor's degree","106","49","57","0","0","0","0","0","0","5","3","2","6","2","4","0","0","0","90","42","48","2","1","1","2","0","2","1","1","0","-2"
"211024","Clarks Summit University","2020","First major","'99'","Grand total","Master's degree","68","49","19","0","0","0","0","0","0","3","2","1","3","3","0","0","0","0","57","40","17","0","0","0","5","4","1","0","0","0","-2"
"211024","Clarks Summit University","2020","First major","'99'","Grand total","Doctor's degree - research/scholarship","1","1","0","0","0","0","0","0","0","0","0","0","0","0","0","0","0","0","1","1","0","0","0","0","0","0","0","0","0","0","-2"
"211024","Clarks Summit University","2020","First major","'99'","Grand total","Doctor's degree - professional practice","0","0","0","0","0","0","0","0","0","0","0","0","0","0","0","0","0","0","0","0","0","0","0","0","0","0","0","0","0","0","-2"
"211079","Community College of Beaver County","2020","First major","'99'","Grand total","Associate's degree","311","126","185","1","1","0","0","0","0","18","6","12","5","1","4","0","0","0","265","108","157","7","5","2","15","5","10","0","0","0","-2"
"211088","Arcadia University","2020","First major","'99'","Grand total","Bachelor's degree","500","157","343","2","1","1","28","4","24","33","12","21","36","11","25","0","0","0","332","100","232","23","5","18","24","8","16","22","16","6","-2"
"211088","Arcadia University","2020","First major","'99'","Grand total","Master's degree","292","57","235","0","0","0","24","6","18","26","2","24","6","0","6","0","0","0","173","31","142","2","0","2","54","15","39","7","3","4","-2"
"211088","Arcadia University","2020","First major","'99'","Grand total","Doctor's degree - research/scholarship","7","1","6","0","0","0","0","0","0","0","0","0","0","0","0","0","0","0","7","1","6","0","0","0","0","0","0","0","0","0","-2"
"211088","Arcadia University","2020","First major","'99'","Grand total","Doctor's degree - professional practice","331","92","239","0","0","0","64","15","49","2","0","2","3","1","2","0","0","0","87","21","66","0","0","0","63","17","46","112","38","74","-2"
"211088","Arcadia University","2020","Second major","'99'","Grand total","Bachelor's degree","17","6","11","0","0","0","0","0","0","0","0","0","0","0","0","0","0","0","14","3","11","1","1","0","1","1","0","1","1","0","-2"
"211088","Arcadia University","2020","Second major","'99'","Grand total","Master's degree","17","1","16","0","0","0","3","0","3","1","0","1","1","0","1","0","0","0","10","1","9","0","0","0","2","0","2","0","0","0","-2"
"211130","Missio Theological Seminary","2020","First major","'99'","Grand total","Master's degree","45","35","10","0","0","0","5","4","1","7","4","3","2","1","1","0","0","0","11","8","3","0","0","0","0","0","0","20","18","2","-2"
"211130","Missio Theological Seminary","2020","First major","'99'","Grand total","Doctor's degree - professional practice","8","7","1","0","0","0","0","0","0","3","2","1","0","0","0","0","0","0","3","3","0","0","0","0","0","0","0","2","2","0","-2"
"211158","Bloomsburg University of Pennsylvania","2020","First major","'99'","Grand total","Bachelor's degree","1610","662","948","7","4","3","22","12","10","83","34","49","104","39","65","1","1","0","1327","548","779","44","11","33","18","12","6","4","1","3","-2"
"211158","Bloomsburg University of Pennsylvania","2020","First major","'99'","Grand total","Master's degree","235","84","151","0","0","0","2","2","0","11","6","5","9","4","5","1","1","0","207","69","138","5","2","3","0","0","0","0","0","0","-2"
"211158","Bloomsburg University of Pennsylvania","2020","First major","'99'","Grand total","Doctor's degree - professional practice","14","1","13","0","0","0","0","0","0","0","0","0","0","0","0","0","0","0","14","1","13","0","0","0","0","0","0","0","0","0","-2"
"211158","Bloomsburg University of Pennsylvania","2020","Second major","'99'","Grand total","Bachelor's degree","69","26","43","1","1","0","0","0","0","1","0","1","4","2","2","1","1","0","59","21","38","2","0","2","1","1","0","0","0","0","-2"
"211273","Bryn Mawr College","2020","First major","'99'","Grand total","Bachelor's degree","358","0","358","0","0","0","37","0","37","24","0","24","39","0","39","0","0","0","134","0","134","23","0","23","26","0","26","75","0","75","-2"
"211273","Bryn Mawr College","2020","First major","'99'","Grand total","Master's degree","94","16","78","0","0","0","4","1","3","13","2","11","4","1","3","0","0","0","63","12","51","1","0","1","4","0","4","5","0","5","-2"
"211273","Bryn Mawr College","2020","First major","'99'","Grand total","Doctor's degree - research/scholarship","8","1","7","0","0","0","0","0","0","0","0","0","0","0","0","1","0","1","3","1","2","0","0","0","3","0","3","1","0","1","-2"
"211273","Bryn Mawr College","2020","Second major","'99'","Grand total","Bachelor's degree","61","0","61","0","0","0","2","0","2","4","0","4","3","0","3","0","0","0","18","0","18","3","0","3","7","0","7","24","0","24","-2"
"211291","Bucknell University","2020","First major","'99'","Grand total","Bachelor's degree","850","421","429","0","0","0","41","16","25","28","15","13","49","25","24","0","0","0","637","315","322","31","15","16","2","0","2","62","35","27","-2"
"211291","Bucknell University","2020","First major","'99'","Grand total","Master's degree","19","7","12","0","0","0","0","0","0","0","0","0","0","0","0","0","0","0","13","5","8","0","0","0","1","0","1","5","2","3","-2"
"211291","Bucknell University","2020","Second major","'99'","Grand total","Bachelor's degree","153","62","91","0","0","0","12","4","8","5","2","3","12","5","7","0","0","0","109","47","62","6","1","5","0","0","0","9","3","6","-2"
"211307","Bucks County Community College","2020","First major","'99'","Grand total","Associate's degree","929","384","545","1","1","0","34","17","17","32","18","14","63","23","40","0","0","0","697","287","410","23","9","14","78","29","49","1","0","1","-2"
"211343","Butler County Community College","2020","First major","'99'","Grand total","Associate's degree","472","171","301","1","0","1","4","2","2","12","4","8","5","2","3","0","0","0","436","155","281","4","0","4","10","8","2","0","0","0","-2"
"211352","Cabrini University","2020","First major","'99'","Grand total","Bachelor's degree","324","117","207","0","0","0","11","4","7","51","19","32","42","8","34","1","0","1","197","81","116","6","2","4","16","3","13","0","0","0","-2"
"211352","Cabrini University","2020","First major","'99'","Grand total","Master's degree","173","57","116","0","0","0","1","0","1","21","4","17","6","2","4","0","0","0","126","43","83","2","0","2","17","8","9","0","0","0","-2"
"211352","Cabrini University","2020","First major","'99'","Grand total","Doctor's degree - research/scholarship","10","5","5","0","0","0","1","1","0","2","1","1","0","0","0","0","0","0","6","3","3","0","0","0","1","0","1","0","0","0","-2"
"211352","Cabrini University","2020","Second major","'99'","Grand total","Bachelor's degree","23","13","10","0","0","0","2","2","0","2","1","1","3","2","1","1","0","1","15","8","7","0","0","0","0","0","0","0","0","0","-2"
"211361","California University of Pennsylvania","2020","First major","'99'","Grand total","Associate's degree","42","20","22","0","0","0","0","0","0","0","0","0","0","0","0","0","0","0","37","16","21","2","2","0","3","2","1","0","0","0","-2"
"211361","California University of Pennsylvania","2020","First major","'99'","Grand total","Bachelor's degree","1076","453","623","1","0","1","15","6","9","98","46","52","35","23","12","0","0","0","850","346","504","36","15","21","29","8","21","12","9","3","-2"
"211361","California University of Pennsylvania","2020","First major","'99'","Grand total","Master's degree","852","326","526","2","1","1","14","8","6","67","29","38","31","13","18","3","2","1","656","247","409","20","4","16","56","21","35","3","1","2","-2"
"211361","California University of Pennsylvania","2020","First major","'99'","Grand total","Doctor's degree - professional practice","27","17","10","0","0","0","0","0","0","6","4","2","1","1","0","1","1","0","17","9","8","0","0","0","2","2","0","0","0","0","-2"
"211431","Carlow University","2020","First major","'99'","Grand total","Bachelor's degree","318","46","272","0","0","0","7","2","5","45","10","35","3","0","3","0","0","0","238","32","206","11","0","11","13","2","11","1","0","1","-2"
"211431","Carlow University","2020","First major","'99'","Grand total","Master's degree","264","40","224","0","0","0","6","2","4","33","4","29","2","0","2","0","0","0","192","32","160","3","1","2","27","1","26","1","0","1","-2"
"211431","Carlow University","2020","First major","'99'","Grand total","Doctor's degree - professional practice","20","4","16","0","0","0","1","1","0","1","0","1","0","0","0","0","0","0","17","3","14","0","0","0","1","0","1","0","0","0","-2"
"211431","Carlow University","2020","Second major","'99'","Grand total","Bachelor's degree","15","1","14","0","0","0","0","0","0","0","0","0","0","0","0","0","0","0","15","1","14","0","0","0","0","0","0","0","0","0","-2"
"211440","Carnegie Mellon University","2020","First major","'99'","Grand total","Bachelor's degree","1487","726","761","0","0","0","468","192","276","49","30","19","122","79","43","0","0","0","420","224","196","64","28","36","79","35","44","285","138","147","-2"
"211440","Carnegie Mellon University","2020","First major","'99'","Grand total","Master's degree","3256","2008","1248","0","0","0","264","158","106","66","43","23","80","55","25","0","0","0","557","360","197","38","22","16","136","90","46","2115","1280","835","-2"
"211440","Carnegie Mellon University","2020","First major","'99'","Grand total","Doctor's degree - research/scholarship","327","241","86","0","0","0","28","22","6","2","2","0","1","1","0","0","0","0","67","44","23","3","2","1","24","18","6","202","152","50","-2"
"211440","Carnegie Mellon University","2020","Second major","'99'","Grand total","Bachelor's degree","344","148","196","0","0","0","108","38","70","6","2","4","26","18","8","0","0","0","92","41","51","10","4","6","13","5","8","89","40","49","-2"
"211468","Cedar Crest College","2020","First major","'99'","Grand total","Bachelor's degree","306","45","261","1","0","1","8","1","7","22","3","19","50","1","49","0","0","0","178","10","168","5","0","5","9","1","8","33","29","4","-2"
"211468","Cedar Crest College","2020","First major","'99'","Grand total","Master's degree","89","12","77","1","0","1","2","1","1","3","1","2","7","0","7","0","0","0","52","9","43","1","0","1","23","1","22","0","0","0","-2"
"211468","Cedar Crest College","2020","First major","'99'","Grand total","Doctor's degree - professional practice","0","0","0","0","0","0","0","0","0","0","0","0","0","0","0","0","0","0","0","0","0","0","0","0","0","0","0","0","0","0","-2"
"211468","Cedar Crest College","2020","Second major","'99'","Grand total","Bachelor's degree","32","0","32","1","0","1","0","0","0","6","0","6","6","0","6","0","0","0","18","0","18","0","0","0","1","0","1","0","0","0","-2"
"211477","Central Penn College","2020","First major","'99'","Grand total","Associate's degree","121","29","92","2","0","2","5","2","3","7","1","6","11","5","6","0","0","0","85","18","67","9","2","7","2","1","1","0","0","0","-2"
"211477","Central Penn College","2020","First major","'99'","Grand total","Bachelor's degree","178","70","108","3","1","2","2","1","1","28","8","20","17","7","10","0","0","0","108","43","65","16","9","7","3","1","2","1","0","1","-2"
"211477","Central Penn College","2020","First major","'99'","Grand total","Master's degree","14","8","6","0","0","0","0","0","0","3","2","1","2","0","2","0","0","0","7","4","3","1","1","0","0","0","0","1","1","0","-2"
"211556","Chatham University","2020","First major","'99'","Grand total","Bachelor's degree","232","53","179","0","0","0","6","0","6","14","4","10","8","3","5","0","0","0","179","35","144","3","2","1","18","5","13","4","4","0","-2"
"211556","Chatham University","2020","First major","'99'","Grand total","Master's degree","283","70","213","2","1","1","7","1","6","26","8","18","19","3","16","0","0","0","174","41","133","6","0","6","35","11","24","14","5","9","-2"
"211556","Chatham University","2020","First major","'99'","Grand total","Doctor's degree - professional practice","146","32","114","1","0","1","2","0","2","21","4","17","13","3","10","0","0","0","87","22","65","0","0","0","20","3","17","2","0","2","-2"
"211556","Chatham University","2020","Second major","'99'","Grand total","Bachelor's degree","28","7","21","0","0","0","2","0","2","2","1","1","2","1","1","0","0","0","20","3","17","0","0","0","0","0","0","2","2","0","-2"
"211583","Chestnut Hill College","2020","First major","'99'","Grand total","Associate's degree","0","0","0","0","0","0","0","0","0","0","0","0","0","0","0","0","0","0","0","0","0","0","0","0","0","0","0","0","0","0","-2"
"211583","Chestnut Hill College","2020","First major","'99'","Grand total","Bachelor's degree","353","124","229","1","0","1","7","1","6","128","36","92","29","7","22","1","0","1","140","57","83","10","2","8","27","13","14","10","8","2","-2"
"211583","Chestnut Hill College","2020","First major","'99'","Grand total","Master's degree","119","28","91","1","0","1","2","1","1","24","5","19","11","0","11","0","0","0","65","17","48","0","0","0","15","5","10","1","0","1","-2"
"211583","Chestnut Hill College","2020","First major","'99'","Grand total","Doctor's degree - professional practice","19","3","16","0","0","0","0","0","0","3","0","3","1","0","1","0","0","0","15","3","12","0","0","0","0","0","0","0","0","0","-2"
"211583","Chestnut Hill College","2020","Second major","'99'","Grand total","Bachelor's degree","9","5","4","0","0","0","0","0","0","0","0","0","1","0","1","0","0","0","7","4","3","0","0","0","1","1","0","0","0","0","-2"
"211608","Cheyney University of Pennsylvania","2020","First major","'99'","Grand total","Associate's degree","0","0","0","0","0","0","0","0","0","0","0","0","0","0","0","0","0","0","0","0","0","0","0","0","0","0","0","0","0","0","-2"
"211608","Cheyney University of Pennsylvania","2020","First major","'99'","Grand total","Bachelor's degree","91","31","60","0","0","0","0","0","0","76","28","48","7","1","6","0","0","0","0","0","0","1","1","0","6","1","5","1","0","1","-2"
"211608","Cheyney University of Pennsylvania","2020","First major","'99'","Grand total","Master's degree","0","0","0","0","0","0","0","0","0","0","0","0","0","0","0","0","0","0","0","0","0","0","0","0","0","0","0","0","0","0","-2"
"211608","Cheyney University of Pennsylvania","2020","Second major","'99'","Grand total","Bachelor's degree","1","1","0","0","0","0","0","0","0","1","1","0","0","0","0","0","0","0","0","0","0","0","0","0","0","0","0","0","0","0","-2"
"211644","Clarion University of Pennsylvania","2020","First major","'99'","Grand total","Associate's degree","99","19","80","0","0","0","1","0","1","9","4","5","2","0","2","0","0","0","83","11","72","1","1","0","3","3","0","0","0","0","-2"
"211644","Clarion University of Pennsylvania","2020","First major","'99'","Grand total","Bachelor's degree","859","285","574","2","1","1","2","1","1","41","20","21","17","9","8","1","1","0","758","232","526","24","11","13","7","4","3","7","6","1","-2"
"211644","Clarion University of Pennsylvania","2020","First major","'99'","Grand total","Master's degree","333","66","267","2","0","2","6","0","6","19","2","17","8","2","6","1","0","1","280","57","223","5","2","3","9","1","8","3","2","1","-2"
"211644","Clarion University of Pennsylvania","2020","First major","'99'","Grand total","Doctor's degree - professional practice","4","0","4","0","0","0","0","0","0","0","0","0","1","0","1","0","0","0","1","0","1","0","0","0","2","0","2","0","0","0","-2"
"211644","Clarion University of Pennsylvania","2020","Second major","'99'","Grand total","Bachelor's degree","53","24","29","0","0","0","0","0","0","0","0","0","0","0","0","0","0","0","50","22","28","3","2","1","0","0","0","0","0","0","-2"
"211893","Curtis Institute of Music","2020","First major","'99'","Grand total","Bachelor's degree","31","18","13","0","0","0","8","5","3","2","1","1","2","2","0","0","0","0","12","8","4","0","0","0","0","0","0","7","2","5","-2"
"211893","Curtis Institute of Music","2020","First major","'99'","Grand total","Master's degree","3","1","2","0","0","0","0","0","0","1","1","0","0","0","0","0","0","0","1","0","1","0","0","0","0","0","0","1","0","1","-2"
"211927","Delaware County Community College","2020","First major","'99'","Grand total","Associate's degree","1115","434","681","6","3","3","60","15","45","275","83","192","34","13","21","2","2","0","647","288","359","40","15","25","38","12","26","13","3","10","-2"
"211981","Delaware Valley University","2020","First major","'99'","Grand total","Associate's degree","4","0","4","0","0","0","1","0","1","0","0","0","0","0","0","0","0","0","2","0","2","0","0","0","1","0","1","0","0","0","-2"
"211981","Delaware Valley University","2020","First major","'99'","Grand total","Bachelor's degree","379","155","224","1","0","1","9","1","8","26","17","9","26","15","11","0","0","0","267","100","167","2","0","2","48","22","26","0","0","0","-2"
"211981","Delaware Valley University","2020","First major","'99'","Grand total","Master's degree","74","25","49","0","0","0","1","0","1","3","2","1","3","3","0","0","0","0","36","14","22","0","0","0","31","6","25","0","0","0","-2"
"211981","Delaware Valley University","2020","First major","'99'","Grand total","Doctor's degree - research/scholarship","8","4","4","0","0","0","0","0","0","0","0","0","0","0","0","0","0","0","8","4","4","0","0","0","0","0","0","0","0","0","-2"
"211981","Delaware Valley University","2020","Second major","'99'","Grand total","Bachelor's degree","2","0","2","0","0","0","0","0","0","0","0","0","0","0","0","0","0","0","1","0","1","0","0","0","1","0","1","0","0","0","-2"
"212009","Dickinson College","2020","First major","'99'","Grand total","Bachelor's degree","522","225","297","1","0","1","22","8","14","24","7","17","43","14","29","1","0","1","349","162","187","13","5","8","5","3","2","64","26","38","-2"
"212009","Dickinson College","2020","Second major","'99'","Grand total","Bachelor's degree","144","53","91","0","0","0","4","1","3","5","1","4","13","4","9","0","0","0","92","36","56","2","0","2","1","1","0","27","10","17","-2"
"212045","Douglas Education Center","2020","First major","'99'","Grand total","Associate's degree","81","12","69","0","0","0","0","0","0","2","0","2","5","4","1","0","0","0","72","8","64","2","0","2","0","0","0","0","0","0","-2"
"212054","Drexel University","2020","First major","'99'","Grand total","Bachelor's degree","3204","1557","1647","2","2","0","524","251","273","227","82","145","200","98","102","6","4","2","1723","842","881","98","36","62","63","29","34","361","213","148","-2"
"212054","Drexel University","2020","First major","'99'","Grand total","Master's degree","2260","751","1509","3","1","2","214","92","122","253","55","198","124","26","98","0","0","0","1156","377","779","64","13","51","139","51","88","307","136","171","-2"
"212054","Drexel University","2020","First major","'99'","Grand total","Doctor's degree - research/scholarship","238","106","132","0","0","0","23","10","13","19","7","12","10","4","6","0","0","0","114","45","69","7","5","2","13","6","7","52","29","23","-2"
"212054","Drexel University","2020","First major","'99'","Grand total","Doctor's degree - professional practice","420","202","218","1","0","1","70","33","37","28","6","22","18","9","9","0","0","0","270","137","133","14","7","7","11","7","4","8","3","5","-2"
"212054","Drexel University","2020","Second major","'99'","Grand total","Bachelor's degree","252","120","132","0","0","0","51","22","29","6","3","3","11","4","7","0","0","0","107","56","51","5","2","3","2","1","1","70","32","38","-2"
"212054","Drexel University","2020","Second major","'99'","Grand total","Master's degree","21","3","18","0","0","0","0","0","0","1","0","1","0","0","0","0","0","0","5","0","5","1","0","1","1","1","0","13","2","11","-2"
"212106","Duquesne University","2020","First major","'99'","Grand total","Bachelor's degree","1505","532","973","0","0","0","42","12","30","81","40","41","50","14","36","0","0","0","1243","429","814","39","14","25","5","2","3","45","21","24","-2"
"212106","Duquesne University","2020","First major","'99'","Grand total","Master's degree","620","207","413","1","0","1","13","4","9","22","8","14","18","9","9","0","0","0","454","148","306","13","7","6","5","2","3","94","29","65","-2"
"212106","Duquesne University","2020","First major","'99'","Grand total","Doctor's degree - research/scholarship","90","46","44","0","0","0","1","0","1","7","5","2","1","0","1","0","0","0","64","29","35","0","0","0","0","0","0","17","12","5","-2"
"212106","Duquesne University","2020","First major","'99'","Grand total","Doctor's degree - professional practice","364","125","239","0","0","0","9","2","7","11","3","8","9","4","5","0","0","0","325","112","213","6","3","3","1","0","1","3","1","2","-2"
"212106","Duquesne University","2020","Second major","'99'","Grand total","Bachelor's degree","160","72","88","0","0","0","2","1","1","7","4","3","8","2","6","0","0","0","133","61","72","5","3","2","0","0","0","5","1","4","-2"
"212115","East Stroudsburg University of Pennsylvania","2020","First major","'99'","Grand total","Associate's degree","0","0","0","0","0","0","0","0","0","0","0","0","0","0","0","0","0","0","0","0","0","0","0","0","0","0","0","0","0","0","-2"
"212115","East Stroudsburg University of Pennsylvania","2020","First major","'99'","Grand total","Bachelor's degree","1242","495","747","3","0","3","25","8","17","186","68","118","134","48","86","2","2","0","807","330","477","42","16","26","33","15","18","10","8","2","-2"
"212115","East Stroudsburg University of Pennsylvania","2020","First major","'99'","Grand total","Master's degree","271","91","180","0","0","0","5","2","3","7","5","2","14","4","10","2","1","1","222","70","152","5","2","3","3","1","2","13","6","7","-2"
"212115","East Stroudsburg University of Pennsylvania","2020","First major","'99'","Grand total","Doctor's degree - professional practice","13","5","8","0","0","0","0","0","0","0","0","0","1","0","1","0","0","0","11","4","7","0","0","0","1","1","0","0","0","0","-2"
"212115","East Stroudsburg University of Pennsylvania","2020","Second major","'99'","Grand total","Bachelor's degree","77","46","31","0","0","0","0","0","0","6","2","4","6","5","1","0","0","0","62","37","25","0","0","0","1","1","0","2","1","1","-2"
"212115","East Stroudsburg University of Pennsylvania","2020","Second major","'99'","Grand total","Master's degree","1","1","0","0","0","0","0","0","0","0","0","0","0","0","0","0","0","0","1","1","0","0","0","0","0","0","0","0","0","0","-2"
"212133","Eastern University","2020","First major","'99'","Grand total","Associate's degree","49","9","40","0","0","0","0","0","0","11","0","11","32","8","24","0","0","0","3","1","2","0","0","0","3","0","3","0","0","0","-2"
"212133","Eastern University","2020","First major","'99'","Grand total","Bachelor's degree","376","104","272","1","1","0","9","2","7","57","15","42","52","14","38","0","0","0","232","65","167","2","0","2","13","0","13","10","7","3","-2"
"212133","Eastern University","2020","First major","'99'","Grand total","Master's degree","360","115","245","1","0","1","3","1","2","91","21","70","22","7","15","0","0","0","180","53","127","5","1","4","45","27","18","13","5","8","-2"
"212133","Eastern University","2020","First major","'99'","Grand total","Doctor's degree - research/scholarship","15","5","10","0","0","0","0","0","0","9","3","6","0","0","0","0","0","0","2","1","1","2","0","2","2","1","1","0","0","0","-2"
"212133","Eastern University","2020","First major","'99'","Grand total","Doctor's degree - professional practice","3","2","1","0","0","0","1","0","1","0","0","0","0","0","0","0","0","0","1","1","0","0","0","0","1","1","0","0","0","0","-2"
"212160","Edinboro University of Pennsylvania","2020","First major","'99'","Grand total","Associate's degree","68","25","43","0","0","0","1","0","1","8","2","6","3","1","2","0","0","0","52","21","31","0","0","0","3","1","2","1","0","1","-2"
"212160","Edinboro University of Pennsylvania","2020","First major","'99'","Grand total","Bachelor's degree","773","306","467","1","0","1","15","5","10","35","20","15","20","9","11","0","0","0","653","252","401","0","0","0","35","14","21","14","6","8","-2"
"212160","Edinboro University of Pennsylvania","2020","First major","'99'","Grand total","Master's degree","492","93","399","1","1","0","5","0","5","33","5","28","15","4","11","2","0","2","410","81","329","0","0","0","20","2","18","6","0","6","-2"
"212160","Edinboro University of Pennsylvania","2020","First major","'99'","Grand total","Doctor's degree - professional practice","0","0","0","0","0","0","0","0","0","0","0","0","0","0","0","0","0","0","0","0","0","0","0","0","0","0","0","0","0","0","-2"
"212197","Elizabethtown College","2020","First major","'99'","Grand total","Associate's degree","18","5","13","0","0","0","0","0","0","0","0","0","2","0","2","0","0","0","16","5","11","0","0","0","0","0","0","0","0","0","-2"
"212197","Elizabethtown College","2020","First major","'99'","Grand total","Bachelor's degree","448","190","258","2","0","2","13","6","7","19","11","8","13","2","11","0","0","0","382","161","221","11","5","6","2","0","2","6","5","1","-2"
"212197","Elizabethtown College","2020","First major","'99'","Grand total","Master's degree","83","16","67","0","0","0","2","0","2","0","0","0","2","1","1","0","0","0","79","15","64","0","0","0","0","0","0","0","0","0","-2"
"212197","Elizabethtown College","2020","First major","'99'","Grand total","Doctor's degree - professional practice","0","0","0","0","0","0","0","0","0","0","0","0","0","0","0","0","0","0","0","0","0","0","0","0","0","0","0","0","0","0","-2"
"212197","Elizabethtown College","2020","Second major","'99'","Grand total","Bachelor's degree","28","11","17","0","0","0","0","0","0","1","1","0","0","0","0","0","0","0","25","9","16","1","0","1","0","0","0","1","1","0","-2"
"212434","Erie Institute of Technology Inc","2020","First major","'99'","Grand total","Associate's degree","20","20","0","0","0","0","0","0","0","0","0","0","1","1","0","0","0","0","19","19","0","0","0","0","0","0","0","0","0","0","-2"
"212443","Evangelical Theological Seminary","2020","First major","'99'","Grand total","Master's degree","32","18","14","0","0","0","0","0","0","1","0","1","1","1","0","0","0","0","29","16","13","0","0","0","0","0","0","1","1","0","-2"
"212443","Evangelical Theological Seminary","2020","First major","'99'","Grand total","Doctor's degree - research/scholarship","0","0","0","0","0","0","0","0","0","0","0","0","0","0","0","0","0","0","0","0","0","0","0","0","0","0","0","0","0","0","-2"
"212577","Franklin and Marshall College","2020","First major","'99'","Grand total","Bachelor's degree","600","272","328","1","0","1","30","11","19","30","15","15","54","22","32","0","0","0","341","161","180","16","7","9","31","11","20","97","45","52","-2"
"212577","Franklin and Marshall College","2020","Second major","'99'","Grand total","Bachelor's degree","80","26","54","0","0","0","3","1","2","2","0","2","8","2","6","0","0","0","41","13","28","2","0","2","1","0","1","23","10","13","-2"
"212601","Gannon University","2020","First major","'99'","Grand total","Associate's degree","18","7","11","0","0","0","0","0","0","2","1","1","0","0","0","0","0","0","11","4","7","0","0","0","5","2","3","0","0","0","-2"
"212601","Gannon University","2020","First major","'99'","Grand total","Bachelor's degree","522","210","312","2","0","2","14","8","6","21","15","6","14","6","8","0","0","0","385","128","257","17","10","7","18","7","11","51","36","15","-2"
"212601","Gannon University","2020","First major","'99'","Grand total","Master's degree","320","117","203","0","0","0","2","1","1","7","4","3","4","0","4","0","0","0","219","49","170","7","1","6","14","7","7","67","55","12","-2"
"212601","Gannon University","2020","First major","'99'","Grand total","Doctor's degree - research/scholarship","10","6","4","0","0","0","0","0","0","0","0","0","0","0","0","0","0","0","9","5","4","0","0","0","0","0","0","1","1","0","-2"
"212601","Gannon University","2020","First major","'99'","Grand total","Doctor's degree - professional practice","113","37","76","0","0","0","5","2","3","8","1","7","2","0","2","0","0","0","91","33","58","3","0","3","4","1","3","0","0","0","-2"
"212601","Gannon University","2020","Second major","'99'","Grand total","Bachelor's degree","36","23","13","0","0","0","0","0","0","1","1","0","0","0","0","0","0","0","23","15","8","2","2","0","2","1","1","8","4","4","-2"
"212656","Geneva College","2020","First major","'99'","Grand total","Associate's degree","10","1","9","0","0","0","0","0","0","6","0","6","0","0","0","0","0","0","3","0","3","0","0","0","1","1","0","0","0","0","-2"
"212656","Geneva College","2020","First major","'99'","Grand total","Bachelor's degree","315","167","148","1","1","0","4","1","3","24","9","15","5","2","3","0","0","0","249","140","109","10","7","3","17","3","14","5","4","1","-2"
"212656","Geneva College","2020","First major","'99'","Grand total","Master's degree","66","24","42","1","1","0","2","0","2","10","1","9","1","1","0","0","0","0","48","18","30","2","1","1","1","1","0","1","1","0","-2"
"212656","Geneva College","2020","Second major","'99'","Grand total","Bachelor's degree","20","2","18","0","0","0","0","0","0","0","0","0","0","0","0","0","0","0","17","1","16","0","0","0","3","1","2","0","0","0","-2"
"212674","Gettysburg College","2020","First major","'99'","Grand total","Bachelor's degree","584","257","327","1","0","1","15","3","12","21","10","11","45","17","28","0","0","0","437","199","238","17","7","10","15","6","9","33","15","18","-2"
"212674","Gettysburg College","2020","Second major","'99'","Grand total","Bachelor's degree","110","38","72","0","0","0","4","1","3","2","1","1","12","3","9","0","0","0","80","29","51","3","2","1","2","1","1","7","1","6","-2"
"212771","Gratz College","2020","First major","'99'","Grand total","Bachelor's degree","50","1","49","0","0","0","0","0","0","0","0","0","0","0","0","0","0","0","47","1","46","0","0","0","3","0","3","0","0","0","-2"
"212771","Gratz College","2020","First major","'99'","Grand total","Master's degree","88","25","63","0","0","0","1","0","1","4","1","3","1","1","0","0","0","0","80","22","58","2","1","1","0","0","0","0","0","0","-2"
"212771","Gratz College","2020","First major","'99'","Grand total","Doctor's degree - research/scholarship","9","2","7","0","0","0","0","0","0","0","0","0","0","0","0","0","0","0","8","2","6","0","0","0","1","0","1","0","0","0","-2"
"212805","Grove City College","2020","First major","'99'","Grand total","Bachelor's degree","512","252","260","0","0","0","6","1","5","2","1","1","10","6","4","0","0","0","476","236","240","14","6","8","0","0","0","4","2","2","-2"
"212805","Grove City College","2020","Second major","'99'","Grand total","Bachelor's degree","66","25","41","0","0","0","0","0","0","0","0","0","1","0","1","0","0","0","64","25","39","0","0","0","0","0","0","1","0","1","-2"
"212832","Gwynedd Mercy University","2020","First major","'99'","Grand total","Associate's degree","16","2","14","0","0","0","0","0","0","7","2","5","0","0","0","0","0","0","7","0","7","0","0","0","2","0","2","0","0","0","-2"
"212832","Gwynedd Mercy University","2020","First major","'99'","Grand total","Bachelor's degree","522","121","401","2","1","1","45","13","32","96","10","86","31","8","23","0","0","0","325","81","244","3","3","0","20","5","15","0","0","0","-2"
"212832","Gwynedd Mercy University","2020","First major","'99'","Grand total","Master's degree","255","58","197","0","0","0","8","3","5","32","5","27","7","1","6","0","0","0","200","45","155","1","1","0","6","2","4","1","1","0","-2"
"212832","Gwynedd Mercy University","2020","First major","'99'","Grand total","Doctor's degree - research/scholarship","46","15","31","0","0","0","1","1","0","18","8","10","1","0","1","0","0","0","24","5","19","0","0","0","2","1","1","0","0","0","-2"
"212832","Gwynedd Mercy University","2020","First major","'99'","Grand total","Doctor's degree - professional practice","1","1","0","0","0","0","0","0","0","0","0","0","0","0","0","0","0","0","1","1","0","0","0","0","0","0","0","0","0","0","-2"
"212869","Harcum College","2020","First major","'99'","Grand total","Associate's degree","385","59","326","1","0","1","9","1","8","148","26","122","42","8","34","1","0","1","152","15","137","15","2","13","9","1","8","8","6","2","-2"
"212869","Harcum College","2020","Second major","'99'","Grand total","Associate's degree","3","1","2","0","0","0","0","0","0","2","0","2","0","0","0","0","0","0","1","1","0","0","0","0","0","0","0","0","0","0","-2"
"212878","Harrisburg Area Community College","2020","First major","'99'","Grand total","Associate's degree","2039","713","1326","12","3","9","80","31","49","134","52","82","180","61","119","3","1","2","1490","510","980","55","16","39","32","9","23","53","30","23","-2"
"212911","Haverford College","2020","First major","'99'","Grand total","Bachelor's degree","324","150","174","0","0","0","40","15","25","18","6","12","25","9","16","0","0","0","192","95","97","9","5","4","6","3","3","34","17","17","-2"
"212911","Haverford College","2020","Second major","'99'","Grand total","Bachelor's degree","47","18","29","0","0","0","3","0","3","0","0","0","7","1","6","0","0","0","28","12","16","2","1","1","3","1","2","4","3","1","-2"
"212975","Commonwealth Technical Institute","2020","First major","'99'","Grand total","Associate's degree","51","35","16","0","0","0","0","0","0","4","4","0","1","1","0","0","0","0","37","23","14","0","0","0","9","7","2","0","0","0","-2"
"212984","Holy Family University","2020","First major","'99'","Grand total","Associate's degree","18","3","15","0","0","0","2","0","2","1","1","0","0","0","0","0","0","0","14","2","12","0","0","0","1","0","1","0","0","0","-2"
"212984","Holy Family University","2020","First major","'99'","Grand total","Bachelor's degree","471","111","360","0","0","0","29","2","27","62","12","50","12","2","10","3","2","1","316","81","235","0","0","0","49","12","37","0","0","0","-2"
"212984","Holy Family University","2020","First major","'99'","Grand total","Master's degree","406","72","334","0","0","0","8","0","8","47","16","31","11","2","9","1","0","1","287","43","244","0","0","0","52","11","41","0","0","0","-2"
"212984","Holy Family University","2020","First major","'99'","Grand total","Doctor's degree - research/scholarship","2","1","1","0","0","0","0","0","0","0","0","0","1","0","1","0","0","0","1","1","0","0","0","0","0","0","0","0","0","0","-2"
"212984","Holy Family University","2020","First major","'99'","Grand total","Doctor's degree - professional practice","1","0","1","0","0","0","0","0","0","1","0","1","0","0","0","0","0","0","0","0","0","0","0","0","0","0","0","0","0","0","-2"
"212993","Hussian College-Philadelphia","2020","First major","'99'","Grand total","Bachelor's degree","31","23","8","0","0","0","1","1","0","15","11","4","0","0","0","0","0","0","14","10","4","0","0","0","1","1","0","0","0","0","-2"
"213011","Immaculata University","2020","First major","'99'","Grand total","Associate's degree","5","1","4","0","0","0","0","0","0","2","0","2","1","0","1","0","0","0","2","1","1","0","0","0","0","0","0","0","0","0","-2"
"213011","Immaculata University","2020","First major","'99'","Grand total","Bachelor's degree","270","72","198","0","0","0","8","0","8","31","6","25","15","7","8","0","0","0","206","56","150","4","1","3","2","1","1","4","1","3","-2"
"213011","Immaculata University","2020","First major","'99'","Grand total","Master's degree","123","19","104","0","0","0","2","0","2","7","2","5","9","1","8","0","0","0","102","16","86","0","0","0","2","0","2","1","0","1","-2"
"213011","Immaculata University","2020","First major","'99'","Grand total","Doctor's degree - research/scholarship","52","23","29","0","0","0","0","0","0","4","1","3","1","1","0","0","0","0","47","21","26","0","0","0","0","0","0","0","0","0","-2"
"213011","Immaculata University","2020","First major","'99'","Grand total","Doctor's degree - professional practice","16","2","14","0","0","0","0","0","0","0","0","0","2","0","2","0","0","0","14","2","12","0","0","0","0","0","0","0","0","0","-2"
"213011","Immaculata University","2020","Second major","'99'","Grand total","Bachelor's degree","26","12","14","0","0","0","0","0","0","2","1","1","2","1","1","0","0","0","21","9","12","1","1","0","0","0","0","0","0","0","-2"
"213020","Indiana University of Pennsylvania-Main Campus","2020","First major","'99'","Grand total","Associate's degree","28","10","18","0","0","0","0","0","0","0","0","0","2","0","2","0","0","0","23","7","16","0","0","0","3","3","0","0","0","0","-2"
"213020","Indiana University of Pennsylvania-Main Campus","2020","First major","'99'","Grand total","Bachelor's degree","1804","734","1070","1","1","0","16","8","8","146","55","91","80","32","48","0","0","0","1423","561","862","58","22","36","12","4","8","68","51","17","-2"
"213020","Indiana University of Pennsylvania-Main Campus","2020","First major","'99'","Grand total","Master's degree","646","268","378","0","0","0","9","3","6","24","7","17","18","10","8","0","0","0","419","150","269","10","3","7","8","5","3","158","90","68","-2"
"213020","Indiana University of Pennsylvania-Main Campus","2020","First major","'99'","Grand total","Doctor's degree - research/scholarship","110","43","67","0","0","0","2","0","2","10","4","6","2","2","0","0","0","0","73","27","46","0","0","0","10","3","7","13","7","6","-2"
"213020","Indiana University of Pennsylvania-Main Campus","2020","First major","'99'","Grand total","Doctor's degree - professional practice","14","4","10","0","0","0","1","0","1","0","0","0","1","0","1","0","0","0","10","4","6","0","0","0","1","0","1","1","0","1","-2"
"213020","Indiana University of Pennsylvania-Main Campus","2020","Second major","'99'","Grand total","Bachelor's degree","83","36","47","0","0","0","1","0","1","5","1","4","2","0","2","0","0","0","67","32","35","1","0","1","2","0","2","5","3","2","-2"
"213181","Great Lakes Institute of Technology","2020","First major","'99'","Grand total","Associate's degree","26","1","25","0","0","0","0","0","0","1","0","1","1","0","1","0","0","0","23","1","22","1","0","1","0","0","0","0","0","0","-2"
"213233","Johnson College","2020","First major","'99'","Grand total","Associate's degree","148","116","32","0","0","0","1","1","0","1","1","0","8","7","1","0","0","0","132","103","29","4","3","1","2","1","1","0","0","0","-2"
"213251","Juniata College","2020","First major","'99'","Grand total","Bachelor's degree","318","134","184","0","0","0","12","4","8","8","3","5","13","10","3","0","0","0","247","103","144","7","1","6","7","1","6","24","12","12","-2"
"213251","Juniata College","2020","First major","'99'","Grand total","Master's degree","0","0","0","0","0","0","0","0","0","0","0","0","0","0","0","0","0","0","0","0","0","0","0","0","0","0","0","0","0","0","-2"
"213251","Juniata College","2020","Second major","'99'","Grand total","Bachelor's degree","13","5","8","0","0","0","3","1","2","2","1","1","0","0","0","0","0","0","6","2","4","0","0","0","1","0","1","1","1","0","-2"
"213303","Keystone College","2020","First major","'99'","Grand total","Associate's degree","34","7","27","0","0","0","0","0","0","2","1","1","9","0","9","0","0","0","17","5","12","0","0","0","6","1","5","0","0","0","-2"
"213303","Keystone College","2020","First major","'99'","Grand total","Bachelor's degree","181","72","109","1","0","1","1","1","0","17","9","8","10","4","6","0","0","0","134","49","85","1","0","1","16","8","8","1","1","0","-2"
"213303","Keystone College","2020","First major","'99'","Grand total","Master's degree","34","2","32","0","0","0","1","1","0","4","0","4","2","0","2","0","0","0","27","1","26","0","0","0","0","0","0","0","0","0","-2"
"213303","Keystone College","2020","Second major","'99'","Grand total","Bachelor's degree","1","0","1","0","0","0","0","0","0","0","0","0","0","0","0","0","0","0","0","0","0","0","0","0","1","0","1","0","0","0","-2"
"213321","King's College","2020","First major","'99'","Grand total","Bachelor's degree","433","228","205","1","0","1","10","2","8","11","8","3","34","10","24","0","0","0","309","151","158","8","5","3","18","11","7","42","41","1","-2"
"213321","King's College","2020","First major","'99'","Grand total","Master's degree","136","40","96","0","0","0","5","2","3","3","1","2","7","4","3","0","0","0","105","29","76","0","0","0","11","2","9","5","2","3","-2"
"213321","King's College","2020","Second major","'99'","Grand total","Bachelor's degree","59","31","28","0","0","0","0","0","0","2","2","0","7","1","6","0","0","0","44","23","21","1","1","0","5","4","1","0","0","0","-2"
"213349","Kutztown University of Pennsylvania","2020","First major","'99'","Grand total","Bachelor's degree","1512","616","896","1","0","1","24","9","15","88","45","43","119","50","69","1","1","0","1183","470","713","37","15","22","45","16","29","14","10","4","-2"
"213349","Kutztown University of Pennsylvania","2020","First major","'99'","Grand total","Master's degree","284","60","224","0","0","0","3","0","3","18","6","12","19","5","14","0","0","0","227","45","182","6","0","6","6","2","4","5","2","3","-2"
"213349","Kutztown University of Pennsylvania","2020","First major","'99'","Grand total","Doctor's degree - professional practice","15","3","12","0","0","0","0","0","0","0","0","0","1","0","1","0","0","0","14","3","11","0","0","0","0","0","0","0","0","0","-2"
"213349","Kutztown University of Pennsylvania","2020","Second major","'99'","Grand total","Bachelor's degree","5","2","3","0","0","0","0","0","0","0","0","0","0","0","0","0","0","0","4","1","3","0","0","0","0","0","0","1","1","0","-2"
"213358","La Roche University","2020","First major","'99'","Grand total","Associate's degree","16","1","15","0","0","0","1","0","1","0","0","0","0","0","0","0","0","0","14","1","13","0","0","0","0","0","0","1","0","1","-2"
"213358","La Roche University","2020","First major","'99'","Grand total","Bachelor's degree","344","145","199","0","0","0","4","3","1","26","11","15","10","4","6","1","0","1","209","79","130","8","1","7","25","9","16","61","38","23","-2"
"213358","La Roche University","2020","First major","'99'","Grand total","Master's degree","67","21","46","0","0","0","2","1","1","2","1","1","2","1","1","0","0","0","41","11","30","1","0","1","5","1","4","14","6","8","-2"
"213358","La Roche University","2020","First major","'99'","Grand total","Doctor's degree - professional practice","1","0","1","0","0","0","0","0","0","0","0","0","0","0","0","0","0","0","1","0","1","0","0","0","0","0","0","0","0","0","-2"
"213358","La Roche University","2020","Second major","'99'","Grand total","Bachelor's degree","59","35","24","0","0","0","0","0","0","1","1","0","2","0","2","1","0","1","30","17","13","0","0","0","15","9","6","10","8","2","-2"
"213367","La Salle University","2020","First major","'99'","Grand total","Associate's degree","86","19","67","0","0","0","0","0","0","1","0","1","80","19","61","0","0","0","0","0","0","0","0","0","3","0","3","2","0","2","-2"
"213367","La Salle University","2020","First major","'99'","Grand total","Bachelor's degree","697","262","435","2","1","1","42","16","26","124","37","87","98","32","66","2","0","2","370","155","215","26","10","16","13","1","12","20","10","10","-2"
"213367","La Salle University","2020","First major","'99'","Grand total","Master's degree","533","143","390","2","1","1","29","11","18","55","13","42","28","6","22","2","0","2","369","102","267","10","3","7","34","7","27","4","0","4","-2"
"213367","La Salle University","2020","First major","'99'","Grand total","Doctor's degree - professional practice","35","5","30","0","0","0","0","0","0","0","0","0","2","1","1","0","0","0","23","4","19","2","0","2","7","0","7","1","0","1","-2"
"213367","La Salle University","2020","Second major","'99'","Grand total","Bachelor's degree","121","55","66","0","0","0","4","0","4","17","9","8","9","4","5","1","0","1","76","34","42","8","5","3","1","0","1","5","3","2","-2"
"213376","Lackawanna College","2020","First major","'99'","Grand total","Associate's degree","303","138","165","1","1","0","4","0","4","49","39","10","30","9","21","1","0","1","191","70","121","7","2","5","17","14","3","3","3","0","-2"
"213376","Lackawanna College","2020","First major","'99'","Grand total","Bachelor's degree","77","34","43","0","0","0","1","1","0","4","1","3","6","1","5","0","0","0","61","27","34","2","2","0","2","1","1","1","1","0","-2"
"213385","Lafayette College","2020","First major","'99'","Grand total","Bachelor's degree","626","287","339","0","0","0","27","6","21","35","20","15","41","22","19","0","0","0","406","187","219","17","7","10","39","16","23","61","29","32","-2"
"213385","Lafayette College","2020","Second major","'99'","Grand total","Bachelor's degree","153","54","99","0","0","0","5","1","4","10","3","7","13","5","8","0","0","0","92","35","57","5","1","4","14","4","10","14","5","9","-2"
"213400","Lancaster Bible College","2020","First major","'99'","Grand total","Associate's degree","51","24","27","0","0","0","0","0","0","21","12","9","3","2","1","0","0","0","13","4","9","7","1","6","7","5","2","0","0","0","-2"
"213400","Lancaster Bible College","2020","First major","'99'","Grand total","Bachelor's degree","288","138","150","0","0","0","1","0","1","35","13","22","12","9","3","0","0","0","135","58","77","54","32","22","51","26","25","0","0","0","-2"
"213400","Lancaster Bible College","2020","First major","'99'","Grand total","Master's degree","86","53","33","0","0","0","2","1","1","34","21","13","4","2","2","0","0","0","17","11","6","11","10","1","17","7","10","1","1","0","-2"
"213400","Lancaster Bible College","2020","First major","'99'","Grand total","Doctor's degree - research/scholarship","7","5","2","0","0","0","0","0","0","1","1","0","1","1","0","0","0","0","5","3","2","0","0","0","0","0","0","0","0","0","-2"
"213446","Lancaster Theological Seminary","2020","First major","'99'","Grand total","Master's degree","22","13","9","0","0","0","0","0","0","6","4","2","1","0","1","0","0","0","15","9","6","0","0","0","0","0","0","0","0","0","-2"
"213446","Lancaster Theological Seminary","2020","First major","'99'","Grand total","Doctor's degree - professional practice","7","1","6","0","0","0","0","0","0","0","0","0","0","0","0","0","0","0","7","1","6","0","0","0","0","0","0","0","0","0","-2"
"213473","Lansdale School of Business","2020","First major","'99'","Grand total","Associate's degree","31","6","25","0","0","0","3","2","1","1","0","1","7","2","5","0","0","0","20","2","18","0","0","0","0","0","0","0","0","0","-2"
"213507","Lebanon Valley College","2020","First major","'99'","Grand total","Bachelor's degree","370","147","223","0","0","0","7","1","6","3","1","2","11","3","8","1","0","1","324","131","193","18","9","9","1","1","0","5","1","4","-2"
"213507","Lebanon Valley College","2020","First major","'99'","Grand total","Master's degree","46","26","20","0","0","0","1","0","1","3","1","2","3","2","1","0","0","0","38","23","15","0","0","0","0","0","0","1","0","1","-2"
"213507","Lebanon Valley College","2020","First major","'99'","Grand total","Doctor's degree - professional practice","34","15","19","0","0","0","2","1","1","0","0","0","2","0","2","0","0","0","30","14","16","0","0","0","0","0","0","0","0","0","-2"
"213507","Lebanon Valley College","2020","Second major","'99'","Grand total","Bachelor's degree","37","13","24","0","0","0","0","0","0","0","0","0","1","0","1","0","0","0","33","12","21","1","1","0","0","0","0","2","0","2","-2"
"213525","Lehigh Carbon Community College","2020","First major","'99'","Grand total","Associate's degree","779","306","473","2","1","1","25","10","15","37","14","23","150","44","106","0","0","0","511","208","303","27","8","19","19","17","2","8","4","4","-2"
"213534","Platt College-Berks Technical Institute","2020","First major","'99'","Grand total","Associate's degree","133","44","89","2","1","1","2","2","0","9","1","8","64","15","49","0","0","0","49","23","26","3","0","3","4","2","2","0","0","0","-2"
"213543","Lehigh University","2020","First major","'99'","Grand total","Bachelor's degree","1327","744","583","4","0","4","107","54","53","54","29","25","118","59","59","1","0","1","837","489","348","34","10","24","51","31","20","121","72","49","-2"
"213543","Lehigh University","2020","First major","'99'","Grand total","Master's degree","522","275","247","1","1","0","17","2","15","10","7","3","22","10","12","2","2","0","286","130","156","5","3","2","13","8","5","166","112","54","-2"
"213543","Lehigh University","2020","First major","'99'","Grand total","Doctor's degree - research/scholarship","103","62","41","0","0","0","4","3","1","1","0","1","0","0","0","0","0","0","32","17","15","1","1","0","8","4","4","57","37","20","-2"
"213543","Lehigh University","2020","Second major","'99'","Grand total","Bachelor's degree","183","71","112","0","0","0","17","4","13","2","1","1","19","8","11","0","0","0","118","48","70","5","1","4","5","0","5","17","9","8","-2"
"213543","Lehigh University","2020","Second major","'99'","Grand total","Master's degree","2","2","0","0","0","0","0","0","0","0","0","0","0","0","0","1","1","0","1","1","0","0","0","0","0","0","0","0","0","0","-2"
"213570","Lincoln Technical Institute-Allentown","2020","First major","'99'","Grand total","Associate's degree","47","40","7","0","0","0","0","0","0","5","4","1","8","6","2","0","0","0","29","26","3","2","1","1","3","3","0","0","0","0","-2"
"213589","Lincoln Technical Institute-Philadelphia","2020","First major","'99'","Grand total","Associate's degree","15","13","2","0","0","0","1","1","0","7","6","1","3","2","1","0","0","0","2","2","0","2","2","0","0","0","0","0","0","0","-2"
"213598","Lincoln University","2020","First major","'99'","Grand total","Bachelor's degree","337","102","235","1","0","1","0","0","0","278","82","196","9","2","7","0","0","0","1","1","0","6","0","6","21","8","13","21","9","12","-2"
"213598","Lincoln University","2020","First major","'99'","Grand total","Master's degree","104","27","77","0","0","0","0","0","0","86","22","64","7","2","5","0","0","0","0","0","0","2","1","1","7","1","6","2","1","1","-2"
"213598","Lincoln University","2020","Second major","'99'","Grand total","Bachelor's degree","13","3","10","0","0","0","0","0","0","9","2","7","1","0","1","0","0","0","0","0","0","0","0","0","2","0","2","1","1","0","-2"
"213613","Lock Haven University","2020","First major","'99'","Grand total","Associate's degree","72","17","55","0","0","0","0","0","0","0","0","0","1","1","0","0","0","0","69","16","53","1","0","1","1","0","1","0","0","0","-2"
"213613","Lock Haven University","2020","First major","'99'","Grand total","Bachelor's degree","641","267","374","1","1","0","4","2","2","49","25","24","29","16","13","0","0","0","541","215","326","9","4","5","4","3","1","4","1","3","-2"
"213613","Lock Haven University","2020","First major","'99'","Grand total","Master's degree","154","44","110","2","1","1","4","1","3","4","2","2","4","2","2","0","0","0","137","37","100","1","0","1","2","1","1","0","0","0","-2"
"213613","Lock Haven University","2020","Second major","'99'","Grand total","Bachelor's degree","35","16","19","0","0","0","0","0","0","4","3","1","1","1","0","0","0","0","30","12","18","0","0","0","0","0","0","0","0","0","-2"
"213631","United Lutheran Seminary","2020","First major","'99'","Grand total","Master's degree","48","17","31","0","0","0","2","1","1","10","2","8","0","0","0","0","0","0","36","14","22","0","0","0","0","0","0","0","0","0","-2"
"213631","United Lutheran Seminary","2020","First major","'99'","Grand total","Doctor's degree - research/scholarship","0","0","0","0","0","0","0","0","0","0","0","0","0","0","0","0","0","0","0","0","0","0","0","0","0","0","0","0","0","0","-2"
"213659","Luzerne County Community College","2020","First major","'99'","Grand total","Associate's degree","560","229","331","3","0","3","7","4","3","14","8","6","56","28","28","0","0","0","410","160","250","4","3","1","66","26","40","0","0","0","-2"
"213668","Lycoming College","2020","First major","'99'","Grand total","Bachelor's degree","273","126","147","0","0","0","3","2","1","29","13","16","32","11","21","0","0","0","170","78","92","11","7","4","12","6","6","16","9","7","-2"
"213668","Lycoming College","2020","Second major","'99'","Grand total","Bachelor's degree","43","19","24","0","0","0","0","0","0","1","0","1","5","1","4","0","0","0","26","11","15","2","2","0","2","2","0","7","3","4","-2"
"213774","Manor College","2020","First major","'99'","Grand total","Associate's degree","107","30","77","0","0","0","6","1","5","32","16","16","19","3","16","0","0","0","44","8","36","4","1","3","1","0","1","1","1","0","-2"
"213774","Manor College","2020","First major","'99'","Grand total","Bachelor's degree","11","5","6","0","0","0","1","0","1","0","0","0","0","0","0","0","0","0","9","5","4","1","0","1","0","0","0","0","0","0","-2"
"213783","Mansfield University of Pennsylvania","2020","First major","'99'","Grand total","Associate's degree","33","14","19","0","0","0","0","0","0","1","1","0","0","0","0","0","0","0","30","12","18","1","0","1","1","1","0","0","0","0","-2"
"213783","Mansfield University of Pennsylvania","2020","First major","'99'","Grand total","Bachelor's degree","311","111","200","0","0","0","2","1","1","17","8","9","0","0","0","1","1","0","271","91","180","8","4","4","9","5","4","3","1","2","-2"
"213783","Mansfield University of Pennsylvania","2020","First major","'99'","Grand total","Master's degree","7","3","4","0","0","0","0","0","0","0","0","0","0","0","0","0","0","0","7","3","4","0","0","0","0","0","0","0","0","0","-2"
"213783","Mansfield University of Pennsylvania","2020","Second major","'99'","Grand total","Bachelor's degree","5","4","1","0","0","0","0","0","0","0","0","0","0","0","0","1","1","0","4","3","1","0","0","0","0","0","0","0","0","0","-2"
"213826","Marywood University","2020","First major","'99'","Grand total","Bachelor's degree","344","99","245","1","0","1","7","0","7","9","2","7","30","3","27","0","0","0","263","76","187","6","2","4","20","11","9","8","5","3","-2"
"213826","Marywood University","2020","First major","'99'","Grand total","Master's degree","375","69","306","2","0","2","8","4","4","16","3","13","25","1","24","0","0","0","275","42","233","2","0","2","33","11","22","14","8","6","-2"
"213826","Marywood University","2020","First major","'99'","Grand total","Doctor's degree - research/scholarship","11","2","9","0","0","0","0","0","0","0","0","0","0","0","0","0","0","0","10","2","8","0","0","0","0","0","0","1","0","1","-2"
"213826","Marywood University","2020","First major","'99'","Grand total","Doctor's degree - professional practice","6","2","4","0","0","0","0","0","0","0","0","0","0","0","0","0","0","0","5","1","4","1","1","0","0","0","0","0","0","0","-2"
"213826","Marywood University","2020","Second major","'99'","Grand total","Bachelor's degree","13","8","5","0","0","0","0","0","0","0","0","0","2","1","1","0","0","0","10","6","4","0","0","0","1","1","0","0","0","0","-2"
"213826","Marywood University","2020","Second major","'99'","Grand total","Master's degree","1","0","1","0","0","0","0","0","0","0","0","0","0","0","0","0","0","0","0","0","0","0","0","0","0","0","0","1","0","1","-2"
"213914","Vet Tech Institute","2020","First major","'99'","Grand total","Associate's degree","149","8","141","0","0","0","0","0","0","6","1","5","3","0","3","0","0","0","136","7","129","4","0","4","0","0","0","0","0","0","-2"
"213987","Mercyhurst University","2020","First major","'99'","Grand total","Bachelor's degree","598","240","358","5","1","4","11","4","7","31","15","16","28","12","16","0","0","0","468","181","287","0","0","0","15","3","12","40","24","16","-2"
"213987","Mercyhurst University","2020","First major","'99'","Grand total","Master's degree","140","47","93","1","0","1","5","1","4","3","1","2","8","3","5","0","0","0","103","34","69","0","0","0","6","2","4","14","6","8","-2"
"213987","Mercyhurst University","2020","First major","'99'","Grand total","Doctor's degree - research/scholarship","0","0","0","0","0","0","0","0","0","0","0","0","0","0","0","0","0","0","0","0","0","0","0","0","0","0","0","0","0","0","-2"
"213996","Messiah University","2020","First major","'99'","Grand total","Bachelor's degree","636","238","398","0","0","0","9","0","9","12","2","10","29","9","20","0","0","0","525","197","328","21","7","14","3","2","1","37","21","16","-2"
"213996","Messiah University","2020","First major","'99'","Grand total","Master's degree","192","51","141","0","0","0","4","3","1","15","3","12","12","4","8","0","0","0","155","37","118","2","1","1","1","0","1","3","3","0","-2"
"213996","Messiah University","2020","First major","'99'","Grand total","Doctor's degree - professional practice","10","1","9","0","0","0","0","0","0","1","0","1","0","0","0","0","0","0","9","1","8","0","0","0","0","0","0","0","0","0","-2"
"213996","Messiah University","2020","Second major","'99'","Grand total","Bachelor's degree","33","10","23","0","0","0","0","0","0","0","0","0","3","1","2","0","0","0","25","6","19","1","1","0","0","0","0","4","2","2","-2"
"214023","ASPIRA City College","2020","First major","'99'","Grand total","Associate's degree","0","0","0","0","0","0","0","0","0","0","0","0","0","0","0","0","0","0","0","0","0","0","0","0","0","0","0","0","0","0","-2"
"214041","Millersville University of Pennsylvania","2020","First major","'99'","Grand total","Associate's degree","42","38","4","0","0","0","1","1","0","1","1","0","2","2","0","0","0","0","37","33","4","0","0","0","1","1","0","0","0","0","-2"
"214041","Millersville University of Pennsylvania","2020","First major","'99'","Grand total","Bachelor's degree","1403","544","859","3","2","1","41","19","22","106","41","65","110","44","66","0","0","0","1085","417","668","25","11","14","23","6","17","10","4","6","-2"
"214041","Millersville University of Pennsylvania","2020","First major","'99'","Grand total","Master's degree","307","70","237","0","0","0","4","2","2","18","2","16","18","4","14","0","0","0","257","59","198","6","1","5","0","0","0","4","2","2","-2"
"214041","Millersville University of Pennsylvania","2020","First major","'99'","Grand total","Doctor's degree - professional practice","17","5","12","0","0","0","1","1","0","1","0","1","0","0","0","0","0","0","14","4","10","0","0","0","1","0","1","0","0","0","-2"
"214041","Millersville University of Pennsylvania","2020","Second major","'99'","Grand total","Bachelor's degree","29","14","15","0","0","0","0","0","0","0","0","0","1","0","1","0","0","0","26","13","13","0","0","0","1","0","1","1","1","0","-2"
"214069","Misericordia University","2020","First major","'99'","Grand total","Bachelor's degree","456","139","317","0","0","0","7","3","4","15","6","9","14","4","10","1","1","0","390","120","270","15","3","12","13","1","12","1","1","0","-2"
"214069","Misericordia University","2020","First major","'99'","Grand total","Master's degree","176","38","138","1","0","1","3","0","3","2","1","1","2","2","0","0","0","0","159","34","125","1","0","1","8","1","7","0","0","0","-2"
"214069","Misericordia University","2020","First major","'99'","Grand total","Doctor's degree - professional practice","58","18","40","0","0","0","1","0","1","0","0","0","2","1","1","0","0","0","52","17","35","0","0","0","3","0","3","0","0","0","-2"
"214069","Misericordia University","2020","Second major","'99'","Grand total","Bachelor's degree","14","5","9","0","0","0","1","1","0","0","0","0","0","0","0","0","0","0","13","4","9","0","0","0","0","0","0","0","0","0","-2"
"214111","Montgomery County Community College","2020","First major","'99'","Grand total","Associate's degree","1193","513","680","5","2","3","76","34","42","127","41","86","84","33","51","6","2","4","775","349","426","44","17","27","59","32","27","17","3","14","-2"
"214148","Moore College of Art and Design","2020","First major","'99'","Grand total","Bachelor's degree","62","0","62","0","0","0","2","0","2","8","0","8","4","0","4","1","0","1","36","0","36","5","0","5","6","0","6","0","0","0","-2"
"214148","Moore College of Art and Design","2020","First major","'99'","Grand total","Master's degree","7","0","7","0","0","0","0","0","0","0","0","0","1","0","1","0","0","0","6","0","6","0","0","0","0","0","0","0","0","0","-2"
"214157","Moravian College","2020","First major","'99'","Grand total","Bachelor's degree","497","173","324","3","1","2","13","3","10","17","6","11","59","20","39","0","0","0","338","115","223","8","4","4","37","14","23","22","10","12","-2"
"214157","Moravian College","2020","First major","'99'","Grand total","Master's degree","88","21","67","0","0","0","1","0","1","1","1","0","8","2","6","0","0","0","68","16","52","0","0","0","8","1","7","2","1","1","-2"
"214157","Moravian College","2020","First major","'99'","Grand total","Doctor's degree - professional practice","1","1","0","0","0","0","0","0","0","0","0","0","0","0","0","0","0","0","1","1","0","0","0","0","0","0","0","0","0","0","-2"
"214157","Moravian College","2020","Second major","'99'","Grand total","Bachelor's degree","26","7","19","0","0","0","0","0","0","0","0","0","4","0","4","0","0","0","18","5","13","1","1","0","2","1","1","1","0","1","-2"
"214166","Mount Aloysius College","2020","First major","'99'","Grand total","Associate's degree","119","12","107","0","0","0","1","0","1","2","0","2","0","0","0","0","0","0","104","12","92","0","0","0","9","0","9","3","0","3","-2"
"214166","Mount Aloysius College","2020","First major","'99'","Grand total","Bachelor's degree","177","62","115","0","0","0","0","0","0","3","1","2","4","2","2","0","0","0","151","50","101","0","0","0","9","1","8","10","8","2","-2"
"214166","Mount Aloysius College","2020","First major","'99'","Grand total","Master's degree","20","7","13","0","0","0","0","0","0","0","0","0","0","0","0","0","0","0","18","7","11","0","0","0","1","0","1","1","0","1","-2"
"214166","Mount Aloysius College","2020","Second major","'99'","Grand total","Bachelor's degree","1","0","1","0","0","0","0","0","0","0","0","0","0","0","0","0","0","0","1","0","1","0","0","0","0","0","0","0","0","0","-2"
"214175","Muhlenberg College","2020","First major","'99'","Grand total","Associate's degree","0","0","0","0","0","0","0","0","0","0","0","0","0","0","0","0","0","0","0","0","0","0","0","0","0","0","0","0","0","0","-2"
"214175","Muhlenberg College","2020","First major","'99'","Grand total","Bachelor's degree","519","186","333","1","0","1","29","10","19","25","11","14","39","9","30","0","0","0","387","148","239","7","4","3","17","1","16","14","3","11","-2"
"214175","Muhlenberg College","2020","First major","'99'","Grand total","Master's degree","0","0","0","0","0","0","0","0","0","0","0","0","0","0","0","0","0","0","0","0","0","0","0","0","0","0","0","0","0","0","-2"
"214175","Muhlenberg College","2020","Second major","'99'","Grand total","Bachelor's degree","160","62","98","0","0","0","10","4","6","4","2","2","15","5","10","0","0","0","121","50","71","0","0","0","3","0","3","7","1","6","-2"
"214272","Neumann University","2020","First major","'99'","Grand total","Associate's degree","1","1","0","0","0","0","0","0","0","0","0","0","0","0","0","0","0","0","1","1","0","0","0","0","0","0","0","0","0","0","-2"
"214272","Neumann University","2020","First major","'99'","Grand total","Bachelor's degree","357","129","228","0","0","0","6","2","4","76","16","60","20","5","15","0","0","0","219","91","128","4","2","2","26","10","16","6","3","3","-2"
"214272","Neumann University","2020","First major","'99'","Grand total","Master's degree","143","41","102","0","0","0","0","0","0","25","8","17","5","2","3","0","0","0","87","25","62","2","1","1","21","4","17","3","1","2","-2"
"214272","Neumann University","2020","First major","'99'","Grand total","Doctor's degree - research/scholarship","6","2","4","0","0","0","0","0","0","0","0","0","0","0","0","0","0","0","5","2","3","0","0","0","1","0","1","0","0","0","-2"
"214272","Neumann University","2020","First major","'99'","Grand total","Doctor's degree - professional practice","28","16","12","0","0","0","2","0","2","1","1","0","2","2","0","0","0","0","21","12","9","0","0","0","2","1","1","0","0","0","-2"
"214272","Neumann University","2020","Second major","'99'","Grand total","Bachelor's degree","1","1","0","0","0","0","0","0","0","0","0","0","0","0","0","0","0","0","1","1","0","0","0","0","0","0","0","0","0","0","-2"
"214290","New Castle School of Trades","2020","First major","'99'","Grand total","Associate's degree","169","158","11","0","0","0","0","0","0","14","14","0","4","4","0","0","0","0","151","140","11","0","0","0","0","0","0","0","0","0","-2"
"214379","Northampton County Area Community College","2020","First major","'99'","Grand total","Associate's degree","1131","416","715","2","1","1","29","11","18","122","43","79","209","79","130","1","0","1","711","256","455","24","9","15","12","6","6","21","11","10","-2"
"214564","Salus University","2020","First major","'99'","Grand total","Master's degree","127","29","98","0","0","0","17","3","14","2","1","1","0","0","0","0","0","0","97","22","75","0","0","0","1","0","1","10","3","7","-2"
"214564","Salus University","2020","First major","'99'","Grand total","Doctor's degree - research/scholarship","1","1","0","0","0","0","1","1","0","0","0","0","0","0","0","0","0","0","0","0","0","0","0","0","0","0","0","0","0","0","-2"
"214564","Salus University","2020","First major","'99'","Grand total","Doctor's degree - professional practice","191","55","136","0","0","0","67","20","47","7","1","6","2","1","1","0","0","0","114","32","82","0","0","0","1","1","0","0","0","0","-2"
"214564","Salus University","2020","First major","'99'","Grand total","Doctor's degree - other","7","0","7","0","0","0","0","0","0","1","0","1","0","0","0","0","0","0","6","0","6","0","0","0","0","0","0","0","0","0","-2"
"214582","Pennsylvania Institute of Technology","2020","First major","'99'","Grand total","Associate's degree","64","21","43","0","0","0","0","0","0","31","4","27","2","2","0","0","0","0","28","14","14","0","0","0","3","1","2","0","0","0","-2"
"214883","Peirce College","2020","First major","'99'","Grand total","Associate's degree","69","12","57","0","0","0","2","0","2","46","8","38","7","0","7","1","0","1","8","3","5","0","0","0","5","1","4","0","0","0","-2"
"214883","Peirce College","2020","First major","'99'","Grand total","Bachelor's degree","186","57","129","0","0","0","13","6","7","86","24","62","15","2","13","0","0","0","49","20","29","1","1","0","19","4","15","3","0","3","-2"
"214883","Peirce College","2020","First major","'99'","Grand total","Master's degree","27","4","23","0","0","0","1","0","1","17","2","15","1","0","1","0","0","0","4","0","4","0","0","0","4","2","2","0","0","0","-2"
"214892","Penn Commercial Business/Technical School","2020","First major","'99'","Grand total","Associate's degree","23","9","14","0","0","0","0","0","0","1","0","1","1","0","1","0","0","0","21","9","12","0","0","0","0","0","0","0","0","0","-2"
"214944","Pennco Tech-Bristol","2020","First major","'99'","Grand total","Associate's degree","22","21","1","0","0","0","0","0","0","7","7","0","4","4","0","0","0","0","11","10","1","0","0","0","0","0","0","0","0","0","-2"
"214971","Pennsylvania Academy of the Fine Arts","2020","First major","'99'","Grand total","Bachelor's degree","33","11","22","0","0","0","2","1","1","5","2","3","4","2","2","0","0","0","16","4","12","1","0","1","3","2","1","2","0","2","-2"
"214971","Pennsylvania Academy of the Fine Arts","2020","First major","'99'","Grand total","Master's degree","32","9","23","0","0","0","1","1","0","1","1","0","0","0","0","0","0","0","24","7","17","2","0","2","2","0","2","2","0","2","-2"
"215053","Pennsylvania College of Art and Design","2020","First major","'99'","Grand total","Bachelor's degree","60","14","46","1","0","1","3","1","2","3","2","1","0","0","0","0","0","0","50","11","39","1","0","1","2","0","2","0","0","0","-2"
"215062","University of Pennsylvania","2020","First major","'99'","Grand total","Associate's degree","0","0","0","0","0","0","0","0","0","0","0","0","0","0","0","0","0","0","0","0","0","0","0","0","0","0","0","0","0","0","-2"
"215062","University of Pennsylvania","2020","First major","'99'","Grand total","Bachelor's degree","2933","1400","1533","4","0","4","661","311","350","210","92","118","282","149","133","0","0","0","1222","609","613","146","58","88","25","13","12","383","168","215","-2"
"215062","University of Pennsylvania","2020","First major","'99'","Grand total","Master's degree","4289","1830","2459","2","1","1","532","223","309","228","73","155","228","88","140","1","0","1","1645","658","987","95","31","64","93","49","44","1465","707","758","-2"
"215062","University of Pennsylvania","2020","First major","'99'","Grand total","Doctor's degree - research/scholarship","589","309","280","0","0","0","42","17","25","27","10","17","37","18","19","1","1","0","288","152","136","18","6","12","5","3","2","171","102","69","-2"
"215062","University of Pennsylvania","2020","First major","'99'","Grand total","Doctor's degree - professional practice","691","280","411","1","1","0","129","49","80","23","7","16","69","28","41","0","0","0","401","172","229","16","3","13","13","7","6","39","13","26","-2"
"215062","University of Pennsylvania","2020","Second major","'99'","Grand total","Bachelor's degree","709","368","341","0","0","0","176","87","89","32","17","15","66","36","30","0","0","0","257","152","105","19","6","13","6","4","2","153","66","87","-2"
"215062","University of Pennsylvania","2020","Second major","'99'","Grand total","Master's degree","581","336","245","0","0","0","99","44","55","16","8","8","27","17","10","0","0","0","156","106","50","5","3","2","21","9","12","257","149","108","-2"
"215062","University of Pennsylvania","2020","Second major","'99'","Grand total","Doctor's degree - research/scholarship","3","3","0","0","0","0","0","0","0","1","1","0","0","0","0","0","0","0","0","0","0","0","0","0","0","0","0","2","2","0","-2"
"215105","The University of the Arts","2020","First major","'99'","Grand total","Bachelor's degree","379","148","231","3","2","1","15","3","12","62","22","40","33","14","19","0","0","0","225","90","135","18","10","8","8","3","5","15","4","11","-2"
"215105","The University of the Arts","2020","First major","'99'","Grand total","Master's degree","96","38","58","1","1","0","4","2","2","4","1","3","11","3","8","0","0","0","54","24","30","1","1","0","12","4","8","9","2","7","-2"
"215105","The University of the Arts","2020","First major","'99'","Grand total","Doctor's degree - research/scholarship","0","0","0","0","0","0","0","0","0","0","0","0","0","0","0","0","0","0","0","0","0","0","0","0","0","0","0","0","0","0","-2"
"215114","Cairn University-Langhorne","2020","First major","'99'","Grand total","Associate's degree","1","1","0","0","0","0","0","0","0","0","0","0","0","0","0","0","0","0","1","1","0","0","0","0","0","0","0","0","0","0","-2"
"215114","Cairn University-Langhorne","2020","First major","'99'","Grand total","Bachelor's degree","136","61","75","0","0","0","9","5","4","9","4","5","12","4","8","0","0","0","102","47","55","2","0","2","0","0","0","2","1","1","-2"
"215114","Cairn University-Langhorne","2020","First major","'99'","Grand total","Master's degree","149","67","82","1","0","1","10","2","8","18","9","9","10","5","5","0","0","0","98","44","54","5","2","3","3","3","0","4","2","2","-2"
"215114","Cairn University-Langhorne","2020","Second major","'99'","Grand total","Bachelor's degree","8","5","3","0","0","0","0","0","0","0","0","0","0","0","0","0","0","0","8","5","3","0","0","0","0","0","0","0","0","0","-2"
"215123","Philadelphia College of Osteopathic Medicine","2020","First major","'99'","Grand total","Master's degree","298","81","217","2","1","1","25","9","16","42","10","32","7","2","5","0","0","0","133","27","106","55","23","32","32","9","23","2","0","2","-2"
"215123","Philadelphia College of Osteopathic Medicine","2020","First major","'99'","Grand total","Doctor's degree - professional practice","420","202","218","0","0","0","79","39","40","44","14","30","14","7","7","0","0","0","231","121","110","36","14","22","14","7","7","2","0","2","-2"
"215123","Philadelphia College of Osteopathic Medicine","2020","First major","'99'","Grand total","Doctor's degree - other","94","43","51","0","0","0","1","0","1","28","10","18","1","0","1","0","0","0","26","14","12","30","16","14","6","2","4","2","1","1","-2"
"215132","University of the Sciences","2020","First major","'99'","Grand total","Bachelor's degree","289","110","179","0","0","0","92","33","59","17","6","11","10","3","7","2","1","1","136","55","81","8","5","3","21","7","14","3","0","3","-2"
"215132","University of the Sciences","2020","First major","'99'","Grand total","Master's degree","76","19","57","0","0","0","14","7","7","4","1","3","1","0","1","0","0","0","47","8","39","0","0","0","7","2","5","3","1","2","-2"
"215132","University of the Sciences","2020","First major","'99'","Grand total","Doctor's degree - research/scholarship","25","10","15","0","0","0","0","0","0","2","0","2","1","0","1","0","0","0","9","3","6","0","0","0","4","2","2","9","5","4","-2"
"215132","University of the Sciences","2020","First major","'99'","Grand total","Doctor's degree - professional practice","228","89","139","0","0","0","98","42","56","14","5","9","11","2","9","0","0","0","87","32","55","6","2","4","9","5","4","3","1","2","-2"
"215239","Community College of Philadelphia","2020","First major","'99'","Grand total","Associate's degree","1505","515","990","3","0","3","155","72","83","572","160","412","230","77","153","4","0","4","375","143","232","54","19","35","45","20","25","67","24","43","-2"
"215266","University of Pittsburgh-Bradford","2020","First major","'99'","Grand total","Associate's degree","30","8","22","0","0","0","0","0","0","1","0","1","1","0","1","0","0","0","25","6","19","1","1","0","2","1","1","0","0","0","-2"
"215266","University of Pittsburgh-Bradford","2020","First major","'99'","Grand total","Bachelor's degree","233","112","121","1","0","1","5","1","4","23","14","9","7","3","4","0","0","0","168","81","87","8","4","4","16","6","10","5","3","2","-2"
"215266","University of Pittsburgh-Bradford","2020","Second major","'99'","Grand total","Bachelor's degree","13","7","6","0","0","0","0","0","0","2","1","1","0","0","0","0","0","0","7","4","3","1","1","0","3","1","2","0","0","0","-2"
"215275","University of Pittsburgh-Greensburg","2020","First major","'99'","Grand total","Bachelor's degree","283","120","163","0","0","0","8","5","3","7","1","6","12","2","10","0","0","0","231","99","132","7","4","3","15","7","8","3","2","1","-2"
"215275","University of Pittsburgh-Greensburg","2020","Second major","'99'","Grand total","Bachelor's degree","15","7","8","0","0","0","0","0","0","0","0","0","0","0","0","0","0","0","13","6","7","0","0","0","2","1","1","0","0","0","-2"
"215284","University of Pittsburgh-Johnstown","2020","First major","'99'","Grand total","Associate's degree","19","3","16","0","0","0","0","0","0","2","0","2","0","0","0","0","0","0","15","3","12","1","0","1","0","0","0","1","0","1","-2"
"215284","University of Pittsburgh-Johnstown","2020","First major","'99'","Grand total","Bachelor's degree","430","264","166","1","1","0","10","5","5","17","10","7","8","3","5","0","0","0","352","221","131","12","7","5","20","10","10","10","7","3","-2"
"215284","University of Pittsburgh-Johnstown","2020","Second major","'99'","Grand total","Bachelor's degree","30","21","9","0","0","0","0","0","0","1","1","0","1","1","0","0","0","0","26","17","9","0","0","0","0","0","0","2","2","0","-2"
"215293","University of Pittsburgh-Pittsburgh Campus","2020","First major","'99'","Grand total","Associate's degree","2","0","2","0","0","0","0","0","0","0","0","0","0","0","0","0","0","0","2","0","2","0","0","0","0","0","0","0","0","0","-2"
"215293","University of Pittsburgh-Pittsburgh Campus","2020","First major","'99'","Grand total","Bachelor's degree","4816","2139","2677","4","2","2","553","201","352","248","99","149","181","73","108","0","0","0","3322","1536","1786","205","79","126","50","25","25","253","124","129","-2"
"215293","University of Pittsburgh-Pittsburgh Campus","2020","First major","'99'","Grand total","Master's degree","2043","827","1216","1","1","0","87","32","55","71","19","52","73","31","42","0","0","0","1051","368","683","37","10","27","106","40","66","617","326","291","-2"
"215293","University of Pittsburgh-Pittsburgh Campus","2020","First major","'99'","Grand total","Doctor's degree - research/scholarship","420","211","209","0","0","0","18","10","8","10","4","6","14","10","4","0","0","0","169","79","90","5","2","3","13","5","8","191","101","90","-2"
"215293","University of Pittsburgh-Pittsburgh Campus","2020","First major","'99'","Grand total","Doctor's degree - professional practice","693","271","422","1","0","1","71","23","48","44","12","32","24","7","17","0","0","0","464","195","269","17","8","9","52","16","36","20","10","10","-2"
"215293","University of Pittsburgh-Pittsburgh Campus","2020","Second major","'99'","Grand total","Bachelor's degree","694","295","399","1","1","0","62","10","52","30","5","25","20","8","12","0","0","0","502","234","268","33","16","17","6","3","3","40","18","22","-2"
"215309","University of Pittsburgh-Titusville","2020","First major","'99'","Grand total","Associate's degree","63","14","49","0","0","0","0","0","0","5","0","5","0","0","0","0","0","0","57","14","43","1","0","1","0","0","0","0","0","0","-2"
"215381","Pittsburgh Institute of Aeronautics","2020","First major","'99'","Grand total","Associate's degree","93","92","1","0","0","0","2","2","0","0","0","0","2","1","1","0","0","0","46","46","0","1","1","0","1","1","0","41","41","0","-2"
"215390","Pittsburgh Institute of Mortuary Science Inc","2020","First major","'99'","Grand total","Associate's degree","109","49","60","0","0","0","0","0","0","4","3","1","0","0","0","0","0","0","104","46","58","1","0","1","0","0","0","0","0","0","-2"
"215415","Pittsburgh Technical College","2020","First major","'99'","Grand total","Associate's degree","435","238","197","1","1","0","5","3","2","28","10","18","2","2","0","0","0","0","320","185","135","16","6","10","63","31","32","0","0","0","-2"
"215415","Pittsburgh Technical College","2020","First major","'99'","Grand total","Bachelor's degree","36","20","16","0","0","0","1","1","0","1","1","0","0","0","0","0","0","0","31","17","14","0","0","0","3","1","2","0","0","0","-2"
"215424","Pittsburgh Theological Seminary","2020","First major","'99'","Grand total","Master's degree","16","5","11","0","0","0","0","0","0","2","0","2","0","0","0","0","0","0","13","4","9","0","0","0","0","0","0","1","1","0","-2"
"215424","Pittsburgh Theological Seminary","2020","First major","'99'","Grand total","Doctor's degree - research/scholarship","13","10","3","0","0","0","0","0","0","1","1","0","0","0","0","0","0","0","10","7","3","0","0","0","0","0","0","2","2","0","-2"
"215442","Point Park University","2020","First major","'99'","Grand total","Associate's degree","2","0","2","0","0","0","0","0","0","1","0","1","0","0","0","0","0","0","1","0","1","0","0","0","0","0","0","0","0","0","-2"
"215442","Point Park University","2020","First major","'99'","Grand total","Bachelor's degree","628","235","393","0","0","0","14","3","11","92","30","62","39","14","25","2","1","1","428","154","274","25","9","16","0","0","0","28","24","4","-2"
"215442","Point Park University","2020","First major","'99'","Grand total","Master's degree","342","154","188","2","1","1","4","2","2","31","14","17","5","1","4","0","0","0","262","110","152","5","4","1","2","2","0","31","20","11","-2"
"215442","Point Park University","2020","First major","'99'","Grand total","Doctor's degree - research/scholarship","41","16","25","0","0","0","0","0","0","12","1","11","0","0","0","0","0","0","28","14","14","1","1","0","0","0","0","0","0","0","-2"
"215442","Point Park University","2020","First major","'99'","Grand total","Doctor's degree - professional practice","0","0","0","0","0","0","0","0","0","0","0","0","0","0","0","0","0","0","0","0","0","0","0","0","0","0","0","0","0","0","-2"
"215442","Point Park University","2020","Second major","'99'","Grand total","Bachelor's degree","1","0","1","0","0","0","0","0","0","0","0","0","0","0","0","0","0","0","1","0","1","0","0","0","0","0","0","0","0","0","-2"
"215585","Reading Area Community College","2020","First major","'99'","Grand total","Associate's degree","424","158","266","0","0","0","11","4","7","24","6","18","122","40","82","1","1","0","243","97","146","22","9","13","1","1","0","0","0","0","-2"
"215619","Reconstructionist Rabbinical College","2020","First major","'99'","Grand total","Master's degree","10","4","6","0","0","0","0","0","0","0","0","0","0","0","0","0","0","0","10","4","6","0","0","0","0","0","0","0","0","0","-2"
"215637","Walnut Hill College","2020","First major","'99'","Grand total","Associate's degree","64","22","42","2","0","2","1","0","1","20","8","12","6","3","3","0","0","0","30","10","20","2","0","2","3","1","2","0","0","0","-2"
"215637","Walnut Hill College","2020","First major","'99'","Grand total","Bachelor's degree","20","9","11","0","0","0","0","0","0","5","2","3","0","0","0","0","0","0","12","6","6","2","0","2","1","1","0","0","0","0","-2"
"215655","Robert Morris University","2020","First major","'99'","Grand total","Bachelor's degree","856","478","378","2","1","1","6","2","4","42","22","20","18","9","9","0","0","0","620","321","299","20","12","8","22","11","11","126","100","26","-2"
"215655","Robert Morris University","2020","First major","'99'","Grand total","Master's degree","348","176","172","0","0","0","6","4","2","12","4","8","5","4","1","0","0","0","270","128","142","7","3","4","20","12","8","28","21","7","-2"
"215655","Robert Morris University","2020","First major","'99'","Grand total","Doctor's degree - research/scholarship","35","17","18","0","0","0","1","0","1","5","3","2","0","0","0","0","0","0","26","13","13","0","0","0","2","1","1","1","0","1","-2"
"215655","Robert Morris University","2020","First major","'99'","Grand total","Doctor's degree - professional practice","29","6","23","0","0","0","0","0","0","1","0","1","1","0","1","0","0","0","27","6","21","0","0","0","0","0","0","0","0","0","-2"
"215682","Rosedale Technical College","2020","First major","'99'","Grand total","Associate's degree","146","136","10","0","0","0","2","2","0","16","13","3","1","1","0","0","0","0","123","118","5","4","2","2","0","0","0","0","0","0","-2"
"215691","Rosemont College","2020","First major","'99'","Grand total","Bachelor's degree","118","39","79","1","0","1","4","1","3","48","15","33","10","3","7","2","0","2","40","14","26","5","3","2","6","3","3","2","0","2","-2"
"215691","Rosemont College","2020","First major","'99'","Grand total","Master's degree","130","30","100","0","0","0","5","1","4","36","8","28","4","0","4","0","0","0","60","14","46","4","0","4","16","5","11","5","2","3","-2"
"215691","Rosemont College","2020","Second major","'99'","Grand total","Bachelor's degree","7","3","4","0","0","0","0","0","0","4","2","2","0","0","0","0","0","0","3","1","2","0","0","0","0","0","0","0","0","0","-2"
"215743","Saint Francis University","2020","First major","'99'","Grand total","Associate's degree","14","5","9","0","0","0","0","0","0","0","0","0","0","0","0","0","0","0","14","5","9","0","0","0","0","0","0","0","0","0","-2"
"215743","Saint Francis University","2020","First major","'99'","Grand total","Bachelor's degree","324","100","224","1","0","1","6","2","4","14","10","4","7","4","3","1","0","1","280","75","205","1","1","0","9","4","5","5","4","1","-2"
"215743","Saint Francis University","2020","First major","'99'","Grand total","Master's degree","261","81","180","0","0","0","11","4","7","16","8","8","32","9","23","1","0","1","174","51","123","2","0","2","25","9","16","0","0","0","-2"
"215743","Saint Francis University","2020","First major","'99'","Grand total","Doctor's degree - professional practice","25","6","19","0","0","0","1","0","1","0","0","0","0","0","0","1","0","1","21","6","15","0","0","0","2","0","2","0","0","0","-2"
"215770","Saint Joseph's University","2020","First major","'99'","Grand total","Associate's degree","0","0","0","0","0","0","0","0","0","0","0","0","0","0","0","0","0","0","0","0","0","0","0","0","0","0","0","0","0","0","-2"
"215770","Saint Joseph's University","2020","First major","'99'","Grand total","Bachelor's degree","1208","546","662","1","1","0","29","14","15","67","28","39","88","35","53","2","1","1","950","439","511","20","6","14","23","6","17","28","16","12","-2"
"215770","Saint Joseph's University","2020","First major","'99'","Grand total","Master's degree","1057","375","682","1","0","1","49","22","27","117","31","86","42","12","30","1","1","0","652","250","402","12","4","8","122","30","92","61","25","36","-2"
"215770","Saint Joseph's University","2020","First major","'99'","Grand total","Doctor's degree - research/scholarship","16","6","10","0","0","0","0","0","0","5","3","2","0","0","0","0","0","0","8","3","5","1","0","1","1","0","1","1","0","1","-2"
"215770","Saint Joseph's University","2020","Second major","'99'","Grand total","Bachelor's degree","295","136","159","0","0","0","11","6","5","3","2","1","21","8","13","1","0","1","242","112","130","4","3","1","2","0","2","11","5","6","-2"
"215770","Saint Joseph's University","2020","Second major","'99'","Grand total","Master's degree","2","1","1","0","0","0","0","0","0","1","0","1","0","0","0","0","0","0","1","1","0","0","0","0","0","0","0","0","0","0","-2"
"215798","Saint Vincent College","2020","First major","'99'","Grand total","Bachelor's degree","349","177","172","0","0","0","6","2","4","10","7","3","10","9","1","1","0","1","304","150","154","4","2","2","11","6","5","3","1","2","-2"
"215798","Saint Vincent College","2020","First major","'99'","Grand total","Master's degree","74","33","41","0","0","0","0","0","0","3","2","1","0","0","0","0","0","0","66","28","38","0","0","0","5","3","2","0","0","0","-2"
"215798","Saint Vincent College","2020","First major","'99'","Grand total","Doctor's degree - professional practice","4","1","3","0","0","0","0","0","0","1","0","1","0","0","0","0","0","0","3","1","2","0","0","0","0","0","0","0","0","0","-2"
"215798","Saint Vincent College","2020","Second major","'99'","Grand total","Bachelor's degree","17","3","14","0","0","0","0","0","0","0","0","0","0","0","0","0","0","0","16","3","13","0","0","0","0","0","0","1","0","1","-2"
"215813","Saint Vincent Seminary","2020","First major","'99'","Grand total","Master's degree","11","11","0","0","0","0","0","0","0","0","0","0","0","0","0","0","0","0","7","7","0","0","0","0","0","0","0","4","4","0","-2"
"215929","University of Scranton","2020","First major","'99'","Grand total","Associate's degree","0","0","0","0","0","0","0","0","0","0","0","0","0","0","0","0","0","0","0","0","0","0","0","0","0","0","0","0","0","0","-2"
"215929","University of Scranton","2020","First major","'99'","Grand total","Bachelor's degree","878","370","508","1","1","0","27","13","14","21","7","14","84","35","49","2","1","1","697","290","407","12","4","8","25","13","12","9","6","3","-2"
"215929","University of Scranton","2020","First major","'99'","Grand total","Master's degree","610","217","393","0","0","0","38","10","28","32","10","22","30","12","18","2","2","0","420","152","268","10","3","7","57","18","39","21","10","11","-2"
"215929","University of Scranton","2020","First major","'99'","Grand total","Doctor's degree - research/scholarship","0","0","0","0","0","0","0","0","0","0","0","0","0","0","0","0","0","0","0","0","0","0","0","0","0","0","0","0","0","0","-2"
"215929","University of Scranton","2020","First major","'99'","Grand total","Doctor's degree - professional practice","3","1","2","0","0","0","0","0","0","0","0","0","0","0","0","0","0","0","3","1","2","0","0","0","0","0","0","0","0","0","-2"
"215929","University of Scranton","2020","Second major","'99'","Grand total","Bachelor's degree","73","25","48","0","0","0","4","2","2","1","0","1","2","1","1","0","0","0","61","22","39","2","0","2","2","0","2","1","0","1","-2"
"215929","University of Scranton","2020","Second major","'99'","Grand total","Master's degree","34","20","14","0","0","0","4","0","4","2","2","0","3","2","1","0","0","0","20","12","8","2","2","0","1","0","1","2","2","0","-2"
"215947","Seton Hill University","2020","First major","'99'","Grand total","Bachelor's degree","323","111","212","0","0","0","3","0","3","22","15","7","9","3","6","0","0","0","273","83","190","8","5","3","1","0","1","7","5","2","-2"
"215947","Seton Hill University","2020","First major","'99'","Grand total","Master's degree","162","46","116","0","0","0","7","4","3","10","3","7","8","2","6","0","0","0","131","37","94","2","0","2","3","0","3","1","0","1","-2"
"215947","Seton Hill University","2020","Second major","'99'","Grand total","Bachelor's degree","63","16","47","0","0","0","0","0","0","2","0","2","3","0","3","0","0","0","58","16","42","0","0","0","0","0","0","0","0","0","-2"
"215947","Seton Hill University","2020","Second major","'99'","Grand total","Master's degree","3","0","3","0","0","0","0","0","0","0","0","0","0","0","0","0","0","0","3","0","3","0","0","0","0","0","0","0","0","0","-2"
"215992","Laurel Technical Institute","2020","First major","'99'","Grand total","Associate's degree","39","24","15","0","0","0","0","0","0","5","3","2","1","0","1","0","0","0","32","20","12","1","1","0","0","0","0","0","0","0","-2"
"216010","Shippensburg University of Pennsylvania","2020","First major","'99'","Grand total","Bachelor's degree","1066","493","573","1","1","0","14","5","9","79","35","44","64","32","32","0","0","0","842","390","452","45","18","27","12","7","5","9","5","4","-2"
"216010","Shippensburg University of Pennsylvania","2020","First major","'99'","Grand total","Master's degree","272","114","158","0","0","0","2","1","1","14","8","6","13","3","10","0","0","0","224","94","130","4","3","1","5","1","4","10","4","6","-2"
"216010","Shippensburg University of Pennsylvania","2020","First major","'99'","Grand total","Doctor's degree - professional practice","9","6","3","0","0","0","0","0","0","2","1","1","0","0","0","0","0","0","7","5","2","0","0","0","0","0","0","0","0","0","-2"
"216010","Shippensburg University of Pennsylvania","2020","Second major","'99'","Grand total","Bachelor's degree","68","41","27","0","0","0","1","0","1","3","2","1","2","1","1","0","0","0","55","36","19","4","1","3","1","0","1","2","1","1","-2"
"216010","Shippensburg University of Pennsylvania","2020","Second major","'99'","Grand total","Master's degree","1","1","0","0","0","0","0","0","0","0","0","0","0","0","0","0","0","0","1","1","0","0","0","0","0","0","0","0","0","0","-2"
"216038","Slippery Rock University of Pennsylvania","2020","First major","'99'","Grand total","Bachelor's degree","1884","789","1095","4","2","2","20","7","13","77","38","39","54","17","37","2","0","2","1613","677","936","73","27","46","26","11","15","15","10","5","-2"
"216038","Slippery Rock University of Pennsylvania","2020","First major","'99'","Grand total","Master's degree","430","96","334","0","0","0","3","0","3","7","3","4","11","3","8","0","0","0","387","86","301","5","1","4","15","3","12","2","0","2","-2"
"216038","Slippery Rock University of Pennsylvania","2020","First major","'99'","Grand total","Doctor's degree - research/scholarship","7","2","5","0","0","0","0","0","0","0","0","0","1","0","1","0","0","0","6","2","4","0","0","0","0","0","0","0","0","0","-2"
"216038","Slippery Rock University of Pennsylvania","2020","First major","'99'","Grand total","Doctor's degree - professional practice","50","25","25","0","0","0","1","1","0","1","0","1","1","1","0","0","0","0","46","22","24","1","1","0","0","0","0","0","0","0","-2"
"216038","Slippery Rock University of Pennsylvania","2020","Second major","'99'","Grand total","Bachelor's degree","42","16","26","1","0","1","1","0","1","2","0","2","2","0","2","0","0","0","35","15","20","1","1","0","0","0","0","0","0","0","-2"
"216047","Saint Charles Borromeo Seminary-Overbrook","2020","First major","'99'","Grand total","Bachelor's degree","10","10","0","0","0","0","0","0","0","0","0","0","2","2","0","0","0","0","6","6","0","0","0","0","0","0","0","2","2","0","-2"
"216047","Saint Charles Borromeo Seminary-Overbrook","2020","First major","'99'","Grand total","Master's degree","34","28","6","0","0","0","1","1","0","1","0","1","2","2","0","0","0","0","26","21","5","1","1","0","0","0","0","3","3","0","-2"
"216083","South Hills School of Business & Technology","2020","First major","'99'","Grand total","Associate's degree","71","39","32","0","0","0","1","0","1","1","1","0","2","1","1","0","0","0","65","36","29","2","1","1","0","0","0","0","0","0","-2"
"216278","Susquehanna University","2020","First major","'99'","Grand total","Bachelor's degree","530","235","295","0","0","0","11","5","6","37","25","12","35","19","16","0","0","0","425","176","249","14","4","10","1","1","0","7","5","2","-2"
"216278","Susquehanna University","2020","First major","'99'","Grand total","Master's degree","0","0","0","0","0","0","0","0","0","0","0","0","0","0","0","0","0","0","0","0","0","0","0","0","0","0","0","0","0","0","-2"
"216278","Susquehanna University","2020","Second major","'99'","Grand total","Bachelor's degree","80","21","59","0","0","0","3","1","2","6","2","4","6","0","6","0","0","0","62","17","45","3","1","2","0","0","0","0","0","0","-2"
"216287","Swarthmore College","2020","First major","'99'","Grand total","Bachelor's degree","431","206","225","1","0","1","67","40","27","36","16","20","54","17","37","0","0","0","185","93","92","24","9","15","18","10","8","46","21","25","-2"
"216287","Swarthmore College","2020","Second major","'99'","Grand total","Bachelor's degree","138","61","77","1","0","1","19","7","12","3","2","1","11","2","9","0","0","0","70","34","36","4","2","2","7","6","1","23","8","15","-2"
"216296","Thaddeus Stevens College of Technology","2020","First major","'99'","Grand total","Associate's degree","436","386","50","0","0","0","7","5","2","27","24","3","55","48","7","0","0","0","331","296","35","13","11","2","2","2","0","1","0","1","-2"
"216311","Talmudical Yeshiva of Philadelphia","2020","First major","'99'","Grand total","Bachelor's degree","23","23","0","0","0","0","0","0","0","0","0","0","0","0","0","0","0","0","23","23","0","0","0","0","0","0","0","0","0","0","-2"
"216339","Temple University","2020","First major","'99'","Grand total","Associate's degree","0","0","0","0","0","0","0","0","0","0","0","0","0","0","0","0","0","0","0","0","0","0","0","0","0","0","0","0","0","0","-2"
"216339","Temple University","2020","First major","'99'","Grand total","Bachelor's degree","6858","3151","3707","7","4","3","804","382","422","756","242","514","402","166","236","9","5","4","3991","1897","2094","216","103","113","171","81","90","502","271","231","-2"
"216339","Temple University","2020","First major","'99'","Grand total","Master's degree","2109","876","1233","2","1","1","138","58","80","220","64","156","119","39","80","0","0","0","1087","478","609","35","11","24","169","70","99","339","155","184","-2"
"216339","Temple University","2020","First major","'99'","Grand total","Doctor's degree - research/scholarship","204","97","107","0","0","0","10","5","5","17","9","8","5","4","1","0","0","0","92","35","57","1","1","0","15","8","7","64","35","29","-2"
"216339","Temple University","2020","First major","'99'","Grand total","Doctor's degree - professional practice","857","429","428","0","0","0","160","74","86","49","21","28","49","20","29","1","1","0","491","256","235","59","31","28","25","12","13","23","14","9","-2"
"216348","Theological Seminary of the Reformed Episcopal Church","2020","First major","'99'","Grand total","Master's degree","2","1","1","0","0","0","0","0","0","1","0","1","0","0","0","0","0","0","1","1","0","0","0","0","0","0","0","0","0","0","-2"
"216357","Thiel College","2020","First major","'99'","Grand total","Associate's degree","2","2","0","0","0","0","0","0","0","0","0","0","0","0","0","0","0","0","2","2","0","0","0","0","0","0","0","0","0","0","-2"
"216357","Thiel College","2020","First major","'99'","Grand total","Bachelor's degree","111","64","47","0","0","0","2","1","1","5","4","1","2","1","1","0","0","0","98","55","43","4","3","1","0","0","0","0","0","0","-2"
"216357","Thiel College","2020","Second major","'99'","Grand total","Bachelor's degree","24","14","10","0","0","0","0","0","0","1","0","1","0","0","0","0","0","0","22","13","9","1","1","0","0","0","0","0","0","0","-2"
"216366","Thomas Jefferson University","2020","First major","'99'","Grand total","Associate's degree","46","5","41","1","0","1","4","0","4","6","1","5","5","0","5","0","0","0","21","3","18","3","1","2","6","0","6","0","0","0","-2"
"216366","Thomas Jefferson University","2020","First major","'99'","Grand total","Bachelor's degree","1005","234","771","0","0","0","44","12","32","114","32","82","92","20","72","0","0","0","617","129","488","60","17","43","39","8","31","39","16","23","-2"
"216366","Thomas Jefferson University","2020","First major","'99'","Grand total","Master's degree","903","244","659","1","0","1","58","17","41","72","21","51","57","17","40","0","0","0","486","102","384","33","8","25","57","14","43","139","65","74","-2"
"216366","Thomas Jefferson University","2020","First major","'99'","Grand total","Doctor's degree - research/scholarship","18","8","10","0","0","0","1","0","1","0","0","0","2","0","2","0","0","0","5","4","1","0","0","0","2","2","0","8","2","6","-2"
"216366","Thomas Jefferson University","2020","First major","'99'","Grand total","Doctor's degree - professional practice","453","183","270","0","0","0","18","10","8","16","5","11","25","13","12","0","0","0","268","105","163","76","30","46","8","3","5","42","17","25","-2"
"216366","Thomas Jefferson University","2020","First major","'99'","Grand total","Doctor's degree - other","2","1","1","0","0","0","0","0","0","0","0","0","0","0","0","0","0","0","1","1","0","0","0","0","0","0","0","1","0","1","-2"
"216418","Fortis Institute-Erie","2020","First major","'99'","Grand total","Associate's degree","8","2","6","0","0","0","0","0","0","3","1","2","1","0","1","0","0","0","4","1","3","0","0","0","0","0","0","0","0","0","-2"
"216436","Triangle Tech Inc-Pittsburgh","2020","First major","'99'","Grand total","Associate's degree","56","50","6","1","1","0","0","0","0","12","12","0","1","1","0","0","0","0","36","33","3","6","3","3","0","0","0","0","0","0","-2"
"216445","Triangle Tech Inc-Greensburg","2020","First major","'99'","Grand total","Associate's degree","62","53","9","0","0","0","0","0","0","2","2","0","0","0","0","0","0","0","59","50","9","1","1","0","0","0","0","0","0","0","-2"
"216454","Triangle Tech Inc-Dubois","2020","First major","'99'","Grand total","Associate's degree","48","44","4","0","0","0","0","0","0","0","0","0","0","0","0","0","0","0","48","44","4","0","0","0","0","0","0","0","0","0","-2"
"216463","Trinity Episcopal School for Ministry","2020","First major","'99'","Grand total","Master's degree","36","29","7","0","0","0","1","1","0","0","0","0","0","0","0","0","0","0","26","19","7","0","0","0","8","8","0","1","1","0","-2"
"216463","Trinity Episcopal School for Ministry","2020","First major","'99'","Grand total","Doctor's degree - other","3","3","0","0","0","0","0","0","0","0","0","0","0","0","0","0","0","0","3","3","0","0","0","0","0","0","0","0","0","0","-2"
"216524","Ursinus College","2020","First major","'99'","Grand total","Bachelor's degree","315","151","164","1","1","0","13","4","9","22","11","11","22","8","14","0","0","0","236","117","119","10","6","4","9","4","5","2","0","2","-2"
"216524","Ursinus College","2020","Second major","'99'","Grand total","Bachelor's degree","54","15","39","0","0","0","2","0","2","3","1","2","3","0","3","0","0","0","44","14","30","2","0","2","0","0","0","0","0","0","-2"
"216542","University of Valley Forge","2020","First major","'99'","Grand total","Associate's degree","5","2","3","0","0","0","0","0","0","0","0","0","1","0","1","0","0","0","3","2","1","0","0","0","0","0","0","1","0","1","-2"
"216542","University of Valley Forge","2020","First major","'99'","Grand total","Bachelor's degree","89","47","42","1","1","0","4","3","1","12","8","4","16","6","10","0","0","0","49","26","23","4","2","2","2","0","2","1","1","0","-2"
"216542","University of Valley Forge","2020","First major","'99'","Grand total","Master's degree","22","17","5","0","0","0","0","0","0","1","1","0","1","1","0","0","0","0","16","12","4","2","2","0","2","1","1","0","0","0","-2"
"216551","Valley Forge Military College","2020","First major","'99'","Grand total","Associate's degree","68","51","17","0","0","0","3","2","1","15","13","2","8","5","3","0","0","0","34","25","9","4","4","0","2","1","1","2","1","1","-2"
"216597","Villanova University","2020","First major","'99'","Grand total","Associate's degree","0","0","0","0","0","0","0","0","0","0","0","0","0","0","0","0","0","0","0","0","0","0","0","0","0","0","0","0","0","0","-2"
"216597","Villanova University","2020","First major","'99'","Grand total","Bachelor's degree","1794","788","1006","1","0","1","93","35","58","84","33","51","124","53","71","0","0","0","1375","613","762","47","18","29","39","22","17","31","14","17","-2"
"216597","Villanova University","2020","First major","'99'","Grand total","Master's degree","1261","637","624","1","1","0","64","32","32","70","29","41","68","27","41","0","0","0","873","455","418","27","16","11","85","48","37","73","29","44","-2"
"216597","Villanova University","2020","First major","'99'","Grand total","Doctor's degree - research/scholarship","24","14","10","0","0","0","0","0","0","1","0","1","1","0","1","0","0","0","9","4","5","0","0","0","1","0","1","12","10","2","-2"
"216597","Villanova University","2020","First major","'99'","Grand total","Doctor's degree - professional practice","178","75","103","0","0","0","9","2","7","8","4","4","12","4","8","0","0","0","138","63","75","7","2","5","4","0","4","0","0","0","-2"
"216597","Villanova University","2020","Second major","'99'","Grand total","Bachelor's degree","451","241","210","0","0","0","17","7","10","8","6","2","24","11","13","0","0","0","369","203","166","14","5","9","8","6","2","11","3","8","-2"
"216667","Washington & Jefferson College","2020","First major","'99'","Grand total","Bachelor's degree","339","174","165","0","0","0","9","1","8","16","9","7","14","4","10","0","0","0","242","123","119","12","9","3","29","15","14","17","13","4","-2"
"216667","Washington & Jefferson College","2020","First major","'99'","Grand total","Master's degree","0","0","0","0","0","0","0","0","0","0","0","0","0","0","0","0","0","0","0","0","0","0","0","0","0","0","0","0","0","0","-2"
"216667","Washington & Jefferson College","2020","Second major","'99'","Grand total","Bachelor's degree","63","26","37","0","0","0","1","0","1","2","1","1","6","1","5","0","0","0","46","20","26","2","1","1","3","2","1","3","1","2","-2"
"216694","Waynesburg University","2020","First major","'99'","Grand total","Bachelor's degree","311","126","185","0","0","0","2","1","1","9","6","3","4","0","4","0","0","0","273","108","165","8","5","3","15","6","9","0","0","0","-2"
"216694","Waynesburg University","2020","First major","'99'","Grand total","Master's degree","124","65","59","0","0","0","1","1","0","5","1","4","1","1","0","0","0","0","105","58","47","0","0","0","12","4","8","0","0","0","-2"
"216694","Waynesburg University","2020","First major","'99'","Grand total","Doctor's degree - research/scholarship","4","1","3","0","0","0","0","0","0","1","0","1","0","0","0","0","0","0","0","0","0","0","0","0","3","1","2","0","0","0","-2"
"216694","Waynesburg University","2020","First major","'99'","Grand total","Doctor's degree - professional practice","4","1","3","0","0","0","0","0","0","0","0","0","0","0","0","0","0","0","1","0","1","0","0","0","3","1","2","0","0","0","-2"
"216694","Waynesburg University","2020","Second major","'99'","Grand total","Bachelor's degree","8","0","8","0","0","0","0","0","0","0","0","0","0","0","0","0","0","0","8","0","8","0","0","0","0","0","0","0","0","0","-2"
"216694","Waynesburg University","2020","Second major","'99'","Grand total","Master's degree","1","1","0","0","0","0","0","0","0","0","0","0","0","0","0","0","0","0","1","1","0","0","0","0","0","0","0","0","0","0","-2"
"216764","West Chester University of Pennsylvania","2020","First major","'99'","Grand total","Bachelor's degree","3122","1174","1948","3","0","3","97","33","64","330","96","234","187","71","116","2","1","1","2358","911","1447","96","42","54","32","15","17","17","5","12","-2"
"216764","West Chester University of Pennsylvania","2020","First major","'99'","Grand total","Master's degree","1043","340","703","1","1","0","38","10","28","141","36","105","41","11","30","0","0","0","757","258","499","26","5","21","17","10","7","22","9","13","-2"
"216764","West Chester University of Pennsylvania","2020","First major","'99'","Grand total","Doctor's degree - research/scholarship","24","5","19","0","0","0","0","0","0","5","1","4","1","1","0","0","0","0","17","3","14","0","0","0","1","0","1","0","0","0","-2"
"216764","West Chester University of Pennsylvania","2020","First major","'99'","Grand total","Doctor's degree - professional practice","8","2","6","0","0","0","0","0","0","0","0","0","0","0","0","0","0","0","7","2","5","0","0","0","1","0","1","0","0","0","-2"
"216764","West Chester University of Pennsylvania","2020","Second major","'99'","Grand total","Bachelor's degree","266","88","178","0","0","0","3","3","0","17","7","10","13","7","6","0","0","0","220","65","155","10","6","4","2","0","2","1","0","1","-2"
"216782","Pittsburgh Career Institute","2020","First major","'99'","Grand total","Associate's degree","73","7","66","1","0","1","1","0","1","20","6","14","0","0","0","0","0","0","47","1","46","1","0","1","3","0","3","0","0","0","-2"
"216807","Westminster College","2020","First major","'99'","Grand total","Bachelor's degree","249","121","128","1","0","1","2","1","1","12","4","8","5","3","2","0","0","0","165","73","92","3","1","2","59","37","22","2","2","0","-2"
"216807","Westminster College","2020","First major","'99'","Grand total","Master's degree","14","4","10","0","0","0","0","0","0","0","0","0","0","0","0","0","0","0","2","0","2","0","0","0","12","4","8","0","0","0","-2"
"216807","Westminster College","2020","Second major","'99'","Grand total","Bachelor's degree","20","15","5","0","0","0","1","1","0","0","0","0","0","0","0","0","0","0","12","8","4","0","0","0","7","6","1","0","0","0","-2"
"216816","Westminster Theological Seminary","2020","First major","'99'","Grand total","Master's degree","148","89","59","0","0","0","16","9","7","2","1","1","5","5","0","0","0","0","84","44","40","4","2","2","14","11","3","23","17","6","-2"
"216816","Westminster Theological Seminary","2020","First major","'99'","Grand total","Doctor's degree - research/scholarship","6","6","0","0","0","0","1","1","0","0","0","0","0","0","0","0","0","0","5","5","0","0","0","0","0","0","0","0","0","0","-2"
"216816","Westminster Theological Seminary","2020","First major","'99'","Grand total","Doctor's degree - professional practice","5","5","0","0","0","0","1","1","0","1","1","0","0","0","0","0","0","0","3","3","0","0","0","0","0","0","0","0","0","0","-2"
"216825","Westmoreland County Community College","2020","First major","'99'","Grand total","Associate's degree","502","193","309","2","1","1","1","0","1","6","3","3","6","4","2","1","1","0","466","178","288","15","5","10","0","0","0","5","1","4","-2"
"216852","Widener University","2020","First major","'99'","Grand total","Associate's degree","23","3","20","0","0","0","1","0","1","3","1","2","1","0","1","0","0","0","17","2","15","0","0","0","1","0","1","0","0","0","-2"
"216852","Widener University","2020","First major","'99'","Grand total","Bachelor's degree","710","291","419","0","0","0","27","13","14","84","29","55","29","13","16","0","0","0","529","221","308","21","5","16","10","3","7","10","7","3","-2"
"216852","Widener University","2020","First major","'99'","Grand total","Master's degree","621","117","504","1","0","1","21","3","18","152","24","128","39","4","35","0","0","0","342","69","273","15","1","14","26","6","20","25","10","15","-2"
"216852","Widener University","2020","First major","'99'","Grand total","Doctor's degree - research/scholarship","48","15","33","0","0","0","1","0","1","11","3","8","1","1","0","0","0","0","26","8","18","1","0","1","3","1","2","5","2","3","-2"
"216852","Widener University","2020","First major","'99'","Grand total","Doctor's degree - professional practice","327","152","175","3","1","2","7","4","3","24","9","15","20","10","10","0","0","0","250","118","132","6","2","4","16","8","8","1","0","1","-2"
"216931","Wilkes University","2020","First major","'99'","Grand total","Bachelor's degree","553","254","299","0","0","0","17","7","10","17","8","9","26","9","17","0","0","0","421","184","237","15","7","8","15","4","11","42","35","7","-2"
"216931","Wilkes University","2020","First major","'99'","Grand total","Master's degree","822","197","625","1","0","1","17","4","13","22","6","16","25","4","21","0","0","0","729","175","554","11","3","8","16","5","11","1","0","1","-2"
"216931","Wilkes University","2020","First major","'99'","Grand total","Doctor's degree - research/scholarship","21","9","12","0","0","0","2","1","1","2","2","0","1","0","1","0","0","0","15","6","9","0","0","0","1","0","1","0","0","0","-2"
"216931","Wilkes University","2020","First major","'99'","Grand total","Doctor's degree - professional practice","126","32","94","1","0","1","8","3","5","21","0","21","4","1","3","0","0","0","77","22","55","12","4","8","1","1","0","2","1","1","-2"
"216931","Wilkes University","2020","Second major","'99'","Grand total","Bachelor's degree","40","16","24","0","0","0","0","0","0","1","1","0","5","1","4","0","0","0","32","12","20","1","1","0","0","0","0","1","1","0","-2"
"216940","Williamson College of the Trades","2020","First major","'99'","Grand total","Associate's degree","72","72","0","0","0","0","1","1","0","12","12","0","5","5","0","0","0","0","53","53","0","1","1","0","0","0","0","0","0","0","-2"
"217013","Wilson College","2020","First major","'99'","Grand total","Associate's degree","3","0","3","0","0","0","0","0","0","0","0","0","0","0","0","0","0","0","3","0","3","0","0","0","0","0","0","0","0","0","-2"
"217013","Wilson College","2020","First major","'99'","Grand total","Bachelor's degree","144","16","128","1","0","1","1","1","0","6","1","5","8","1","7","0","0","0","107","10","97","4","0","4","11","1","10","6","2","4","-2"
"217013","Wilson College","2020","First major","'99'","Grand total","Master's degree","120","23","97","0","0","0","0","0","0","3","2","1","6","0","6","1","0","1","80","18","62","1","0","1","28","3","25","1","0","1","-2"
"217013","Wilson College","2020","Second major","'99'","Grand total","Bachelor's degree","10","2","8","0","0","0","0","0","0","0","0","0","0","0","0","0","0","0","6","1","5","0","0","0","1","0","1","3","1","2","-2"
"217040","Yeshivath Beth Moshe","2020","First major","'99'","Grand total","Associate's degree","0","0","0","0","0","0","0","0","0","0","0","0","0","0","0","0","0","0","0","0","0","0","0","0","0","0","0","0","0","0","-2"
"217040","Yeshivath Beth Moshe","2020","First major","'99'","Grand total","Bachelor's degree","3","3","0","0","0","0","0","0","0","0","0","0","0","0","0","0","0","0","3","3","0","0","0","0","0","0","0","0","0","0","-2"
"217040","Yeshivath Beth Moshe","2020","First major","'99'","Grand total","Doctor's degree - research/scholarship","0","0","0","0","0","0","0","0","0","0","0","0","0","0","0","0","0","0","0","0","0","0","0","0","0","0","0","0","0","0","-2"
"217059","York College of Pennsylvania","2020","First major","'99'","Grand total","Associate's degree","10","5","5","0","0","0","1","1","0","2","1","1","1","0","1","0","0","0","6","3","3","0","0","0","0","0","0","0","0","0","-2"
"217059","York College of Pennsylvania","2020","First major","'99'","Grand total","Bachelor's degree","793","359","434","1","0","1","10","3","7","40","15","25","46","18","28","1","0","1","644","297","347","28","8","20","16","11","5","7","7","0","-2"
"217059","York College of Pennsylvania","2020","First major","'99'","Grand total","Master's degree","80","39","41","0","0","0","4","2","2","2","1","1","2","1","1","0","0","0","63","30","33","2","0","2","6","4","2","1","1","0","-2"
"217059","York College of Pennsylvania","2020","First major","'99'","Grand total","Doctor's degree - professional practice","10","3","7","0","0","0","0","0","0","0","0","0","0","0","0","0","0","0","10","3","7","0","0","0","0","0","0","0","0","0","-2"
"217077","YTI Career Institute-York","2020","First major","'99'","Grand total","Associate's degree","167","64","103","0","0","0","3","2","1","9","5","4","25","5","20","1","1","0","124","48","76","5","3","2","0","0","0","0","0","0","-2"
"217156","Brown University","2020","First major","'99'","Grand total","Bachelor's degree","1743","824","919","7","2","5","262","125","137","96","53","43","213","84","129","6","3","3","776","398","378","98","37","61","94","35","59","191","87","104","-2"
"217156","Brown University","2020","First major","'99'","Grand total","Master's degree","733","390","343","0","0","0","67","27","40","43","12","31","54","27","27","0","0","0","233","126","107","28","14","14","44","22","22","264","162","102","-2"
"217156","Brown University","2020","First major","'99'","Grand total","Doctor's degree - research/scholarship","217","113","104","0","0","0","18","8","10","4","3","1","9","6","3","0","0","0","77","35","42","0","0","0","18","7","11","91","54","37","-2"
"217156","Brown University","2020","First major","'99'","Grand total","Doctor's degree - professional practice","137","64","73","0","0","0","31","19","12","8","0","8","16","3","13","0","0","0","78","40","38","3","1","2","1","1","0","0","0","0","-2"
"217156","Brown University","2020","Second major","'99'","Grand total","Bachelor's degree","439","197","242","4","2","2","71","35","36","21","9","12","58","23","35","1","0","1","187","92","95","14","6","8","21","6","15","62","24","38","-2"
"217165","Bryant University","2020","First major","'99'","Grand total","Bachelor's degree","839","523","316","3","3","0","20","7","13","31","17","14","58","41","17","0","0","0","602","387","215","15","6","9","16","9","7","94","53","41","-2"
"217165","Bryant University","2020","First major","'99'","Grand total","Master's degree","212","99","113","2","1","1","9","6","3","5","2","3","8","7","1","1","1","0","151","69","82","9","4","5","15","5","10","12","4","8","-2"
"217165","Bryant University","2020","Second major","'99'","Grand total","Bachelor's degree","53","34","19","0","0","0","3","1","2","1","0","1","3","3","0","0","0","0","39","25","14","0","0","0","1","0","1","6","5","1","-2"
"217235","Johnson & Wales University-Providence","2020","First major","'99'","Grand total","Associate's degree","290","122","168","1","1","0","8","3","5","31","11","20","30","6","24","0","0","0","150","66","84","10","3","7","25","8","17","35","24","11","-2"
"217235","Johnson & Wales University-Providence","2020","First major","'99'","Grand total","Bachelor's degree","1518","579","939","6","3","3","32","12","20","194","69","125","161","58","103","0","0","0","854","314","540","68","22","46","49","17","32","154","84","70","-2"
"217235","Johnson & Wales University-Providence","2020","First major","'99'","Grand total","Master's degree","236","88","148","1","0","1","5","3","2","13","5","8","21","4","17","0","0","0","93","25","68","5","1","4","15","4","11","83","46","37","-2"
"217235","Johnson & Wales University-Providence","2020","First major","'99'","Grand total","Doctor's degree - research/scholarship","14","2","12","0","0","0","0","0","0","0","0","0","3","0","3","0","0","0","8","2","6","0","0","0","3","0","3","0","0","0","-2"
"217235","Johnson & Wales University-Providence","2020","First major","'99'","Grand total","Doctor's degree - professional practice","0","0","0","0","0","0","0","0","0","0","0","0","0","0","0","0","0","0","0","0","0","0","0","0","0","0","0","0","0","0","-2"
"217305","New England Institute of Technology","2020","First major","'99'","Grand total","Associate's degree","770","483","287","0","0","0","2","2","0","13","8","5","83","55","28","0","0","0","81","45","36","17","10","7","569","359","210","5","4","1","-2"
"217305","New England Institute of Technology","2020","First major","'99'","Grand total","Bachelor's degree","301","226","75","1","1","0","8","6","2","10","6","4","25","18","7","0","0","0","160","122","38","7","5","2","76","54","22","14","14","0","-2"
"217305","New England Institute of Technology","2020","First major","'99'","Grand total","Master's degree","67","31","36","0","0","0","2","1","1","4","4","0","5","4","1","0","0","0","28","14","14","2","0","2","22","4","18","4","4","0","-2"
"217305","New England Institute of Technology","2020","First major","'99'","Grand total","Doctor's degree - professional practice","7","0","7","0","0","0","0","0","0","0","0","0","1","0","1","0","0","0","4","0","4","0","0","0","2","0","2","0","0","0","-2"
"217402","Providence College","2020","First major","'99'","Grand total","Associate's degree","1","1","0","0","0","0","0","0","0","0","0","0","0","0","0","0","0","0","1","1","0","0","0","0","0","0","0","0","0","0","-2"
"217402","Providence College","2020","First major","'99'","Grand total","Bachelor's degree","980","438","542","3","1","2","9","3","6","37","12","25","89","41","48","2","2","0","774","343","431","10","2","8","33","21","12","23","13","10","-2"
"217402","Providence College","2020","First major","'99'","Grand total","Master's degree","232","100","132","0","0","0","4","2","2","9","5","4","8","1","7","0","0","0","192","80","112","4","4","0","9","2","7","6","6","0","-2"
"217402","Providence College","2020","Second major","'99'","Grand total","Bachelor's degree","132","56","76","0","0","0","1","1","0","9","2","7","10","3","7","0","0","0","101","45","56","1","0","1","5","2","3","5","3","2","-2"
"217420","Rhode Island College","2020","First major","'99'","Grand total","Bachelor's degree","1312","410","902","5","0","5","50","15","35","78","20","58","207","70","137","1","0","1","876","274","602","27","3","24","65","28","37","3","0","3","-2"
"217420","Rhode Island College","2020","First major","'99'","Grand total","Master's degree","298","57","241","0","0","0","4","0","4","17","5","12","32","5","27","0","0","0","210","41","169","5","3","2","30","3","27","0","0","0","-2"
"217420","Rhode Island College","2020","First major","'99'","Grand total","Doctor's degree - research/scholarship","1","0","1","0","0","0","0","0","0","0","0","0","0","0","0","0","0","0","0","0","0","0","0","0","1","0","1","0","0","0","-2"
"217420","Rhode Island College","2020","First major","'99'","Grand total","Doctor's degree - professional practice","0","0","0","0","0","0","0","0","0","0","0","0","0","0","0","0","0","0","0","0","0","0","0","0","0","0","0","0","0","0","-2"
"217420","Rhode Island College","2020","Second major","'99'","Grand total","Bachelor's degree","54","23","31","0","0","0","1","0","1","4","3","1","11","0","11","0","0","0","35","18","17","1","0","1","2","2","0","0","0","0","-2"
"217475","Community College of Rhode Island","2020","First major","'99'","Grand total","Associate's degree","2106","793","1313","7","3","4","75","30","45","126","42","84","306","111","195","1","1","0","1383","527","856","128","43","85","79","35","44","1","1","0","-2"
"217484","University of Rhode Island","2020","First major","'99'","Grand total","Bachelor's degree","3633","1520","2113","11","4","7","149","58","91","140","65","75","331","112","219","3","1","2","2664","1127","1537","91","35","56","190","89","101","54","29","25","-2"
"217484","University of Rhode Island","2020","First major","'99'","Grand total","Master's degree","603","246","357","2","1","1","46","23","23","20","7","13","24","11","13","2","1","1","445","176","269","10","5","5","39","15","24","15","7","8","-2"
"217484","University of Rhode Island","2020","First major","'99'","Grand total","Doctor's degree - research/scholarship","93","38","55","0","0","0","12","6","6","6","4","2","2","1","1","1","0","1","64","24","40","2","0","2","4","1","3","2","2","0","-2"
"217484","University of Rhode Island","2020","First major","'99'","Grand total","Doctor's degree - professional practice","121","42","79","0","0","0","11","5","6","1","0","1","6","4","2","0","0","0","92","28","64","1","1","0","6","3","3","4","1","3","-2"
"217484","University of Rhode Island","2020","First major","'99'","Grand total","Doctor's degree - other","29","9","20","0","0","0","0","0","0","1","1","0","1","0","1","0","0","0","26","8","18","0","0","0","1","0","1","0","0","0","-2"
"217484","University of Rhode Island","2020","Second major","'99'","Grand total","Bachelor's degree","175","66","109","0","0","0","1","0","1","4","0","4","14","5","9","0","0","0","136","53","83","3","0","3","13","6","7","4","2","2","-2"
"217493","Rhode Island School of Design","2020","First major","'99'","Grand total","Bachelor's degree","479","147","332","1","0","1","82","23","59","16","6","10","43","13","30","0","0","0","155","55","100","26","4","22","12","2","10","144","44","100","-2"
"217493","Rhode Island School of Design","2020","First major","'99'","Grand total","Master's degree","205","65","140","0","0","0","9","2","7","1","1","0","9","3","6","0","0","0","63","18","45","4","2","2","8","4","4","111","35","76","-2"
"217518","Roger Williams University","2020","First major","'99'","Grand total","Associate's degree","39","14","25","1","0","1","0","0","0","12","6","6","5","1","4","1","0","1","14","3","11","0","0","0","6","4","2","0","0","0","-2"
"217518","Roger Williams University","2020","First major","'99'","Grand total","Bachelor's degree","1011","461","550","1","0","1","18","8","10","18","7","11","59","17","42","1","1","0","824","382","442","17","9","8","51","21","30","22","16","6","-2"
"217518","Roger Williams University","2020","First major","'99'","Grand total","Master's degree","137","60","77","0","0","0","2","0","2","1","0","1","11","5","6","0","0","0","102","50","52","6","2","4","10","3","7","5","0","5","-2"
"217536","Salve Regina University","2020","First major","'99'","Grand total","Associate's degree","0","0","0","0","0","0","0","0","0","0","0","0","0","0","0","0","0","0","0","0","0","0","0","0","0","0","0","0","0","0","-2"
"217536","Salve Regina University","2020","First major","'99'","Grand total","Bachelor's degree","444","136","308","1","1","0","4","2","2","7","2","5","20","7","13","0","0","0","373","115","258","13","2","11","17","3","14","9","4","5","-2"
"217536","Salve Regina University","2020","First major","'99'","Grand total","Master's degree","219","78","141","0","0","0","4","2","2","2","0","2","13","8","5","0","0","0","119","40","79","4","1","3","70","23","47","7","4","3","-2"
"217536","Salve Regina University","2020","First major","'99'","Grand total","Doctor's degree - research/scholarship","3","1","2","0","0","0","0","0","0","0","0","0","0","0","0","0","0","0","2","1","1","1","0","1","0","0","0","0","0","0","-2"
"217536","Salve Regina University","2020","First major","'99'","Grand total","Doctor's degree - professional practice","5","0","5","0","0","0","0","0","0","1","0","1","0","0","0","0","0","0","3","0","3","0","0","0","1","0","1","0","0","0","-2"
"217536","Salve Regina University","2020","Second major","'99'","Grand total","Bachelor's degree","68","15","53","0","0","0","0","0","0","1","0","1","1","0","1","0","0","0","60","15","45","1","0","1","5","0","5","0","0","0","-2"
"217606","Northpoint Bible College","2020","First major","'99'","Grand total","Associate's degree","5","1","4","0","0","0","0","0","0","1","0","1","0","0","0","0","0","0","4","1","3","0","0","0","0","0","0","0","0","0","-2"
"217606","Northpoint Bible College","2020","First major","'99'","Grand total","Bachelor's degree","32","19","13","1","1","0","0","0","0","3","3","0","5","2","3","0","0","0","22","13","9","0","0","0","1","0","1","0","0","0","-2"
"217606","Northpoint Bible College","2020","First major","'99'","Grand total","Master's degree","18","16","2","0","0","0","1","1","0","0","0","0","0","0","0","0","0","0","14","12","2","0","0","0","0","0","0","3","3","0","-2"
"217615","Aiken Technical College","2020","First major","'99'","Grand total","Associate's degree","246","92","154","0","0","0","6","4","2","38","12","26","12","1","11","0","0","0","184","72","112","4","3","1","2","0","2","0","0","0","-2"
"217624","Allen University","2020","First major","'99'","Grand total","Bachelor's degree","40","15","25","0","0","0","1","0","1","35","14","21","1","0","1","0","0","0","2","1","1","0","0","0","1","0","1","0","0","0","-2"
"217624","Allen University","2020","First major","'99'","Grand total","Master's degree","5","3","2","0","0","0","0","0","0","5","3","2","0","0","0","0","0","0","0","0","0","0","0","0","0","0","0","0","0","0","-2"
"217633","Anderson University","2020","First major","'99'","Grand total","Bachelor's degree","583","182","401","1","0","1","2","1","1","30","11","19","24","6","18","0","0","0","500","151","349","12","5","7","8","2","6","6","6","0","-2"
"217633","Anderson University","2020","First major","'99'","Grand total","Master's degree","215","82","133","0","0","0","1","0","1","32","17","15","9","4","5","0","0","0","165","55","110","1","0","1","1","1","0","6","5","1","-2"
"217633","Anderson University","2020","First major","'99'","Grand total","Doctor's degree - research/scholarship","9","9","0","0","0","0","0","0","0","4","4","0","0","0","0","0","0","0","5","5","0","0","0","0","0","0","0","0","0","0","-2"
"217633","Anderson University","2020","First major","'99'","Grand total","Doctor's degree - professional practice","13","6","7","0","0","0","0","0","0","2","1","1","1","0","1","0","0","0","10","5","5","0","0","0","0","0","0","0","0","0","-2"
"217633","Anderson University","2020","First major","'99'","Grand total","Doctor's degree - other","0","0","0","0","0","0","0","0","0","0","0","0","0","0","0","0","0","0","0","0","0","0","0","0","0","0","0","0","0","0","-2"
"217633","Anderson University","2020","Second major","'99'","Grand total","Bachelor's degree","28","12","16","0","0","0","0","0","0","0","0","0","3","1","2","0","0","0","24","10","14","0","0","0","0","0","0","1","1","0","-2"
"217633","Anderson University","2020","Second major","'99'","Grand total","Master's degree","1","1","0","0","0","0","0","0","0","0","0","0","0","0","0","0","0","0","1","1","0","0","0","0","0","0","0","0","0","0","-2"
"217688","Charleston Southern University","2020","First major","'99'","Grand total","Bachelor's degree","566","212","354","3","1","2","10","2","8","115","51","64","16","8","8","3","1","2","364","135","229","20","5","15","29","8","21","6","1","5","-2"
"217688","Charleston Southern University","2020","First major","'99'","Grand total","Master's degree","187","74","113","1","0","1","5","1","4","27","10","17","3","0","3","1","0","1","108","46","62","4","1","3","34","13","21","4","3","1","-2"
"217688","Charleston Southern University","2020","First major","'99'","Grand total","Doctor's degree - professional practice","0","0","0","0","0","0","0","0","0","0","0","0","0","0","0","0","0","0","0","0","0","0","0","0","0","0","0","0","0","0","-2"
"217688","Charleston Southern University","2020","Second major","'99'","Grand total","Bachelor's degree","17","7","10","0","0","0","0","0","0","4","1","3","0","0","0","0","0","0","11","5","6","0","0","0","2","1","1","0","0","0","-2"
"217712","Technical College of the Lowcountry","2020","First major","'99'","Grand total","Associate's degree","231","47","184","0","0","0","1","1","0","73","15","58","25","6","19","1","0","1","114","21","93","14","2","12","3","2","1","0","0","0","-2"
"217721","Benedict College","2020","First major","'99'","Grand total","Bachelor's degree","231","93","138","4","0","4","1","0","1","214","87","127","4","2","2","0","0","0","3","1","2","0","0","0","5","3","2","0","0","0","-2"
"217721","Benedict College","2020","First major","'99'","Grand total","Master's degree","5","2","3","0","0","0","0","0","0","5","2","3","0","0","0","0","0","0","0","0","0","0","0","0","0","0","0","0","0","0","-2"
"217749","Bob Jones University","2020","First major","'99'","Grand total","Associate's degree","37","15","22","0","0","0","0","0","0","3","2","1","1","0","1","0","0","0","21","8","13","1","0","1","10","5","5","1","0","1","-2"
"217749","Bob Jones University","2020","First major","'99'","Grand total","Bachelor's degree","535","245","290","2","1","1","11","5","6","5","3","2","29","13","16","1","0","1","418","187","231","14","7","7","15","7","8","40","22","18","-2"
"217749","Bob Jones University","2020","First major","'99'","Grand total","Master's degree","84","46","38","0","0","0","0","0","0","0","0","0","2","1","1","0","0","0","68","38","30","2","1","1","5","2","3","7","4","3","-2"
"217749","Bob Jones University","2020","First major","'99'","Grand total","Doctor's degree - research/scholarship","5","5","0","0","0","0","1","1","0","0","0","0","1","1","0","0","0","0","3","3","0","0","0","0","0","0","0","0","0","0","-2"
"217749","Bob Jones University","2020","First major","'99'","Grand total","Doctor's degree - professional practice","0","0","0","0","0","0","0","0","0","0","0","0","0","0","0","0","0","0","0","0","0","0","0","0","0","0","0","0","0","0","-2"
"217776","Southern Wesleyan University","2020","First major","'99'","Grand total","Associate's degree","27","7","20","0","0","0","0","0","0","5","1","4","1","0","1","0","0","0","20","6","14","1","0","1","0","0","0","0","0","0","-2"
"217776","Southern Wesleyan University","2020","First major","'99'","Grand total","Bachelor's degree","274","100","174","0","0","0","1","1","0","59","20","39","12","7","5","0","0","0","193","66","127","6","3","3","1","1","0","2","2","0","-2"
"217776","Southern Wesleyan University","2020","First major","'99'","Grand total","Master's degree","63","9","54","0","0","0","3","0","3","15","2","13","2","1","1","0","0","0","42","6","36","1","0","1","0","0","0","0","0","0","-2"
"217776","Southern Wesleyan University","2020","First major","'99'","Grand total","Doctor's degree - research/scholarship","0","0","0","0","0","0","0","0","0","0","0","0","0","0","0","0","0","0","0","0","0","0","0","0","0","0","0","0","0","0","-2"
"217776","Southern Wesleyan University","2020","Second major","'99'","Grand total","Bachelor's degree","11","2","9","0","0","0","0","0","0","0","0","0","0","0","0","0","0","0","11","2","9","0","0","0","0","0","0","0","0","0","-2"
"217819","College of Charleston","2020","First major","'99'","Grand total","Bachelor's degree","2228","827","1401","8","3","5","54","15","39","172","50","122","107","32","75","4","1","3","1760","677","1083","77","28","49","31","11","20","15","10","5","-2"
"217819","College of Charleston","2020","First major","'99'","Grand total","Master's degree","185","66","119","0","0","0","2","0","2","9","2","7","4","0","4","0","0","0","158","61","97","4","0","4","3","1","2","5","2","3","-2"
"217819","College of Charleston","2020","Second major","'99'","Grand total","Bachelor's degree","127","30","97","1","0","1","2","0","2","5","1","4","9","0","9","0","0","0","104","27","77","5","2","3","1","0","1","0","0","0","-2"
"217837","Northeastern Technical College","2020","First major","'99'","Grand total","Associate's degree","140","54","86","2","0","2","1","1","0","43","14","29","5","0","5","0","0","0","85","36","49","4","3","1","0","0","0","0","0","0","-2"
"217864","Citadel Military College of South Carolina","2020","First major","'99'","Grand total","Bachelor's degree","650","574","76","2","2","0","10","9","1","36","30","6","47","39","8","1","0","1","519","470","49","22","15","7","6","5","1","7","4","3","-2"
"217864","Citadel Military College of South Carolina","2020","First major","'99'","Grand total","Master's degree","318","149","169","1","0","1","4","3","1","31","12","19","17","8","9","0","0","0","253","122","131","3","0","3","9","4","5","0","0","0","-2"
"217864","Citadel Military College of South Carolina","2020","Second major","'99'","Grand total","Bachelor's degree","23","20","3","0","0","0","0","0","0","1","1","0","0","0","0","0","0","0","21","18","3","1","1","0","0","0","0","0","0","0","-2"
"217873","Claflin University","2020","First major","'99'","Grand total","Bachelor's degree","315","79","236","2","1","1","5","2","3","299","74","225","0","0","0","1","0","1","4","0","4","0","0","0","2","0","2","2","2","0","-2"
"217873","Claflin University","2020","First major","'99'","Grand total","Master's degree","25","5","20","1","0","1","2","1","1","18","3","15","0","0","0","0","0","0","1","0","1","0","0","0","1","0","1","2","1","1","-2"
"217873","Claflin University","2020","Second major","'99'","Grand total","Bachelor's degree","8","2","6","0","0","0","0","0","0","8","2","6","0","0","0","0","0","0","0","0","0","0","0","0","0","0","0","0","0","0","-2"
"217882","Clemson University","2020","First major","'99'","Grand total","Bachelor's degree","4929","2357","2572","12","8","4","134","67","67","262","120","142","213","101","112","2","1","1","4116","1965","2151","144","65","79","9","5","4","37","25","12","-2"
"217882","Clemson University","2020","First major","'99'","Grand total","Master's degree","1668","833","835","4","2","2","32","19","13","92","30","62","61","28","33","0","0","0","1092","483","609","40","12","28","29","12","17","318","247","71","-2"
"217882","Clemson University","2020","First major","'99'","Grand total","Doctor's degree - research/scholarship","249","134","115","0","0","0","3","2","1","7","4","3","5","1","4","0","0","0","124","60","64","4","1","3","5","2","3","101","64","37","-2"
"217882","Clemson University","2020","Second major","'99'","Grand total","Bachelor's degree","69","22","47","0","0","0","1","0","1","1","1","0","2","0","2","0","0","0","62","21","41","3","0","3","0","0","0","0","0","0","-2"
"217891","Clinton College","2020","First major","'99'","Grand total","Associate's degree","19","5","14","0","0","0","0","0","0","19","5","14","0","0","0","0","0","0","0","0","0","0","0","0","0","0","0","0","0","0","-2"
"217891","Clinton College","2020","First major","'99'","Grand total","Bachelor's degree","9","4","5","0","0","0","0","0","0","9","4","5","0","0","0","0","0","0","0","0","0","0","0","0","0","0","0","0","0","0","-2"
"217907","Coker University","2020","First major","'99'","Grand total","Bachelor's degree","218","81","137","0","0","0","1","1","0","73","26","47","1","0","1","0","0","0","119","43","76","11","5","6","0","0","0","13","6","7","-2"
"217907","Coker University","2020","First major","'99'","Grand total","Master's degree","78","35","43","1","0","1","1","1","0","17","7","10","2","1","1","0","0","0","55","25","30","2","1","1","0","0","0","0","0","0","-2"
"217907","Coker University","2020","Second major","'99'","Grand total","Bachelor's degree","9","3","6","0","0","0","0","0","0","1","0","1","0","0","0","0","0","0","8","3","5","0","0","0","0","0","0","0","0","0","-2"
"217925","Columbia International University","2020","First major","'99'","Grand total","Associate's degree","16","15","1","0","0","0","0","0","0","2","2","0","0","0","0","0","0","0","1","1","0","0","0","0","13","12","1","0","0","0","-2"
"217925","Columbia International University","2020","First major","'99'","Grand total","Bachelor's degree","115","48","67","1","1","0","1","1","0","10","1","9","8","5","3","0","0","0","76","27","49","1","1","0","9","5","4","9","7","2","-2"
"217925","Columbia International University","2020","First major","'99'","Grand total","Master's degree","161","88","73","0","0","0","2","1","1","26","12","14","9","4","5","0","0","0","68","38","30","1","0","1","5","3","2","50","30","20","-2"
"217925","Columbia International University","2020","First major","'99'","Grand total","Doctor's degree - research/scholarship","18","13","5","0","0","0","2","2","0","4","3","1","0","0","0","0","0","0","9","5","4","0","0","0","0","0","0","3","3","0","-2"
"217925","Columbia International University","2020","First major","'99'","Grand total","Doctor's degree - professional practice","0","0","0","0","0","0","0","0","0","0","0","0","0","0","0","0","0","0","0","0","0","0","0","0","0","0","0","0","0","0","-2"
"217925","Columbia International University","2020","Second major","'99'","Grand total","Bachelor's degree","58","22","36","0","0","0","0","0","0","1","0","1","4","3","1","0","0","0","46","15","31","1","1","0","6","3","3","0","0","0","-2"
"217934","Columbia College","2020","First major","'99'","Grand total","Associate's degree","5","4","1","0","0","0","0","0","0","0","0","0","0","0","0","0","0","0","0","0","0","0","0","0","5","4","1","0","0","0","-2"
"217934","Columbia College","2020","First major","'99'","Grand total","Bachelor's degree","295","73","222","2","1","1","2","0","2","103","13","90","11","0","11","0","0","0","138","47","91","13","0","13","17","12","5","9","0","9","-2"
"217934","Columbia College","2020","First major","'99'","Grand total","Master's degree","77","22","55","2","2","0","0","0","0","30","5","25","2","0","2","0","0","0","42","15","27","0","0","0","1","0","1","0","0","0","-2"
"217934","Columbia College","2020","Second major","'99'","Grand total","Bachelor's degree","10","1","9","0","0","0","0","0","0","3","0","3","0","0","0","0","0","0","4","1","3","2","0","2","1","0","1","0","0","0","-2"
"217961","Converse College","2020","First major","'99'","Grand total","Bachelor's degree","193","5","188","0","0","0","1","0","1","15","0","15","8","0","8","0","0","0","119","0","119","11","0","11","23","0","23","16","5","11","-2"
"217961","Converse College","2020","First major","'99'","Grand total","Master's degree","97","15","82","0","0","0","1","0","1","11","1","10","0","0","0","0","0","0","80","14","66","3","0","3","2","0","2","0","0","0","-2"
"217961","Converse College","2020","First major","'99'","Grand total","Doctor's degree - research/scholarship","0","0","0","0","0","0","0","0","0","0","0","0","0","0","0","0","0","0","0","0","0","0","0","0","0","0","0","0","0","0","-2"
"217961","Converse College","2020","Second major","'99'","Grand total","Bachelor's degree","19","0","19","0","0","0","0","0","0","1","0","1","0","0","0","0","0","0","12","0","12","2","0","2","3","0","3","1","0","1","-2"
"217989","Denmark Technical College","2020","First major","'99'","Grand total","Associate's degree","17","5","12","0","0","0","0","0","0","17","5","12","0","0","0","0","0","0","0","0","0","0","0","0","0","0","0","0","0","0","-2"
"217998","Erskine College","2020","First major","'99'","Grand total","Bachelor's degree","97","43","54","0","0","0","3","1","2","5","2","3","5","1","4","1","0","1","48","23","25","0","0","0","35","16","19","0","0","0","-2"
"217998","Erskine College","2020","First major","'99'","Grand total","Master's degree","12","9","3","0","0","0","1","1","0","5","2","3","0","0","0","0","0","0","6","6","0","0","0","0","0","0","0","0","0","0","-2"
"217998","Erskine College","2020","First major","'99'","Grand total","Doctor's degree - research/scholarship","22","21","1","0","0","0","0","0","0","2","2","0","0","0","0","0","0","0","18","17","1","0","0","0","2","2","0","0","0","0","-2"
"217998","Erskine College","2020","Second major","'99'","Grand total","Bachelor's degree","6","1","5","0","0","0","0","0","0","1","0","1","0","0","0","0","0","0","3","0","3","0","0","0","2","1","1","0","0","0","-2"
"218025","Florence-Darlington Technical College","2020","First major","'99'","Grand total","Associate's degree","455","160","295","5","0","5","3","0","3","138","41","97","16","5","11","0","0","0","238","85","153","9","4","5","45","25","20","1","0","1","-2"
"218043","Forrest College","2020","First major","'99'","Grand total","Associate's degree","13","4","9","0","0","0","0","0","0","4","1","3","2","1","1","0","0","0","6","2","4","1","0","1","0","0","0","0","0","0","-2"
"218061","Francis Marion University","2020","First major","'99'","Grand total","Bachelor's degree","543","161","382","4","0","4","5","1","4","186","37","149","16","2","14","0","0","0","296","110","186","25","6","19","1","0","1","10","5","5","-2"
"218061","Francis Marion University","2020","First major","'99'","Grand total","Master's degree","118","14","104","0","0","0","2","0","2","41","2","39","1","1","0","0","0","0","73","11","62","1","0","1","0","0","0","0","0","0","-2"
"218061","Francis Marion University","2020","First major","'99'","Grand total","Doctor's degree - professional practice","3","1","2","0","0","0","0","0","0","1","0","1","0","0","0","0","0","0","2","1","1","0","0","0","0","0","0","0","0","0","-2"
"218061","Francis Marion University","2020","Second major","'99'","Grand total","Bachelor's degree","29","11","18","0","0","0","1","0","1","6","1","5","2","1","1","0","0","0","17","7","10","0","0","0","0","0","0","3","2","1","-2"
"218070","Furman University","2020","First major","'99'","Grand total","Bachelor's degree","671","255","416","1","1","0","8","4","4","36","22","14","34","12","22","0","0","0","554","198","356","10","5","5","15","7","8","13","6","7","-2"
"218070","Furman University","2020","First major","'99'","Grand total","Master's degree","43","8","35","0","0","0","2","1","1","4","0","4","1","0","1","0","0","0","33","6","27","1","0","1","1","0","1","1","1","0","-2"
"218070","Furman University","2020","Second major","'99'","Grand total","Bachelor's degree","165","44","121","0","0","0","2","0","2","10","3","7","5","1","4","0","0","0","140","37","103","1","1","0","4","1","3","3","1","2","-2"
"218113","Greenville Technical College","2020","First major","'99'","Grand total","Associate's degree","1254","516","738","3","2","1","30","12","18","200","62","138","120","54","66","2","0","2","812","353","459","53","19","34","34","14","20","0","0","0","-2"
"218113","Greenville Technical College","2020","First major","'99'","Grand total","Bachelor's degree","0","0","0","0","0","0","0","0","0","0","0","0","0","0","0","0","0","0","0","0","0","0","0","0","0","0","0","0","0","0","-2"
"218140","Horry-Georgetown Technical College","2020","First major","'99'","Grand total","Associate's degree","1033","348","685","6","3","3","8","5","3","173","40","133","47","12","35","0","0","0","750","270","480","42","15","27","6","3","3","1","0","1","-2"
"218229","Lander University","2020","First major","'99'","Grand total","Bachelor's degree","500","158","342","3","0","3","6","2","4","119","30","89","12","3","9","0","0","0","329","110","219","12","5","7","11","1","10","8","7","1","-2"
"218229","Lander University","2020","First major","'99'","Grand total","Master's degree","27","8","19","0","0","0","1","0","1","3","1","2","0","0","0","1","0","1","20","6","14","0","0","0","1","0","1","1","1","0","-2"
"218238","Limestone University","2020","First major","'99'","Grand total","Associate's degree","28","12","16","0","0","0","0","0","0","17","5","12","0","0","0","0","0","0","11","7","4","0","0","0","0","0","0","0","0","0","-2"
"218238","Limestone University","2020","First major","'99'","Grand total","Bachelor's degree","400","157","243","2","1","1","4","0","4","151","53","98","14","7","7","0","0","0","211","89","122","0","0","0","3","0","3","15","7","8","-2"
"218238","Limestone University","2020","First major","'99'","Grand total","Master's degree","26","11","15","0","0","0","1","0","1","11","3","8","0","0","0","0","0","0","13","7","6","0","0","0","0","0","0","1","1","0","-2"
"218238","Limestone University","2020","Second major","'99'","Grand total","Bachelor's degree","34","21","13","0","0","0","0","0","0","5","3","2","0","0","0","0","0","0","19","14","5","0","0","0","1","0","1","9","4","5","-2"
"218335","Medical University of South Carolina","2020","First major","'99'","Grand total","Bachelor's degree","213","34","179","0","0","0","6","2","4","17","2","15","9","2","7","0","0","0","161","25","136","7","1","6","13","2","11","0","0","0","-2"
"218335","Medical University of South Carolina","2020","First major","'99'","Grand total","Master's degree","257","73","184","0","0","0","13","3","10","16","4","12","12","1","11","0","0","0","184","53","131","6","1","5","20","7","13","6","4","2","-2"
"218335","Medical University of South Carolina","2020","First major","'99'","Grand total","Doctor's degree - research/scholarship","181","50","131","0","0","0","10","6","4","24","4","20","6","1","5","0","0","0","122","32","90","5","2","3","9","2","7","5","3","2","-2"
"218335","Medical University of South Carolina","2020","First major","'99'","Grand total","Doctor's degree - professional practice","325","157","168","1","0","1","22","10","12","30","10","20","17","7","10","0","0","0","236","118","118","14","9","5","4","2","2","1","1","0","-2"
"218353","Midlands Technical College","2020","First major","'99'","Grand total","Associate's degree","1248","480","768","2","0","2","29","14","15","304","96","208","71","31","40","1","0","1","745","300","445","55","24","31","41","15","26","0","0","0","-2"
"218399","Morris College","2020","First major","'99'","Grand total","Bachelor's degree","108","52","56","0","0","0","0","0","0","102","49","53","0","0","0","0","0","0","1","1","0","0","0","0","5","2","3","0","0","0","-2"
"218414","Newberry College","2020","First major","'99'","Grand total","Bachelor's degree","231","119","112","2","1","1","2","1","1","40","26","14","10","6","4","0","0","0","146","67","79","0","0","0","17","10","7","14","8","6","-2"
"218414","Newberry College","2020","Second major","'99'","Grand total","Bachelor's degree","6","3","3","0","0","0","0","0","0","0","0","0","0","0","0","0","0","0","1","1","0","0","0","0","1","0","1","4","2","2","-2"
"218441","North Greenville University","2020","First major","'99'","Grand total","Bachelor's degree","400","183","217","1","1","0","5","3","2","25","18","7","19","8","11","0","0","0","303","128","175","9","3","6","37","22","15","1","0","1","-2"
"218441","North Greenville University","2020","First major","'99'","Grand total","Master's degree","83","35","48","0","0","0","0","0","0","8","2","6","2","1","1","0","0","0","42","22","20","1","0","1","29","9","20","1","1","0","-2"
"218441","North Greenville University","2020","First major","'99'","Grand total","Doctor's degree - research/scholarship","10","8","2","0","0","0","0","0","0","0","0","0","0","0","0","0","0","0","8","7","1","0","0","0","2","1","1","0","0","0","-2"
"218441","North Greenville University","2020","Second major","'99'","Grand total","Bachelor's degree","3","1","2","0","0","0","0","0","0","1","1","0","1","0","1","0","0","0","1","0","1","0","0","0","0","0","0","0","0","0","-2"
"218487","Orangeburg Calhoun Technical College","2020","First major","'99'","Grand total","Associate's degree","227","72","155","0","0","0","0","0","0","84","22","62","0","0","0","0","0","0","134","45","89","2","0","2","7","5","2","0","0","0","-2"
"218520","Piedmont Technical College","2020","First major","'99'","Grand total","Associate's degree","675","248","427","3","0","3","10","5","5","178","44","134","5","3","2","0","0","0","459","187","272","20","9","11","0","0","0","0","0","0","-2"
"218539","Presbyterian College","2020","First major","'99'","Grand total","Bachelor's degree","210","93","117","0","0","0","0","0","0","21","14","7","6","4","2","0","0","0","153","63","90","15","3","12","2","0","2","13","9","4","-2"
"218539","Presbyterian College","2020","First major","'99'","Grand total","Master's degree","0","0","0","0","0","0","0","0","0","0","0","0","0","0","0","0","0","0","0","0","0","0","0","0","0","0","0","0","0","0","-2"
"218539","Presbyterian College","2020","First major","'99'","Grand total","Doctor's degree - professional practice","46","11","35","0","0","0","4","2","2","8","1","7","0","0","0","0","0","0","33","8","25","1","0","1","0","0","0","0","0","0","-2"
"218539","Presbyterian College","2020","Second major","'99'","Grand total","Bachelor's degree","14","5","9","0","0","0","0","0","0","0","0","0","0","0","0","0","0","0","12","4","8","0","0","0","0","0","0","2","1","1","-2"
"218645","University of South Carolina Aiken","2020","First major","'99'","Grand total","Bachelor's degree","571","186","385","5","4","1","6","2","4","125","33","92","27","10","17","1","0","1","359","115","244","21","6","15","8","4","4","19","12","7","-2"
"218645","University of South Carolina Aiken","2020","First major","'99'","Grand total","Master's degree","70","34","36","0","0","0","0","0","0","10","4","6","2","0","2","0","0","0","48","24","24","2","2","0","7","3","4","1","1","0","-2"
"218645","University of South Carolina Aiken","2020","Second major","'99'","Grand total","Bachelor's degree","1","0","1","0","0","0","0","0","0","0","0","0","0","0","0","0","0","0","1","0","1","0","0","0","0","0","0","0","0","0","-2"
"218654","University of South Carolina Beaufort","2020","First major","'99'","Grand total","Associate's degree","0","0","0","0","0","0","0","0","0","0","0","0","0","0","0","0","0","0","0","0","0","0","0","0","0","0","0","0","0","0","-2"
"218654","University of South Carolina Beaufort","2020","First major","'99'","Grand total","Bachelor's degree","409","109","300","2","0","2","4","1","3","60","7","53","32","6","26","2","0","2","267","81","186","26","7","19","8","2","6","8","5","3","-2"
"218654","University of South Carolina Beaufort","2020","First major","'99'","Grand total","Master's degree","0","0","0","0","0","0","0","0","0","0","0","0","0","0","0","0","0","0","0","0","0","0","0","0","0","0","0","0","0","0","-2"
"218654","University of South Carolina Beaufort","2020","Second major","'99'","Grand total","Bachelor's degree","2","0","2","0","0","0","0","0","0","0","0","0","1","0","1","0","0","0","1","0","1","0","0","0","0","0","0","0","0","0","-2"
"218663","University of South Carolina-Columbia","2020","First major","'99'","Grand total","Associate's degree","4","1","3","0","0","0","0","0","0","2","0","2","2","1","1","0","0","0","0","0","0","0","0","0","0","0","0","0","0","0","-2"
"218663","University of South Carolina-Columbia","2020","First major","'99'","Grand total","Bachelor's degree","6145","2698","3447","12","2","10","186","84","102","487","175","312","279","116","163","7","3","4","4674","2096","2578","242","86","156","50","20","30","208","116","92","-2"
"218663","University of South Carolina-Columbia","2020","First major","'99'","Grand total","Master's degree","1604","534","1070","2","1","1","33","15","18","175","41","134","53","25","28","2","0","2","1146","361","785","49","13","36","24","8","16","120","70","50","-2"
"218663","University of South Carolina-Columbia","2020","First major","'99'","Grand total","Doctor's degree - research/scholarship","438","187","251","0","0","0","8","3","5","31","8","23","10","4","6","0","0","0","242","91","151","9","2","7","7","1","6","131","78","53","-2"
"218663","University of South Carolina-Columbia","2020","First major","'99'","Grand total","Doctor's degree - professional practice","492","228","264","0","0","0","23","11","12","29","9","20","21","9","12","0","0","0","395","188","207","14","3","11","9","7","2","1","1","0","-2"
"218663","University of South Carolina-Columbia","2020","Second major","'99'","Grand total","Bachelor's degree","795","379","416","1","0","1","33","10","23","22","10","12","33","12","21","1","0","1","641","320","321","28","10","18","8","3","5","28","14","14","-2"
"218672","University of South Carolina-Lancaster","2020","First major","'99'","Grand total","Associate's degree","152","45","107","0","0","0","1","0","1","39","8","31","10","4","6","0","0","0","95","31","64","5","1","4","1","0","1","1","1","0","-2"
"218681","University of South Carolina-Salkehatchie","2020","First major","'99'","Grand total","Associate's degree","134","50","84","0","0","0","0","0","0","38","13","25","6","4","2","0","0","0","78","28","50","4","1","3","4","2","2","4","2","2","-2"
"218690","University of South Carolina-Sumter","2020","First major","'99'","Grand total","Associate's degree","164","61","103","0","0","0","4","2","2","42","17","25","13","5","8","0","0","0","86","27","59","11","4","7","3","1","2","5","5","0","-2"
"218706","University of South Carolina-Union","2020","First major","'99'","Grand total","Associate's degree","52","20","32","0","0","0","0","0","0","11","0","11","2","0","2","0","0","0","37","18","19","1","1","0","1","1","0","0","0","0","-2"
"218724","Coastal Carolina University","2020","First major","'99'","Grand total","Bachelor's degree","1986","870","1116","8","3","5","15","4","11","329","160","169","91","35","56","1","0","1","1382","594","788","90","39","51","29","11","18","41","24","17","-2"
"218724","Coastal Carolina University","2020","First major","'99'","Grand total","Master's degree","281","95","186","1","0","1","2","2","0","36","13","23","5","1","4","0","0","0","222","71","151","7","4","3","6","3","3","2","1","1","-2"
"218724","Coastal Carolina University","2020","First major","'99'","Grand total","Doctor's degree - research/scholarship","1","0","1","0","0","0","0","0","0","0","0","0","0","0","0","0","0","0","1","0","1","0","0","0","0","0","0","0","0","0","-2"
"218724","Coastal Carolina University","2020","Second major","'99'","Grand total","Bachelor's degree","35","16","19","0","0","0","0","0","0","7","5","2","1","0","1","0","0","0","27","11","16","0","0","0","0","0","0","0","0","0","-2"
"218733","South Carolina State University","2020","First major","'99'","Grand total","Bachelor's degree","330","147","183","1","0","1","1","0","1","313","143","170","2","0","2","0","0","0","10","3","7","1","0","1","1","0","1","1","1","0","-2"
"218733","South Carolina State University","2020","First major","'99'","Grand total","Master's degree","77","27","50","0","0","0","1","1","0","63","24","39","0","0","0","0","0","0","12","2","10","0","0","0","0","0","0","1","0","1","-2"
"218733","South Carolina State University","2020","First major","'99'","Grand total","Doctor's degree - research/scholarship","17","7","10","0","0","0","0","0","0","17","7","10","0","0","0","0","0","0","0","0","0","0","0","0","0","0","0","0","0","0","-2"
"218742","University of South Carolina-Upstate","2020","First major","'99'","Grand total","Bachelor's degree","1269","407","862","3","0","3","28","14","14","296","74","222","67","22","45","0","0","0","805","270","535","40","14","26","14","5","9","16","8","8","-2"
"218742","University of South Carolina-Upstate","2020","First major","'99'","Grand total","Master's degree","20","1","19","0","0","0","0","0","0","2","0","2","0","0","0","0","0","0","18","1","17","0","0","0","0","0","0","0","0","0","-2"
"218742","University of South Carolina-Upstate","2020","Second major","'99'","Grand total","Bachelor's degree","1","1","0","0","0","0","0","0","0","0","0","0","0","0","0","0","0","0","1","1","0","0","0","0","0","0","0","0","0","0","-2"
"218751","Sherman College of Chiropractic","2020","First major","'99'","Grand total","Doctor's degree - professional practice","92","46","46","0","0","0","4","4","0","2","2","0","23","9","14","0","0","0","58","29","29","0","0","0","2","2","0","3","0","3","-2"
"218821","Spartanburg Methodist College","2020","First major","'99'","Grand total","Associate's degree","209","86","123","0","0","0","2","0","2","61","26","35","21","7","14","0","0","0","118","49","69","5","2","3","1","1","0","1","1","0","-2"
"218821","Spartanburg Methodist College","2020","First major","'99'","Grand total","Bachelor's degree","0","0","0","0","0","0","0","0","0","0","0","0","0","0","0","0","0","0","0","0","0","0","0","0","0","0","0","0","0","0","-2"
"218830","Spartanburg Community College","2020","First major","'99'","Grand total","Associate's degree","552","286","266","2","1","1","22","16","6","95","41","54","55","29","26","0","0","0","353","189","164","19","8","11","6","2","4","0","0","0","-2"
"218858","Central Carolina Technical College","2020","First major","'99'","Grand total","Associate's degree","320","90","230","3","2","1","1","0","1","94","21","73","15","5","10","0","0","0","191","61","130","12","0","12","4","1","3","0","0","0","-2"
"218885","Tri-County Technical College","2020","First major","'99'","Grand total","Associate's degree","831","396","435","3","2","1","10","3","7","65","21","44","52","26","26","1","1","0","666","326","340","23","11","12","11","6","5","0","0","0","-2"
"218894","Trident Technical College","2020","First major","'99'","Grand total","Associate's degree","1323","422","901","8","4","4","39","12","27","275","62","213","36","13","23","10","4","6","845","282","563","52","18","34","58","27","31","0","0","0","-2"
"218919","Voorhees College","2020","First major","'99'","Grand total","Bachelor's degree","87","30","57","0","0","0","0","0","0","84","29","55","1","1","0","0","0","0","0","0","0","0","0","0","0","0","0","2","0","2","-2"
"218955","Williamsburg Technical College","2020","First major","'99'","Grand total","Associate's degree","54","16","38","0","0","0","0","0","0","36","11","25","0","0","0","0","0","0","18","5","13","0","0","0","0","0","0","0","0","0","-2"
"218964","Winthrop University","2020","First major","'99'","Grand total","Bachelor's degree","998","287","711","4","0","4","8","5","3","267","56","211","57","13","44","0","0","0","600","188","412","39","12","27","0","0","0","23","13","10","-2"
"218964","Winthrop University","2020","First major","'99'","Grand total","Master's degree","279","54","225","0","0","0","2","1","1","60","9","51","11","1","10","0","0","0","175","32","143","4","1","3","0","0","0","27","10","17","-2"
"218964","Winthrop University","2020","Second major","'99'","Grand total","Bachelor's degree","5","1","4","0","0","0","0","0","0","0","0","0","1","0","1","0","0","0","4","1","3","0","0","0","0","0","0","0","0","0","-2"
"218973","Wofford College","2020","First major","'99'","Grand total","Bachelor's degree","399","190","209","1","0","1","16","4","12","37","24","13","18","8","10","0","0","0","308","142","166","7","3","4","5","4","1","7","5","2","-2"
"218973","Wofford College","2020","Second major","'99'","Grand total","Bachelor's degree","62","29","33","0","0","0","2","0","2","0","0","0","4","3","1","0","0","0","54","24","30","1","1","0","0","0","0","1","1","0","-2"
"218991","York Technical College","2020","First major","'99'","Grand total","Associate's degree","694","317","377","5","3","2","10","6","4","116","42","74","44","18","26","0","0","0","470","227","243","46","19","27","3","2","1","0","0","0","-2"
"219000","Augustana University","2020","First major","'99'","Grand total","Bachelor's degree","400","131","269","3","0","3","6","3","3","11","3","8","5","1","4","0","0","0","340","109","231","4","2","2","2","0","2","29","13","16","-2"
"219000","Augustana University","2020","First major","'99'","Grand total","Master's degree","160","32","128","1","0","1","0","0","0","1","0","1","18","4","14","1","0","1","131","25","106","5","2","3","3","1","2","0","0","0","-2"
"219000","Augustana University","2020","Second major","'99'","Grand total","Bachelor's degree","130","48","82","0","0","0","2","1","1","7","2","5","2","0","2","0","0","0","104","39","65","0","0","0","0","0","0","15","6","9","-2"
"219046","Black Hills State University","2020","First major","'99'","Grand total","Associate's degree","42","8","34","1","0","1","0","0","0","1","0","1","2","1","1","0","0","0","36","7","29","0","0","0","2","0","2","0","0","0","-2"
"219046","Black Hills State University","2020","First major","'99'","Grand total","Bachelor's degree","406","142","264","8","1","7","0","0","0","4","4","0","16","8","8","0","0","0","352","115","237","23","13","10","1","0","1","2","1","1","-2"
"219046","Black Hills State University","2020","First major","'99'","Grand total","Master's degree","67","24","43","2","1","1","1","0","1","2","1","1","4","0","4","0","0","0","52","22","30","4","0","4","1","0","1","1","0","1","-2"
"219082","Dakota State University","2020","First major","'99'","Grand total","Associate's degree","52","27","25","0","0","0","0","0","0","2","1","1","1","0","1","0","0","0","45","24","21","3","2","1","1","0","1","0","0","0","-2"
"219082","Dakota State University","2020","First major","'99'","Grand total","Bachelor's degree","351","219","132","0","0","0","7","2","5","10","7","3","13","10","3","0","0","0","304","190","114","10","4","6","0","0","0","7","6","1","-2"
"219082","Dakota State University","2020","First major","'99'","Grand total","Master's degree","123","87","36","2","2","0","7","4","3","5","4","1","2","2","0","1","1","0","84","57","27","2","2","0","3","3","0","17","12","5","-2"
"219082","Dakota State University","2020","First major","'99'","Grand total","Doctor's degree - research/scholarship","16","14","2","0","0","0","1","1","0","2","2","0","0","0","0","0","0","0","9","7","2","1","1","0","2","2","0","1","1","0","-2"
"219082","Dakota State University","2020","Second major","'99'","Grand total","Bachelor's degree","17","13","4","0","0","0","0","0","0","0","0","0","0","0","0","0","0","0","17","13","4","0","0","0","0","0","0","0","0","0","-2"
"219091","Dakota Wesleyan University","2020","First major","'99'","Grand total","Associate's degree","1","0","1","0","0","0","0","0","0","0","0","0","0","0","0","0","0","0","1","0","1","0","0","0","0","0","0","0","0","0","-2"
"219091","Dakota Wesleyan University","2020","First major","'99'","Grand total","Bachelor's degree","171","68","103","1","0","1","2","1","1","2","1","1","16","7","9","0","0","0","146","56","90","2","2","0","0","0","0","2","1","1","-2"
"219091","Dakota Wesleyan University","2020","First major","'99'","Grand total","Master's degree","27","17","10","0","0","0","0","0","0","2","2","0","2","1","1","0","0","0","23","14","9","0","0","0","0","0","0","0","0","0","-2"
"219091","Dakota Wesleyan University","2020","Second major","'99'","Grand total","Bachelor's degree","2","0","2","0","0","0","0","0","0","0","0","0","0","0","0","0","0","0","2","0","2","0","0","0","0","0","0","0","0","0","-2"
"219143","Lake Area Technical College","2020","First major","'99'","Grand total","Associate's degree","595","395","200","13","6","7","9","4","5","6","3","3","11","6","5","0","0","0","536","364","172","0","0","0","18","10","8","2","2","0","-2"
"219143","Lake Area Technical College","2020","Second major","'99'","Grand total","Associate's degree","10","8","2","0","0","0","0","0","0","0","0","0","0","0","0","0","0","0","10","8","2","0","0","0","0","0","0","0","0","0","-2"
"219189","Mitchell Technical College","2020","First major","'99'","Grand total","Associate's degree","308","218","90","4","3","1","3","3","0","1","1","0","7","3","4","0","0","0","288","206","82","4","1","3","1","1","0","0","0","0","-2"
"219198","Mount Marty University","2020","First major","'99'","Grand total","Associate's degree","17","16","1","0","0","0","0","0","0","0","0","0","2","2","0","0","0","0","15","14","1","0","0","0","0","0","0","0","0","0","-2"
"219198","Mount Marty University","2020","First major","'99'","Grand total","Bachelor's degree","111","37","74","3","0","3","2","1","1","4","4","0","10","4","6","0","0","0","92","28","64","0","0","0","0","0","0","0","0","0","-2"
"219198","Mount Marty University","2020","First major","'99'","Grand total","Master's degree","25","5","20","1","1","0","0","0","0","1","0","1","1","1","0","0","0","0","20","3","17","0","0","0","2","0","2","0","0","0","-2"
"219198","Mount Marty University","2020","First major","'99'","Grand total","Doctor's degree - professional practice","34","14","20","1","1","0","0","0","0","0","0","0","0","0","0","0","0","0","30","12","18","0","0","0","3","1","2","0","0","0","-2"
"219198","Mount Marty University","2020","Second major","'99'","Grand total","Associate's degree","16","16","0","0","0","0","0","0","0","0","0","0","2","2","0","0","0","0","14","14","0","0","0","0","0","0","0","0","0","0","-2"
"219198","Mount Marty University","2020","Second major","'99'","Grand total","Bachelor's degree","21","6","15","1","0","1","0","0","0","0","0","0","1","1","0","0","0","0","19","5","14","0","0","0","0","0","0","0","0","0","-2"
"219204","National American University-Rapid City","2020","First major","'99'","Grand total","Associate's degree","163","37","126","4","1","3","2","0","2","40","10","30","14","4","10","1","0","1","90","20","70","11","2","9","1","0","1","0","0","0","-2"
"219204","National American University-Rapid City","2020","First major","'99'","Grand total","Bachelor's degree","281","101","180","7","4","3","10","5","5","52","21","31","37","14","23","1","1","0","154","50","104","17","5","12","3","1","2","0","0","0","-2"
"219204","National American University-Rapid City","2020","First major","'99'","Grand total","Master's degree","140","47","93","4","2","2","4","2","2","26","6","20","13","4","9","1","0","1","81","28","53","7","1","6","1","1","0","3","3","0","-2"
"219204","National American University-Rapid City","2020","First major","'99'","Grand total","Doctor's degree - research/scholarship","24","16","8","0","0","0","1","0","1","2","2","0","1","0","1","0","0","0","13","9","4","0","0","0","6","4","2","1","1","0","-2"
"219240","Sioux Falls Seminary","2020","First major","'99'","Grand total","Master's degree","29","18","11","1","1","0","1","1","0","0","0","0","1","0","1","0","0","0","26","16","10","0","0","0","0","0","0","0","0","0","-2"
"219240","Sioux Falls Seminary","2020","First major","'99'","Grand total","Doctor's degree - professional practice","6","5","1","0","0","0","0","0","0","0","0","0","0","0","0","0","0","0","3","3","0","0","0","0","0","0","0","3","2","1","-2"
"219259","Northern State University","2020","First major","'99'","Grand total","Associate's degree","18","6","12","1","0","1","3","0","3","0","0","0","3","1","2","0","0","0","11","5","6","0","0","0","0","0","0","0","0","0","-2"
"219259","Northern State University","2020","First major","'99'","Grand total","Bachelor's degree","251","101","150","4","1","3","1","1","0","5","4","1","8","1","7","0","0","0","208","82","126","11","5","6","0","0","0","14","7","7","-2"
"219259","Northern State University","2020","First major","'99'","Grand total","Master's degree","66","23","43","1","1","0","0","0","0","1","0","1","0","0","0","0","0","0","58","18","40","1","1","0","0","0","0","5","3","2","-2"
"219259","Northern State University","2020","Second major","'99'","Grand total","Bachelor's degree","26","11","15","0","0","0","0","0","0","1","1","0","1","0","1","0","0","0","24","10","14","0","0","0","0","0","0","0","0","0","-2"
"219277","Oglala Lakota College","2020","First major","'99'","Grand total","Associate's degree","107","47","60","100","43","57","0","0","0","0","0","0","0","0","0","0","0","0","7","4","3","0","0","0","0","0","0","0","0","0","-2"
"219277","Oglala Lakota College","2020","First major","'99'","Grand total","Bachelor's degree","64","18","46","60","17","43","0","0","0","0","0","0","0","0","0","0","0","0","4","1","3","0","0","0","0","0","0","0","0","0","-2"
"219277","Oglala Lakota College","2020","First major","'99'","Grand total","Master's degree","3","2","1","3","2","1","0","0","0","0","0","0","0","0","0","0","0","0","0","0","0","0","0","0","0","0","0","0","0","0","-2"
"219295","Presentation College","2020","First major","'99'","Grand total","Associate's degree","10","3","7","0","0","0","0","0","0","0","0","0","1","0","1","0","0","0","8","2","6","0","0","0","0","0","0","1","1","0","-2"
"219295","Presentation College","2020","First major","'99'","Grand total","Bachelor's degree","154","44","110","2","0","2","2","0","2","14","4","10","11","5","6","0","0","0","113","30","83","5","0","5","2","1","1","5","4","1","-2"
"219295","Presentation College","2020","First major","'99'","Grand total","Master's degree","7","0","7","0","0","0","0","0","0","0","0","0","0","0","0","0","0","0","7","0","7","0","0","0","0","0","0","0","0","0","-2"
"219295","Presentation College","2020","Second major","'99'","Grand total","Associate's degree","1","1","0","0","0","0","0","0","0","0","0","0","0","0","0","0","0","0","0","0","0","0","0","0","0","0","0","1","1","0","-2"
"219295","Presentation College","2020","Second major","'99'","Grand total","Bachelor's degree","2","1","1","0","0","0","0","0","0","0","0","0","0","0","0","0","0","0","2","1","1","0","0","0","0","0","0","0","0","0","-2"
"219347","South Dakota School of Mines and Technology","2020","First major","'99'","Grand total","Associate's degree","3","2","1","0","0","0","0","0","0","0","0","0","0","0","0","0","0","0","2","1","1","1","1","0","0","0","0","0","0","0","-2"
"219347","South Dakota School of Mines and Technology","2020","First major","'99'","Grand total","Bachelor's degree","417","315","102","7","5","2","10","7","3","8","7","1","22","17","5","0","0","0","349","262","87","12","10","2","2","2","0","7","5","2","-2"
"219347","South Dakota School of Mines and Technology","2020","First major","'99'","Grand total","Master's degree","86","66","20","3","2","1","3","3","0","4","3","1","3","2","1","1","1","0","56","43","13","2","0","2","0","0","0","14","12","2","-2"
"219347","South Dakota School of Mines and Technology","2020","First major","'99'","Grand total","Doctor's degree - research/scholarship","15","9","6","0","0","0","4","3","1","0","0","0","0","0","0","0","0","0","9","6","3","1","0","1","0","0","0","1","0","1","-2"
"219356","South Dakota State University","2020","First major","'99'","Grand total","Associate's degree","87","45","42","0","0","0","1","0","1","2","1","1","1","1","0","0","0","0","76","41","35","4","1","3","1","0","1","2","1","1","-2"
"219356","South Dakota State University","2020","First major","'99'","Grand total","Bachelor's degree","1933","862","1071","11","1","10","18","8","10","27","16","11","48","20","28","0","0","0","1692","745","947","39","15","24","6","4","2","92","53","39","-2"
"219356","South Dakota State University","2020","First major","'99'","Grand total","Master's degree","379","159","220","7","2","5","5","3","2","9","6","3","2","0","2","0","0","0","269","94","175","9","5","4","3","1","2","75","48","27","-2"
"219356","South Dakota State University","2020","First major","'99'","Grand total","Doctor's degree - research/scholarship","66","41","25","1","0","1","1","1","0","1","1","0","0","0","0","0","0","0","22","9","13","1","1","0","0","0","0","40","29","11","-2"
"219356","South Dakota State University","2020","First major","'99'","Grand total","Doctor's degree - professional practice","99","26","73","0","0","0","1","0","1","2","2","0","0","0","0","0","0","0","93","22","71","0","0","0","0","0","0","3","2","1","-2"
"219356","South Dakota State University","2020","Second major","'99'","Grand total","Bachelor's degree","96","40","56","0","0","0","0","0","0","0","0","0","0","0","0","0","0","0","92","38","54","2","1","1","0","0","0","2","1","1","-2"
"219356","South Dakota State University","2020","Second major","'99'","Grand total","Master's degree","3","3","0","0","0","0","0","0","0","0","0","0","0","0","0","0","0","0","0","0","0","0","0","0","0","0","0","3","3","0","-2"
"219374","Sinte Gleska University","2020","First major","'99'","Grand total","Associate's degree","46","10","36","43","10","33","0","0","0","0","0","0","0","0","0","0","0","0","3","0","3","0","0","0","0","0","0","0","0","0","-2"
"219374","Sinte Gleska University","2020","First major","'99'","Grand total","Bachelor's degree","27","9","18","25","9","16","0","0","0","0","0","0","0","0","0","0","0","0","2","0","2","0","0","0","0","0","0","0","0","0","-2"
"219374","Sinte Gleska University","2020","First major","'99'","Grand total","Master's degree","11","2","9","9","2","7","0","0","0","0","0","0","0","0","0","0","0","0","2","0","2","0","0","0","0","0","0","0","0","0","-2"
"219383","University of Sioux Falls","2020","First major","'99'","Grand total","Associate's degree","5","1","4","0","0","0","0","0","0","0","0","0","0","0","0","0","0","0","5","1","4","0","0","0","0","0","0","0","0","0","-2"
"219383","University of Sioux Falls","2020","First major","'99'","Grand total","Bachelor's degree","330","112","218","0","0","0","6","5","1","13","10","3","18","6","12","0","0","0","272","83","189","5","1","4","16","7","9","0","0","0","-2"
"219383","University of Sioux Falls","2020","First major","'99'","Grand total","Master's degree","163","74","89","0","0","0","3","2","1","3","3","0","5","3","2","0","0","0","146","63","83","0","0","0","6","3","3","0","0","0","-2"
"219383","University of Sioux Falls","2020","Second major","'99'","Grand total","Bachelor's degree","71","28","43","0","0","0","1","1","0","2","0","2","0","0","0","0","0","0","63","24","39","2","1","1","3","2","1","0","0","0","-2"
"219408","Sisseton Wahpeton College","2020","First major","'99'","Grand total","Associate's degree","16","7","9","14","5","9","0","0","0","2","2","0","0","0","0","0","0","0","0","0","0","0","0","0","0","0","0","0","0","0","-2"
"219426","Southeast Technical College","2020","First major","'99'","Grand total","Associate's degree","614","285","329","6","3","3","12","6","6","10","4","6","19","10","9","1","1","0","536","239","297","5","3","2","25","19","6","0","0","0","-2"
"219471","University of South Dakota","2020","First major","'99'","Grand total","Associate's degree","27","11","16","2","0","2","2","0","2","1","0","1","3","1","2","0","0","0","18","10","8","1","0","1","0","0","0","0","0","0","-2"
"219471","University of South Dakota","2020","First major","'99'","Grand total","Bachelor's degree","1313","457","856","18","5","13","16","8","8","32","15","17","43","10","33","0","0","0","1138","394","744","33","12","21","1","0","1","32","13","19","-2"
"219471","University of South Dakota","2020","First major","'99'","Grand total","Master's degree","567","237","330","2","1","1","6","4","2","11","5","6","13","4","9","0","0","0","463","185","278","21","9","12","2","1","1","49","28","21","-2"
"219471","University of South Dakota","2020","First major","'99'","Grand total","Doctor's degree - research/scholarship","53","26","27","1","0","1","1","1","0","2","1","1","1","1","0","0","0","0","43","20","23","0","0","0","0","0","0","5","3","2","-2"
"219471","University of South Dakota","2020","First major","'99'","Grand total","Doctor's degree - professional practice","198","91","107","1","0","1","7","1","6","0","0","0","5","2","3","1","0","1","174","81","93","4","3","1","3","2","1","3","2","1","-2"
"219471","University of South Dakota","2020","Second major","'99'","Grand total","Bachelor's degree","90","35","55","0","0","0","1","1","0","1","1","0","3","0","3","0","0","0","81","32","49","2","0","2","0","0","0","2","1","1","-2"
"219480","Western Dakota Technical College","2020","First major","'99'","Grand total","Associate's degree","202","94","108","18","7","11","5","2","3","4","4","0","15","6","9","0","0","0","159","75","84","1","0","1","0","0","0","0","0","0","-2"
"219505","American Baptist College","2020","First major","'99'","Grand total","Associate's degree","1","1","0","0","0","0","0","0","0","1","1","0","0","0","0","0","0","0","0","0","0","0","0","0","0","0","0","0","0","0","-2"
"219505","American Baptist College","2020","First major","'99'","Grand total","Bachelor's degree","16","11","5","0","0","0","0","0","0","13","9","4","0","0","0","0","0","0","1","0","1","0","0","0","0","0","0","2","2","0","-2"
"219602","Austin Peay State University","2020","First major","'99'","Grand total","Associate's degree","1061","326","735","1","0","1","14","5","9","268","71","197","93","29","64","2","1","1","576","185","391","89","25","64","15","10","5","3","0","3","-2"
"219602","Austin Peay State University","2020","First major","'99'","Grand total","Bachelor's degree","1672","636","1036","4","0","4","28","12","16","324","115","209","107","42","65","2","0","2","1066","409","657","102","38","64","30","17","13","9","3","6","-2"
"219602","Austin Peay State University","2020","First major","'99'","Grand total","Master's degree","434","138","296","0","0","0","7","2","5","49","13","36","22","6","16","2","1","1","296","86","210","17","3","14","10","2","8","31","25","6","-2"
"219602","Austin Peay State University","2020","First major","'99'","Grand total","Doctor's degree - research/scholarship","0","0","0","0","0","0","0","0","0","0","0","0","0","0","0","0","0","0","0","0","0","0","0","0","0","0","0","0","0","0","-2"
"219639","Baptist Health Sciences University","2020","First major","'99'","Grand total","Associate's degree","4","0","4","0","0","0","0","0","0","3","0","3","0","0","0","0","0","0","1","0","1","0","0","0","0","0","0","0","0","0","-2"
"219639","Baptist Health Sciences University","2020","First major","'99'","Grand total","Bachelor's degree","218","19","199","0","0","0","3","0","3","71","3","68","5","0","5","0","0","0","132","16","116","7","0","7","0","0","0","0","0","0","-2"
"219639","Baptist Health Sciences University","2020","First major","'99'","Grand total","Doctor's degree - professional practice","0","0","0","0","0","0","0","0","0","0","0","0","0","0","0","0","0","0","0","0","0","0","0","0","0","0","0","0","0","0","-2"
"219709","Belmont University","2020","First major","'99'","Grand total","Bachelor's degree","1684","549","1135","9","2","7","29","5","24","64","22","42","83","30","53","0","0","0","1391","455","936","74","20","54","18","3","15","16","12","4","-2"
"219709","Belmont University","2020","First major","'99'","Grand total","Master's degree","308","108","200","1","1","0","6","1","5","23","5","18","11","5","6","0","0","0","242","88","154","8","2","6","8","2","6","9","4","5","-2"
"219709","Belmont University","2020","First major","'99'","Grand total","Doctor's degree - professional practice","282","95","187","0","0","0","15","6","9","16","6","10","5","0","5","0","0","0","222","73","149","9","4","5","15","6","9","0","0","0","-2"
"219709","Belmont University","2020","Second major","'99'","Grand total","Bachelor's degree","108","39","69","0","0","0","1","0","1","1","1","0","5","1","4","0","0","0","94","35","59","6","1","5","0","0","0","1","1","0","-2"
"219718","Bethel University","2020","First major","'99'","Grand total","Associate's degree","74","25","49","0","0","0","0","0","0","23","7","16","1","0","1","0","0","0","48","18","30","2","0","2","0","0","0","0","0","0","-2"
"219718","Bethel University","2020","First major","'99'","Grand total","Bachelor's degree","535","272","263","2","2","0","2","1","1","162","59","103","7","1","6","1","1","0","330","189","141","8","3","5","9","3","6","14","13","1","-2"
"219718","Bethel University","2020","First major","'99'","Grand total","Master's degree","246","101","145","1","0","1","2","1","1","86","28","58","5","2","3","0","0","0","142","64","78","4","3","1","4","2","2","2","1","1","-2"
"219790","Bryan College-Dayton","2020","First major","'99'","Grand total","Associate's degree","9","5","4","0","0","0","0","0","0","2","1","1","0","0","0","0","0","0","7","4","3","0","0","0","0","0","0","0","0","0","-2"
"219790","Bryan College-Dayton","2020","First major","'99'","Grand total","Bachelor's degree","221","98","123","3","0","3","2","2","0","8","2","6","7","3","4","1","1","0","175","78","97","7","2","5","8","2","6","10","8","2","-2"
"219790","Bryan College-Dayton","2020","First major","'99'","Grand total","Master's degree","94","43","51","0","0","0","0","0","0","6","1","5","1","1","0","0","0","0","84","40","44","2","0","2","1","1","0","0","0","0","-2"
"219790","Bryan College-Dayton","2020","Second major","'99'","Grand total","Bachelor's degree","6","4","2","0","0","0","0","0","0","0","0","0","0","0","0","0","0","0","6","4","2","0","0","0","0","0","0","0","0","0","-2"
"219806","Carson-Newman University","2020","First major","'99'","Grand total","Associate's degree","21","4","17","0","0","0","0","0","0","3","1","2","0","0","0","0","0","0","18","3","15","0","0","0","0","0","0","0","0","0","-2"
"219806","Carson-Newman University","2020","First major","'99'","Grand total","Bachelor's degree","429","168","261","2","0","2","5","1","4","28","19","9","13","7","6","0","0","0","354","125","229","10","5","5","3","2","1","14","9","5","-2"
"219806","Carson-Newman University","2020","First major","'99'","Grand total","Master's degree","257","72","185","1","0","1","1","1","0","12","5","7","5","2","3","0","0","0","215","51","164","1","1","0","3","1","2","19","11","8","-2"
"219806","Carson-Newman University","2020","First major","'99'","Grand total","Doctor's degree - research/scholarship","56","12","44","0","0","0","0","0","0","3","0","3","0","0","0","0","0","0","49","12","37","2","0","2","2","0","2","0","0","0","-2"
"219806","Carson-Newman University","2020","Second major","'99'","Grand total","Bachelor's degree","42","22","20","0","0","0","1","0","1","2","1","1","3","3","0","0","0","0","35","18","17","1","0","1","0","0","0","0","0","0","-2"
"219824","Chattanooga State Community College","2020","First major","'99'","Grand total","Associate's degree","1161","433","728","3","2","1","16","8","8","89","26","63","60","24","36","1","0","1","929","352","577","55","15","40","2","1","1","6","5","1","-2"
"219833","Christian Brothers University","2020","First major","'99'","Grand total","Associate's degree","10","4","6","0","0","0","0","0","0","7","2","5","0","0","0","0","0","0","2","1","1","0","0","0","1","1","0","0","0","0","-2"
"219833","Christian Brothers University","2020","First major","'99'","Grand total","Bachelor's degree","284","146","138","2","0","2","19","8","11","65","20","45","18","11","7","0","0","0","123","73","50","13","6","7","33","18","15","11","10","1","-2"
"219833","Christian Brothers University","2020","First major","'99'","Grand total","Master's degree","141","60","81","0","0","0","7","5","2","36","10","26","3","2","1","0","0","0","74","29","45","1","1","0","3","2","1","17","11","6","-2"
"219833","Christian Brothers University","2020","Second major","'99'","Grand total","Bachelor's degree","100","47","53","1","0","1","4","1","3","35","9","26","4","0","4","0","0","0","42","29","13","2","1","1","11","6","5","1","1","0","-2"
"219833","Christian Brothers University","2020","Second major","'99'","Grand total","Master's degree","4","3","1","0","0","0","0","0","0","0","0","0","1","0","1","0","0","0","3","3","0","0","0","0","0","0","0","0","0","0","-2"
"219842","Pentecostal Theological Seminary","2020","First major","'99'","Grand total","Master's degree","69","46","23","0","0","0","3","3","0","17","10","7","6","6","0","0","0","0","37","22","15","0","0","0","3","2","1","3","3","0","-2"
"219842","Pentecostal Theological Seminary","2020","First major","'99'","Grand total","Doctor's degree - other","3","3","0","0","0","0","0","0","0","0","0","0","1","1","0","0","0","0","2","2","0","0","0","0","0","0","0","0","0","0","-2"
"219879","Cleveland State Community College","2020","First major","'99'","Grand total","Associate's degree","462","174","288","1","0","1","13","5","8","25","12","13","23","6","17","1","1","0","393","149","244","1","1","0","5","0","5","0","0","0","-2"
"219888","Columbia State Community College","2020","First major","'99'","Grand total","Associate's degree","881","304","577","0","0","0","13","5","8","50","21","29","53","22","31","2","1","1","725","246","479","20","3","17","13","5","8","5","1","4","-2"
"219903","Concorde Career College-Memphis","2020","First major","'99'","Grand total","Associate's degree","142","21","121","0","0","0","4","0","4","68","6","62","2","1","1","0","0","0","27","8","19","0","0","0","41","6","35","0","0","0","-2"
"219949","Cumberland University","2020","First major","'99'","Grand total","Associate's degree","203","82","121","2","0","2","1","0","1","6","1","5","14","8","6","0","0","0","142","56","86","0","0","0","37","16","21","1","1","0","-2"
"219949","Cumberland University","2020","First major","'99'","Grand total","Bachelor's degree","261","105","156","3","2","1","2","0","2","44","21","23","8","5","3","0","0","0","159","60","99","0","0","0","37","15","22","8","2","6","-2"
"219949","Cumberland University","2020","First major","'99'","Grand total","Master's degree","114","49","65","0","0","0","4","2","2","12","6","6","2","0","2","0","0","0","81","33","48","0","0","0","7","4","3","8","4","4","-2"
"219949","Cumberland University","2020","Second major","'99'","Grand total","Bachelor's degree","5","1","4","0","0","0","0","0","0","0","0","0","0","0","0","0","0","0","2","1","1","0","0","0","2","0","2","1","0","1","-2"
"219976","Lipscomb University","2020","First major","'99'","Grand total","Associate's degree","3","0","3","0","0","0","0","0","0","0","0","0","0","0","0","0","0","0","3","0","3","0","0","0","0","0","0","0","0","0","-2"
"219976","Lipscomb University","2020","First major","'99'","Grand total","Bachelor's degree","670","270","400","2","1","1","26","11","15","46","19","27","41","14","27","1","0","1","511","210","301","18","5","13","7","2","5","18","8","10","-2"
"219976","Lipscomb University","2020","First major","'99'","Grand total","Master's degree","562","197","365","2","1","1","25","10","15","84","21","63","17","7","10","1","1","0","407","150","257","8","2","6","11","3","8","7","2","5","-2"
"219976","Lipscomb University","2020","First major","'99'","Grand total","Doctor's degree - research/scholarship","51","14","37","0","0","0","0","0","0","15","1","14","1","0","1","0","0","0","35","13","22","0","0","0","0","0","0","0","0","0","-2"
"219976","Lipscomb University","2020","First major","'99'","Grand total","Doctor's degree - professional practice","77","36","41","1","0","1","6","2","4","9","3","6","3","1","2","0","0","0","54","29","25","3","1","2","1","0","1","0","0","0","-2"
"219976","Lipscomb University","2020","Second major","'99'","Grand total","Bachelor's degree","41","14","27","0","0","0","4","1","3","2","1","1","3","1","2","0","0","0","31","11","20","0","0","0","0","0","0","1","0","1","-2"
"220002","Hussian College-Daymar College Nashville","2020","First major","'99'","Grand total","Associate's degree","17","4","13","0","0","0","0","0","0","7","1","6","0","0","0","0","0","0","8","2","6","1","0","1","0","0","0","1","1","0","-2"
"220002","Hussian College-Daymar College Nashville","2020","First major","'99'","Grand total","Bachelor's degree","0","0","0","0","0","0","0","0","0","0","0","0","0","0","0","0","0","0","0","0","0","0","0","0","0","0","0","0","0","0","-2"
"220057","Dyersburg State Community College","2020","First major","'99'","Grand total","Associate's degree","366","94","272","1","0","1","3","1","2","56","15","41","15","5","10","0","0","0","285","72","213","5","0","5","0","0","0","1","1","0","-2"
"220075","East Tennessee State University","2020","First major","'99'","Grand total","Bachelor's degree","2567","1010","1557","3","2","1","46","20","26","132","58","74","28","16","12","1","1","0","2155","818","1337","83","28","55","32","14","18","87","53","34","-2"
"220075","East Tennessee State University","2020","First major","'99'","Grand total","Master's degree","735","223","512","0","0","0","13","6","7","41","18","23","8","3","5","0","0","0","584","151","433","23","9","14","10","1","9","56","35","21","-2"
"220075","East Tennessee State University","2020","First major","'99'","Grand total","Doctor's degree - research/scholarship","146","61","85","0","0","0","3","3","0","17","9","8","1","0","1","0","0","0","121","47","74","2","2","0","1","0","1","1","0","1","-2"
"220075","East Tennessee State University","2020","First major","'99'","Grand total","Doctor's degree - professional practice","137","66","71","0","0","0","14","9","5","4","1","3","1","0","1","0","0","0","112","54","58","2","0","2","4","2","2","0","0","0","-2"
"220075","East Tennessee State University","2020","Second major","'99'","Grand total","Bachelor's degree","79","31","48","0","0","0","0","0","0","1","0","1","3","1","2","0","0","0","66","27","39","3","0","3","0","0","0","6","3","3","-2"
"220118","Chattanooga College Medical Dental and Technical Careers","2020","First major","'99'","Grand total","Associate's degree","39","4","35","0","0","0","0","0","0","13","3","10","1","0","1","0","0","0","25","1","24","0","0","0","0","0","0","0","0","0","-2"
"220181","Fisk University","2020","First major","'99'","Grand total","Bachelor's degree","70","20","50","1","0","1","1","0","1","59","18","41","2","1","1","0","0","0","0","0","0","4","0","4","3","1","2","0","0","0","-2"
"220181","Fisk University","2020","First major","'99'","Grand total","Master's degree","12","6","6","0","0","0","0","0","0","5","2","3","4","3","1","0","0","0","0","0","0","0","0","0","3","1","2","0","0","0","-2"
"220181","Fisk University","2020","Second major","'99'","Grand total","Bachelor's degree","3","0","3","0","0","0","0","0","0","3","0","3","0","0","0","0","0","0","0","0","0","0","0","0","0","0","0","0","0","0","-2"
"220206","Welch College","2020","First major","'99'","Grand total","Associate's degree","3","1","2","0","0","0","0","0","0","0","0","0","0","0","0","0","0","0","3","1","2","0","0","0","0","0","0","0","0","0","-2"
"220206","Welch College","2020","First major","'99'","Grand total","Bachelor's degree","38","19","19","0","0","0","0","0","0","1","1","0","2","1","1","0","0","0","34","17","17","0","0","0","0","0","0","1","0","1","-2"
"220206","Welch College","2020","First major","'99'","Grand total","Master's degree","7","6","1","0","0","0","0","0","0","0","0","0","1","1","0","0","0","0","6","5","1","0","0","0","0","0","0","0","0","0","-2"
"220206","Welch College","2020","Second major","'99'","Grand total","Bachelor's degree","29","10","19","0","0","0","0","0","0","0","0","0","2","1","1","0","0","0","26","9","17","0","0","0","0","0","0","1","0","1","-2"
"220215","Freed-Hardeman University","2020","First major","'99'","Grand total","Associate's degree","3","1","2","0","0","0","0","0","0","0","0","0","0","0","0","0","0","0","3","1","2","0","0","0","0","0","0","0","0","0","-2"
"220215","Freed-Hardeman University","2020","First major","'99'","Grand total","Bachelor's degree","325","124","201","1","1","0","4","1","3","11","3","8","2","0","2","1","0","1","282","107","175","5","2","3","15","7","8","4","3","1","-2"
"220215","Freed-Hardeman University","2020","First major","'99'","Grand total","Master's degree","140","62","78","1","0","1","1","0","1","42","11","31","0","0","0","0","0","0","74","46","28","0","0","0","22","5","17","0","0","0","-2"
"220215","Freed-Hardeman University","2020","First major","'99'","Grand total","Doctor's degree - research/scholarship","13","1","12","0","0","0","0","0","0","10","1","9","0","0","0","0","0","0","3","0","3","0","0","0","0","0","0","0","0","0","-2"
"220215","Freed-Hardeman University","2020","Second major","'99'","Grand total","Bachelor's degree","17","5","12","0","0","0","1","0","1","0","0","0","0","0","0","0","0","0","15","4","11","0","0","0","1","1","0","0","0","0","-2"
"220400","Jackson State Community College","2020","First major","'99'","Grand total","Associate's degree","620","189","431","2","2","0","10","5","5","91","22","69","24","10","14","0","0","0","476","146","330","17","4","13","0","0","0","0","0","0","-2"
"220464","John A Gupton College","2020","First major","'99'","Grand total","Associate's degree","34","14","20","1","0","1","1","0","1","3","2","1","0","0","0","0","0","0","29","12","17","0","0","0","0","0","0","0","0","0","-2"
"220473","Johnson University","2020","First major","'99'","Grand total","Associate's degree","15","7","8","0","0","0","0","0","0","0","0","0","0","0","0","0","0","0","15","7","8","0","0","0","0","0","0","0","0","0","-2"
"220473","Johnson University","2020","First major","'99'","Grand total","Bachelor's degree","148","79","69","0","0","0","0","0","0","7","3","4","3","3","0","0","0","0","121","67","54","3","1","2","3","1","2","11","4","7","-2"
"220473","Johnson University","2020","First major","'99'","Grand total","Master's degree","104","47","57","0","0","0","0","0","0","3","1","2","2","0","2","0","0","0","85","44","41","0","0","0","2","1","1","12","1","11","-2"
"220473","Johnson University","2020","First major","'99'","Grand total","Doctor's degree - research/scholarship","5","3","2","0","0","0","0","0","0","0","0","0","0","0","0","0","0","0","4","3","1","0","0","0","1","0","1","0","0","0","-2"
"220473","Johnson University","2020","Second major","'99'","Grand total","Bachelor's degree","148","79","69","0","0","0","0","0","0","7","3","4","3","3","0","0","0","0","121","67","54","3","1","2","3","1","2","11","4","7","-2"
"220516","King University","2020","First major","'99'","Grand total","Associate's degree","9","5","4","0","0","0","0","0","0","1","1","0","0","0","0","0","0","0","8","4","4","0","0","0","0","0","0","0","0","0","-2"
"220516","King University","2020","First major","'99'","Grand total","Bachelor's degree","559","185","374","1","1","0","6","2","4","20","10","10","8","3","5","0","0","0","493","151","342","5","1","4","13","8","5","13","9","4","-2"
"220516","King University","2020","First major","'99'","Grand total","Master's degree","203","70","133","1","0","1","3","2","1","13","4","9","5","2","3","1","0","1","170","58","112","1","0","1","5","1","4","4","3","1","-2"
"220516","King University","2020","First major","'99'","Grand total","Doctor's degree - professional practice","5","0","5","0","0","0","0","0","0","0","0","0","0","0","0","0","0","0","5","0","5","0","0","0","0","0","0","0","0","0","-2"
"220516","King University","2020","Second major","'99'","Grand total","Bachelor's degree","9","4","5","0","0","0","0","0","0","0","0","0","1","0","1","0","0","0","6","3","3","0","0","0","0","0","0","2","1","1","-2"
"220552","South College","2020","First major","'99'","Grand total","Associate's degree","555","75","480","0","0","0","12","4","8","151","12","139","28","6","22","0","0","0","345","53","292","14","0","14","5","0","5","0","0","0","-2"
"220552","South College","2020","First major","'99'","Grand total","Bachelor's degree","275","38","237","0","0","0","10","4","6","44","1","43","11","2","9","0","0","0","197","30","167","7","0","7","6","1","5","0","0","0","-2"
"220552","South College","2020","First major","'99'","Grand total","Master's degree","146","44","102","1","0","1","9","1","8","15","1","14","3","0","3","0","0","0","112","39","73","5","3","2","1","0","1","0","0","0","-2"
"220552","South College","2020","First major","'99'","Grand total","Doctor's degree - professional practice","164","65","99","1","0","1","12","7","5","21","7","14","1","1","0","1","0","1","128","50","78","0","0","0","0","0","0","0","0","0","-2"
"220598","Lane College","2020","First major","'99'","Grand total","Associate's degree","1","0","1","0","0","0","0","0","0","1","0","1","0","0","0","0","0","0","0","0","0","0","0","0","0","0","0","0","0","0","-2"
"220598","Lane College","2020","First major","'99'","Grand total","Bachelor's degree","157","75","82","0","0","0","0","0","0","150","71","79","3","2","1","0","0","0","0","0","0","1","0","1","3","2","1","0","0","0","-2"
"220604","Le Moyne-Owen College","2020","First major","'99'","Grand total","Associate's degree","3","1","2","0","0","0","0","0","0","3","1","2","0","0","0","0","0","0","0","0","0","0","0","0","0","0","0","0","0","0","-2"
"220604","Le Moyne-Owen College","2020","First major","'99'","Grand total","Bachelor's degree","114","31","83","0","0","0","0","0","0","109","27","82","2","1","1","0","0","0","0","0","0","0","0","0","0","0","0","3","3","0","-2"
"220613","Lee University","2020","First major","'99'","Grand total","Bachelor's degree","876","332","544","4","4","0","4","0","4","30","15","15","7","3","4","1","1","0","747","275","472","24","8","16","37","15","22","22","11","11","-2"
"220613","Lee University","2020","First major","'99'","Grand total","Master's degree","160","57","103","0","0","0","0","0","0","14","7","7","1","0","1","0","0","0","125","45","80","5","2","3","5","1","4","10","2","8","-2"
"220613","Lee University","2020","Second major","'99'","Grand total","Bachelor's degree","25","2","23","0","0","0","0","0","0","0","0","0","0","0","0","0","0","0","24","2","22","1","0","1","0","0","0","0","0","0","-2"
"220631","Lincoln Memorial University","2020","First major","'99'","Grand total","Associate's degree","199","23","176","1","0","1","1","0","1","14","3","11","1","0","1","0","0","0","178","20","158","0","0","0","4","0","4","0","0","0","-2"
"220631","Lincoln Memorial University","2020","First major","'99'","Grand total","Bachelor's degree","367","104","263","5","1","4","7","3","4","25","11","14","0","0","0","0","0","0","313","80","233","0","0","0","9","4","5","8","5","3","-2"
"220631","Lincoln Memorial University","2020","First major","'99'","Grand total","Master's degree","432","142","290","1","0","1","35","8","27","22","7","15","1","1","0","1","0","1","320","108","212","0","0","0","42","10","32","10","8","2","-2"
"220631","Lincoln Memorial University","2020","First major","'99'","Grand total","Doctor's degree - research/scholarship","45","8","37","0","0","0","0","0","0","2","0","2","0","0","0","0","0","0","33","8","25","0","0","0","10","0","10","0","0","0","-2"
"220631","Lincoln Memorial University","2020","First major","'99'","Grand total","Doctor's degree - professional practice","445","208","237","1","0","1","36","23","13","16","6","10","5","3","2","0","0","0","202","111","91","0","0","0","184","64","120","1","1","0","-2"
"220701","Martin Methodist College","2020","First major","'99'","Grand total","Associate's degree","9","2","7","0","0","0","0","0","0","0","0","0","0","0","0","0","0","0","9","2","7","0","0","0","0","0","0","0","0","0","-2"
"220701","Martin Methodist College","2020","First major","'99'","Grand total","Bachelor's degree","133","53","80","0","0","0","0","0","0","11","5","6","4","1","3","0","0","0","107","40","67","2","1","1","2","1","1","7","5","2","-2"
"220701","Martin Methodist College","2020","First major","'99'","Grand total","Master's degree","11","8","3","0","0","0","0","0","0","0","0","0","0","0","0","0","0","0","11","8","3","0","0","0","0","0","0","0","0","0","-2"
"220701","Martin Methodist College","2020","Second major","'99'","Grand total","Bachelor's degree","1","1","0","0","0","0","0","0","0","0","0","0","0","0","0","0","0","0","1","1","0","0","0","0","0","0","0","0","0","0","-2"
"220710","Maryville College","2020","First major","'99'","Grand total","Bachelor's degree","234","103","131","1","0","1","3","0","3","29","19","10","6","5","1","0","0","0","185","76","109","4","1","3","2","0","2","4","2","2","-2"
"220710","Maryville College","2020","Second major","'99'","Grand total","Bachelor's degree","15","5","10","1","0","1","0","0","0","1","1","0","1","1","0","0","0","0","11","3","8","0","0","0","0","0","0","1","0","1","-2"
"220792","Meharry Medical College","2020","First major","'99'","Grand total","Master's degree","112","33","79","1","0","1","1","1","0","109","31","78","1","1","0","0","0","0","0","0","0","0","0","0","0","0","0","0","0","0","-2"
"220792","Meharry Medical College","2020","First major","'99'","Grand total","Doctor's degree - research/scholarship","7","0","7","0","0","0","0","0","0","6","0","6","1","0","1","0","0","0","0","0","0","0","0","0","0","0","0","0","0","0","-2"
"220792","Meharry Medical College","2020","First major","'99'","Grand total","Doctor's degree - professional practice","142","66","76","1","0","1","7","2","5","112","46","66","9","6","3","0","0","0","13","12","1","0","0","0","0","0","0","0","0","0","-2"
"220862","University of Memphis","2020","First major","'99'","Grand total","Bachelor's degree","3076","1216","1860","10","5","5","120","48","72","968","274","694","170","65","105","3","1","2","1631","735","896","111","47","64","28","16","12","35","25","10","-2"
"220862","University of Memphis","2020","First major","'99'","Grand total","Master's degree","934","336","598","2","1","1","51","25","26","207","42","165","31","12","19","1","0","1","522","193","329","28","11","17","1","0","1","91","52","39","-2"
"220862","University of Memphis","2020","First major","'99'","Grand total","Doctor's degree - research/scholarship","198","96","102","0","0","0","17","12","5","28","8","20","7","4","3","0","0","0","97","41","56","10","6","4","1","1","0","38","24","14","-2"
"220862","University of Memphis","2020","First major","'99'","Grand total","Doctor's degree - professional practice","88","51","37","0","0","0","0","0","0","18","4","14","2","1","1","0","0","0","66","45","21","2","1","1","0","0","0","0","0","0","-2"
"220862","University of Memphis","2020","Second major","'99'","Grand total","Bachelor's degree","115","46","69","0","0","0","10","5","5","20","8","12","10","4","6","0","0","0","70","28","42","4","1","3","1","0","1","0","0","0","-2"
"220871","Memphis Theological Seminary","2020","First major","'99'","Grand total","Master's degree","39","24","15","0","0","0","0","0","0","20","11","9","1","1","0","0","0","0","18","12","6","0","0","0","0","0","0","0","0","0","-2"
"220871","Memphis Theological Seminary","2020","First major","'99'","Grand total","Doctor's degree - other","21","15","6","0","0","0","3","3","0","16","10","6","1","1","0","0","0","0","1","1","0","0","0","0","0","0","0","0","0","0","-2"
"220978","Middle Tennessee State University","2020","First major","'99'","Grand total","Bachelor's degree","4039","1792","2247","12","4","8","146","63","83","697","262","435","222","93","129","2","1","1","2687","1222","1465","129","52","77","4","2","2","140","93","47","-2"
"220978","Middle Tennessee State University","2020","First major","'99'","Grand total","Master's degree","722","286","436","0","0","0","29","12","17","76","23","53","30","12","18","0","0","0","497","189","308","9","4","5","0","0","0","81","46","35","-2"
"220978","Middle Tennessee State University","2020","First major","'99'","Grand total","Doctor's degree - research/scholarship","56","25","31","0","0","0","8","5","3","5","1","4","1","1","0","0","0","0","33","13","20","3","2","1","0","0","0","6","3","3","-2"
"220978","Middle Tennessee State University","2020","Second major","'99'","Grand total","Bachelor's degree","57","24","33","0","0","0","2","1","1","5","1","4","2","2","0","0","0","0","47","20","27","1","0","1","0","0","0","0","0","0","-2"
"220996","Middle Tennessee School of Anesthesia Inc","2020","First major","'99'","Grand total","Doctor's degree - professional practice","69","27","42","0","0","0","7","1","6","6","3","3","2","1","1","1","1","0","51","19","32","2","2","0","0","0","0","0","0","0","-2"
"221096","Motlow State Community College","2020","First major","'99'","Grand total","Associate's degree","1125","395","730","3","1","2","36","11","25","97","35","62","97","30","67","3","2","1","859","306","553","28","9","19","1","0","1","1","1","0","-2"
"221148","Lincoln College of Technology-Nashville","2020","First major","'99'","Grand total","Associate's degree","23","22","1","0","0","0","0","0","0","1","1","0","2","1","1","0","0","0","20","20","0","0","0","0","0","0","0","0","0","0","-2"
"221184","Nashville State Community College","2020","First major","'99'","Grand total","Associate's degree","934","344","590","1","1","0","53","20","33","223","65","158","77","23","54","0","0","0","535","219","316","34","13","21","9","2","7","2","1","1","-2"
"221351","Rhodes College","2020","First major","'99'","Grand total","Bachelor's degree","448","204","244","1","1","0","28","14","14","45","25","20","26","9","17","0","0","0","303","142","161","22","4","18","6","1","5","17","8","9","-2"
"221351","Rhodes College","2020","First major","'99'","Grand total","Master's degree","24","10","14","0","0","0","0","0","0","3","1","2","0","0","0","0","0","0","16","8","8","2","1","1","2","0","2","1","0","1","-2"
"221351","Rhodes College","2020","Second major","'99'","Grand total","Bachelor's degree","37","12","25","0","0","0","2","1","1","0","0","0","1","0","1","0","0","0","28","10","18","4","1","3","1","0","1","1","0","1","-2"
"221397","Roane State Community College","2020","First major","'99'","Grand total","Associate's degree","983","296","687","2","1","1","11","3","8","17","7","10","24","9","15","0","0","0","898","270","628","25","6","19","6","0","6","0","0","0","-2"
"221485","Southwest Tennessee Community College","2020","First major","'99'","Grand total","Associate's degree","960","309","651","0","0","0","28","8","20","502","134","368","65","25","40","1","0","1","329","128","201","25","10","15","4","2","2","6","2","4","-2"
"221519","The University of the South","2020","First major","'99'","Grand total","Bachelor's degree","423","206","217","1","0","1","8","4","4","17","5","12","22","10","12","0","0","0","346","171","175","12","7","5","0","0","0","17","9","8","-2"
"221519","The University of the South","2020","First major","'99'","Grand total","Master's degree","39","23","16","0","0","0","0","0","0","0","0","0","0","0","0","0","0","0","35","21","14","1","0","1","0","0","0","3","2","1","-2"
"221519","The University of the South","2020","First major","'99'","Grand total","Doctor's degree - professional practice","9","8","1","0","0","0","0","0","0","0","0","0","0","0","0","0","0","0","6","5","1","0","0","0","0","0","0","3","3","0","-2"
"221519","The University of the South","2020","Second major","'99'","Grand total","Bachelor's degree","52","27","25","0","0","0","1","0","1","1","0","1","1","1","0","0","0","0","41","22","19","2","0","2","0","0","0","6","4","2","-2"
"221643","Pellissippi State Community College","2020","First major","'99'","Grand total","Associate's degree","1651","755","896","6","2","4","40","19","21","87","45","42","83","37","46","1","1","0","1370","625","745","55","22","33","2","0","2","7","4","3","-2"
"221661","Southern Adventist University","2020","First major","'99'","Grand total","Associate's degree","116","32","84","0","0","0","15","5","10","11","2","9","21","5","16","0","0","0","57","14","43","9","5","4","0","0","0","3","1","2","-2"
"221661","Southern Adventist University","2020","First major","'99'","Grand total","Bachelor's degree","352","141","211","1","0","1","53","24","29","25","9","16","81","26","55","0","0","0","151","59","92","19","9","10","0","0","0","22","14","8","-2"
"221661","Southern Adventist University","2020","First major","'99'","Grand total","Master's degree","120","32","88","0","0","0","6","1","5","21","2","19","12","6","6","0","0","0","75","21","54","3","1","2","0","0","0","3","1","2","-2"
"221661","Southern Adventist University","2020","First major","'99'","Grand total","Doctor's degree - professional practice","10","1","9","0","0","0","1","0","1","1","0","1","0","0","0","0","0","0","8","1","7","0","0","0","0","0","0","0","0","0","-2"
"221661","Southern Adventist University","2020","Second major","'99'","Grand total","Associate's degree","1","0","1","0","0","0","1","0","1","0","0","0","0","0","0","0","0","0","0","0","0","0","0","0","0","0","0","0","0","0","-2"
"221661","Southern Adventist University","2020","Second major","'99'","Grand total","Bachelor's degree","7","4","3","0","0","0","1","1","0","0","0","0","2","1","1","0","0","0","4","2","2","0","0","0","0","0","0","0","0","0","-2"
"221661","Southern Adventist University","2020","Second major","'99'","Grand total","Master's degree","10","3","7","0","0","0","0","0","0","0","0","0","1","1","0","0","0","0","9","2","7","0","0","0","0","0","0","0","0","0","-2"
"221661","Southern Adventist University","2020","Second major","'99'","Grand total","Doctor's degree - professional practice","1","0","1","0","0","0","0","0","0","0","0","0","0","0","0","0","0","0","1","0","1","0","0","0","0","0","0","0","0","0","-2"
"221670","Southern College of Optometry","2020","First major","'99'","Grand total","Doctor's degree - professional practice","129","45","84","0","0","0","19","6","13","6","2","4","1","1","0","0","0","0","99","36","63","4","0","4","0","0","0","0","0","0","-2"
"221731","Tennessee Wesleyan University","2020","First major","'99'","Grand total","Bachelor's degree","278","88","190","0","0","0","1","1","0","23","12","11","6","1","5","0","0","0","208","58","150","6","2","4","18","2","16","16","12","4","-2"
"221731","Tennessee Wesleyan University","2020","First major","'99'","Grand total","Master's degree","26","6","20","0","0","0","0","0","0","0","0","0","0","0","0","0","0","0","26","6","20","0","0","0","0","0","0","0","0","0","-2"
"221731","Tennessee Wesleyan University","2020","Second major","'99'","Grand total","Bachelor's degree","18","13","5","0","0","0","0","0","0","2","1","1","0","0","0","0","0","0","11","7","4","0","0","0","0","0","0","5","5","0","-2"
"221740","The University of Tennessee-Chattanooga","2020","First major","'99'","Grand total","Bachelor's degree","2008","872","1136","5","2","3","47","18","29","136","46","90","87","40","47","0","0","0","1601","704","897","80","28","52","16","3","13","36","31","5","-2"
"221740","The University of Tennessee-Chattanooga","2020","First major","'99'","Grand total","Master's degree","413","172","241","1","0","1","19","5","14","27","15","12","16","7","9","0","0","0","309","124","185","15","7","8","8","3","5","18","11","7","-2"
"221740","The University of Tennessee-Chattanooga","2020","First major","'99'","Grand total","Doctor's degree - research/scholarship","13","6","7","0","0","0","0","0","0","2","1","1","0","0","0","0","0","0","9","5","4","1","0","1","0","0","0","1","0","1","-2"
"221740","The University of Tennessee-Chattanooga","2020","First major","'99'","Grand total","Doctor's degree - professional practice","74","10","64","0","0","0","1","1","0","1","0","1","0","0","0","0","0","0","69","9","60","3","0","3","0","0","0","0","0","0","-2"
"221740","The University of Tennessee-Chattanooga","2020","Second major","'99'","Grand total","Bachelor's degree","53","22","31","1","0","1","1","1","0","1","0","1","3","1","2","0","0","0","45","18","27","2","2","0","0","0","0","0","0","0","-2"
"221740","The University of Tennessee-Chattanooga","2020","Second major","'99'","Grand total","Master's degree","2","2","0","0","0","0","0","0","0","0","0","0","0","0","0","0","0","0","0","0","0","0","0","0","0","0","0","2","2","0","-2"
"221759","The University of Tennessee-Knoxville","2020","First major","'99'","Grand total","Bachelor's degree","5080","2395","2685","8","4","4","210","103","107","250","101","149","187","83","104","5","2","3","4078","1923","2155","147","69","78","109","61","48","86","49","37","-2"
"221759","The University of Tennessee-Knoxville","2020","First major","'99'","Grand total","Master's degree","1626","684","942","5","3","2","50","27","23","100","31","69","61","23","38","0","0","0","1233","525","708","55","15","40","26","10","16","96","50","46","-2"
"221759","The University of Tennessee-Knoxville","2020","First major","'99'","Grand total","Doctor's degree - research/scholarship","439","230","209","1","0","1","9","5","4","24","10","14","15","10","5","1","0","1","235","111","124","9","4","5","21","9","12","124","81","43","-2"
"221759","The University of Tennessee-Knoxville","2020","First major","'99'","Grand total","Doctor's degree - professional practice","197","73","124","3","0","3","1","0","1","11","6","5","15","6","9","1","0","1","145","52","93","9","4","5","11","5","6","1","0","1","-2"
"221759","The University of Tennessee-Knoxville","2020","Second major","'99'","Grand total","Bachelor's degree","213","91","122","0","0","0","7","2","5","14","6","8","11","2","9","0","0","0","161","72","89","14","8","6","4","1","3","2","0","2","-2"
"221768","The University of Tennessee-Martin","2020","First major","'99'","Grand total","Bachelor's degree","1096","418","678","3","1","2","10","6","4","118","47","71","27","10","17","0","0","0","900","336","564","23","11","12","0","0","0","15","7","8","-2"
"221768","The University of Tennessee-Martin","2020","First major","'99'","Grand total","Master's degree","116","31","85","0","0","0","0","0","0","7","1","6","1","0","1","0","0","0","105","28","77","3","2","1","0","0","0","0","0","0","-2"
"221768","The University of Tennessee-Martin","2020","Second major","'99'","Grand total","Bachelor's degree","13","5","8","0","0","0","0","0","0","0","0","0","1","0","1","0","0","0","11","4","7","0","0","0","0","0","0","1","1","0","-2"
"221838","Tennessee State University","2020","First major","'99'","Grand total","Associate's degree","9","1","8","0","0","0","0","0","0","4","0","4","0","0","0","0","0","0","5","1","4","0","0","0","0","0","0","0","0","0","-2"
"221838","Tennessee State University","2020","First major","'99'","Grand total","Bachelor's degree","968","379","589","2","1","1","10","5","5","646","204","442","19","11","8","0","0","0","140","54","86","24","11","13","6","3","3","121","90","31","-2"
"221838","Tennessee State University","2020","First major","'99'","Grand total","Master's degree","354","106","248","0","0","0","4","2","2","135","41","94","6","1","5","0","0","0","133","33","100","13","1","12","4","0","4","59","28","31","-2"
"221838","Tennessee State University","2020","First major","'99'","Grand total","Doctor's degree - research/scholarship","94","40","54","1","0","1","2","1","1","23","6","17","5","2","3","0","0","0","46","24","22","2","0","2","1","0","1","14","7","7","-2"
"221847","Tennessee Technological University","2020","First major","'99'","Grand total","Bachelor's degree","1992","1058","934","2","0","2","40","30","10","66","45","21","60","31","29","0","0","0","1705","873","832","53","27","26","6","5","1","60","47","13","-2"
"221847","Tennessee Technological University","2020","First major","'99'","Grand total","Master's degree","365","160","205","0","0","0","4","1","3","9","5","4","9","2","7","0","0","0","313","131","182","3","0","3","0","0","0","27","21","6","-2"
"221847","Tennessee Technological University","2020","First major","'99'","Grand total","Doctor's degree - research/scholarship","32","21","11","0","0","0","1","0","1","0","0","0","0","0","0","0","0","0","17","9","8","0","0","0","0","0","0","14","12","2","-2"
"221847","Tennessee Technological University","2020","First major","'99'","Grand total","Doctor's degree - other","0","0","0","0","0","0","0","0","0","0","0","0","0","0","0","0","0","0","0","0","0","0","0","0","0","0","0","0","0","0","-2"
"221847","Tennessee Technological University","2020","Second major","'99'","Grand total","Bachelor's degree","1","0","1","0","0","0","0","0","0","0","0","0","0","0","0","0","0","0","1","0","1","0","0","0","0","0","0","0","0","0","-2"
"221892","Trevecca Nazarene University","2020","First major","'99'","Grand total","Associate's degree","35","11","24","2","0","2","0","0","0","9","3","6","2","1","1","0","0","0","21","7","14","0","0","0","1","0","1","0","0","0","-2"
"221892","Trevecca Nazarene University","2020","First major","'99'","Grand total","Bachelor's degree","506","180","326","0","0","0","5","2","3","50","14","36","59","17","42","0","0","0","355","129","226","13","7","6","11","4","7","13","7","6","-2"
"221892","Trevecca Nazarene University","2020","First major","'99'","Grand total","Master's degree","406","104","302","2","1","1","5","1","4","91","17","74","19","6","13","1","1","0","269","71","198","6","2","4","11","4","7","2","1","1","-2"
"221892","Trevecca Nazarene University","2020","First major","'99'","Grand total","Doctor's degree - research/scholarship","134","41","93","1","1","0","1","1","0","64","18","46","5","1","4","0","0","0","57","20","37","4","0","4","2","0","2","0","0","0","-2"
"221892","Trevecca Nazarene University","2020","Second major","'99'","Grand total","Bachelor's degree","13","8","5","0","0","0","0","0","0","0","0","0","2","1","1","0","0","0","8","4","4","0","0","0","0","0","0","3","3","0","-2"
"221908","Northeast State Community College","2020","First major","'99'","Grand total","Associate's degree","991","441","550","2","1","1","15","9","6","19","5","14","20","8","12","2","2","0","901","396","505","29","18","11","1","1","0","2","1","1","-2"
"221953","Tusculum University","2020","First major","'99'","Grand total","Associate's degree","32","6","26","0","0","0","0","0","0","3","1","2","0","0","0","0","0","0","29","5","24","0","0","0","0","0","0","0","0","0","-2"
"221953","Tusculum University","2020","First major","'99'","Grand total","Bachelor's degree","274","128","146","2","1","1","2","1","1","29","17","12","6","3","3","0","0","0","198","78","120","2","2","0","5","3","2","30","23","7","-2"
"221953","Tusculum University","2020","First major","'99'","Grand total","Master's degree","166","52","114","0","0","0","0","0","0","7","4","3","3","2","1","0","0","0","148","42","106","1","0","1","7","4","3","0","0","0","-2"
"221971","Union University","2020","First major","'99'","Grand total","Associate's degree","32","11","21","0","0","0","0","0","0","14","4","10","0","0","0","0","0","0","18","7","11","0","0","0","0","0","0","0","0","0","-2"
"221971","Union University","2020","First major","'99'","Grand total","Bachelor's degree","494","150","344","3","1","2","11","5","6","67","11","56","21","8","13","2","0","2","378","122","256","0","0","0","10","2","8","2","1","1","-2"
"221971","Union University","2020","First major","'99'","Grand total","Master's degree","284","82","202","0","0","0","9","2","7","84","16","68","5","1","4","2","0","2","177","60","117","0","0","0","5","2","3","2","1","1","-2"
"221971","Union University","2020","First major","'99'","Grand total","Doctor's degree - research/scholarship","67","29","38","0","0","0","5","3","2","12","4","8","0","0","0","2","1","1","45","20","25","0","0","0","3","1","2","0","0","0","-2"
"221971","Union University","2020","First major","'99'","Grand total","Doctor's degree - professional practice","51","22","29","0","0","0","3","2","1","4","1","3","2","1","1","0","0","0","41","18","23","0","0","0","1","0","1","0","0","0","-2"
"221999","Vanderbilt University","2020","First major","'99'","Grand total","Bachelor's degree","1692","798","894","9","4","5","236","140","96","165","70","95","175","81","94","2","1","1","835","376","459","89","38","51","65","33","32","116","55","61","-2"
"221999","Vanderbilt University","2020","First major","'99'","Grand total","Master's degree","1512","561","951","1","0","1","78","29","49","88","33","55","57","16","41","0","0","0","996","363","633","42","14","28","16","3","13","234","103","131","-2"
"221999","Vanderbilt University","2020","First major","'99'","Grand total","Doctor's degree - research/scholarship","302","139","163","0","0","0","12","5","7","19","9","10","5","3","2","0","0","0","197","86","111","8","2","6","12","5","7","49","29","20","-2"
"221999","Vanderbilt University","2020","First major","'99'","Grand total","Doctor's degree - professional practice","348","138","210","1","0","1","33","16","17","30","7","23","26","12","14","1","0","1","217","86","131","13","5","8","10","6","4","17","6","11","-2"
"221999","Vanderbilt University","2020","Second major","'99'","Grand total","Bachelor's degree","569","223","346","3","2","1","80","46","34","40","10","30","55","22","33","1","0","1","269","93","176","30","10","20","19","11","8","72","29","43","-2"
"221999","Vanderbilt University","2020","Second major","'99'","Grand total","Master's degree","100","71","29","0","0","0","8","3","5","2","1","1","2","1","1","0","0","0","76","56","20","2","1","1","0","0","0","10","9","1","-2"
"221999","Vanderbilt University","2020","Second major","'99'","Grand total","Doctor's degree - research/scholarship","5","2","3","0","0","0","0","0","0","0","0","0","0","0","0","0","0","0","4","1","3","0","0","0","0","0","0","1","1","0","-2"
"221999","Vanderbilt University","2020","Second major","'99'","Grand total","Doctor's degree - professional practice","12","7","5","0","0","0","1","0","1","0","0","0","0","0","0","0","0","0","9","6","3","1","0","1","1","1","0","0","0","0","-2"
"222053","Volunteer State Community College","2020","First major","'99'","Grand total","Associate's degree","1229","454","775","4","2","2","16","10","6","74","18","56","60","21","39","1","0","1","1013","377","636","35","17","18","25","9","16","1","0","1","-2"
"222062","Walters State Community College","2020","First major","'99'","Grand total","Associate's degree","964","350","614","1","0","1","12","7","5","27","9","18","34","12","22","0","0","0","868","314","554","17","6","11","0","0","0","5","2","3","-2"
"222105","William R Moore College of Technology","2020","First major","'99'","Grand total","Associate's degree","22","21","1","0","0","0","0","0","0","8","8","0","1","1","0","0","0","0","10","9","1","1","1","0","2","2","0","0","0","0","-2"
"222178","Abilene Christian University","2020","First major","'99'","Grand total","Associate's degree","4","0","4","0","0","0","0","0","0","0","0","0","1","0","1","0","0","0","3","0","3","0","0","0","0","0","0","0","0","0","-2"
"222178","Abilene Christian University","2020","First major","'99'","Grand total","Bachelor's degree","771","293","478","3","0","3","9","3","6","48","21","27","123","39","84","0","0","0","524","199","325","41","19","22","3","1","2","20","11","9","-2"
"222178","Abilene Christian University","2020","First major","'99'","Grand total","Master's degree","396","112","284","1","1","0","3","2","1","54","16","38","57","17","40","1","1","0","252","64","188","15","4","11","6","4","2","7","3","4","-2"
"222178","Abilene Christian University","2020","First major","'99'","Grand total","Doctor's degree - research/scholarship","53","7","46","0","0","0","0","0","0","14","1","13","8","1","7","0","0","0","27","4","23","0","0","0","2","0","2","2","1","1","-2"
"222178","Abilene Christian University","2020","First major","'99'","Grand total","Doctor's degree - other","2","2","0","0","0","0","0","0","0","0","0","0","0","0","0","0","0","0","2","2","0","0","0","0","0","0","0","0","0","0","-2"
"222178","Abilene Christian University","2020","Second major","'99'","Grand total","Bachelor's degree","60","31","29","0","0","0","1","0","1","4","4","0","12","3","9","0","0","0","40","21","19","1","1","0","0","0","0","2","2","0","-2"
"222567","Alvin Community College","2020","First major","'99'","Grand total","Associate's degree","985","359","626","7","6","1","58","23","35","103","43","60","345","131","214","1","0","1","421","141","280","0","0","0","23","9","14","27","6","21","-2"
"222576","Amarillo College","2020","First major","'99'","Grand total","Associate's degree","1252","399","853","9","4","5","39","10","29","61","18","43","510","170","340","1","0","1","591","180","411","23","9","14","18","8","10","0","0","0","-2"
"222628","Amberton University","2020","First major","'99'","Grand total","Bachelor's degree","50","20","30","0","0","0","5","2","3","10","3","7","5","2","3","0","0","0","20","7","13","0","0","0","1","0","1","9","6","3","-2"
"222628","Amberton University","2020","First major","'99'","Grand total","Master's degree","314","111","203","2","1","1","25","12","13","77","26","51","33","11","22","0","0","0","140","38","102","0","0","0","6","3","3","31","20","11","-2"
"222822","Angelina College","2020","First major","'99'","Grand total","Associate's degree","433","124","309","2","0","2","5","1","4","48","11","37","114","32","82","1","1","0","244","73","171","16","5","11","0","0","0","3","1","2","-2"
"222831","Angelo State University","2020","First major","'99'","Grand total","Bachelor's degree","1162","473","689","8","3","5","7","1","6","67","38","29","394","134","260","0","0","0","587","263","324","45","19","26","0","0","0","54","15","39","-2"
"222831","Angelo State University","2020","First major","'99'","Grand total","Master's degree","575","178","397","1","0","1","11","3","8","42","13","29","138","44","94","1","0","1","352","105","247","16","7","9","4","1","3","10","5","5","-2"
"222831","Angelo State University","2020","First major","'99'","Grand total","Doctor's degree - professional practice","25","11","14","0","0","0","1","1","0","0","0","0","1","1","0","0","0","0","22","8","14","1","1","0","0","0","0","0","0","0","-2"
"222831","Angelo State University","2020","Second major","'99'","Grand total","Bachelor's degree","33","18","15","0","0","0","0","0","0","3","2","1","9","2","7","0","0","0","20","14","6","0","0","0","0","0","0","1","0","1","-2"
"222877","Arlington Baptist University","2020","First major","'99'","Grand total","Bachelor's degree","30","17","13","0","0","0","0","0","0","8","5","3","3","1","2","0","0","0","19","11","8","0","0","0","0","0","0","0","0","0","-2"
"222877","Arlington Baptist University","2020","First major","'99'","Grand total","Master's degree","3","2","1","0","0","0","0","0","0","0","0","0","1","1","0","0","0","0","2","1","1","0","0","0","0","0","0","0","0","0","-2"
"222938","The Art Institute of Houston","2020","First major","'99'","Grand total","Associate's degree","52","22","30","0","0","0","0","0","0","15","5","10","19","11","8","1","0","1","14","5","9","0","0","0","0","0","0","3","1","2","-2"
"222938","The Art Institute of Houston","2020","First major","'99'","Grand total","Bachelor's degree","116","59","57","2","2","0","4","4","0","36","18","18","42","20","22","0","0","0","22","11","11","0","0","0","1","0","1","9","4","5","-2"
"222983","Austin College","2020","First major","'99'","Grand total","Bachelor's degree","274","132","142","3","3","0","40","16","24","32","11","21","51","28","23","1","0","1","130","63","67","12","8","4","2","1","1","3","2","1","-2"
"222983","Austin College","2020","First major","'99'","Grand total","Master's degree","20","4","16","0","0","0","1","1","0","1","1","0","5","0","5","0","0","0","13","2","11","0","0","0","0","0","0","0","0","0","-2"
"222983","Austin College","2020","Second major","'99'","Grand total","Bachelor's degree","65","25","40","1","1","0","6","2","4","2","1","1","12","4","8","0","0","0","38","14","24","5","3","2","0","0","0","1","0","1","-2"
"222992","Austin Community College District","2020","First major","'99'","Grand total","Associate's degree","4328","1858","2470","27","9","18","265","109","156","306","129","177","1568","637","931","6","4","2","1846","841","1005","186","78","108","39","16","23","85","35","50","-2"
"222992","Austin Community College District","2020","First major","'99'","Grand total","Bachelor's degree","23","2","21","0","0","0","1","0","1","3","1","2","3","0","3","0","0","0","14","1","13","0","0","0","2","0","2","0","0","0","-2"
"223001","Austin Presbyterian Theological Seminary","2020","First major","'99'","Grand total","Master's degree","33","14","19","0","0","0","1","1","0","2","1","1","0","0","0","0","0","0","28","11","17","0","0","0","0","0","0","2","1","1","-2"
"223001","Austin Presbyterian Theological Seminary","2020","First major","'99'","Grand total","Doctor's degree - professional practice","3","1","2","0","0","0","0","0","0","0","0","0","0","0","0","0","0","0","3","1","2","0","0","0","0","0","0","0","0","0","-2"
"223083","Baptist Health System School of Health Professions","2020","First major","'99'","Grand total","Associate's degree","293","53","240","1","0","1","6","1","5","21","6","15","156","30","126","3","1","2","81","11","70","23","2","21","2","2","0","0","0","0","-2"
"223083","Baptist Health System School of Health Professions","2020","First major","'99'","Grand total","Bachelor's degree","35","6","29","0","0","0","1","0","1","3","1","2","18","3","15","0","0","0","8","2","6","5","0","5","0","0","0","0","0","0","-2"
"223083","Baptist Health System School of Health Professions","2020","First major","'99'","Grand total","Master's degree","5","0","5","0","0","0","0","0","0","1","0","1","2","0","2","0","0","0","2","0","2","0","0","0","0","0","0","0","0","0","-2"
"223117","Baptist Missionary Association Theological Seminary","2020","First major","'99'","Grand total","Associate's degree","3","3","0","0","0","0","0","0","0","0","0","0","1","1","0","0","0","0","2","2","0","0","0","0","0","0","0","0","0","0","-2"
"223117","Baptist Missionary Association Theological Seminary","2020","First major","'99'","Grand total","Bachelor's degree","4","4","0","0","0","0","0","0","0","0","0","0","0","0","0","0","0","0","2","2","0","0","0","0","0","0","0","2","2","0","-2"
"223117","Baptist Missionary Association Theological Seminary","2020","First major","'99'","Grand total","Master's degree","21","19","2","1","1","0","1","0","1","3","3","0","0","0","0","0","0","0","13","13","0","0","0","0","0","0","0","3","2","1","-2"
"223223","Baylor College of Medicine","2020","First major","'99'","Grand total","Master's degree","79","21","58","0","0","0","9","3","6","2","1","1","2","1","1","0","0","0","62","15","47","1","0","1","1","1","0","2","0","2","-2"
"223223","Baylor College of Medicine","2020","First major","'99'","Grand total","Doctor's degree - research/scholarship","94","50","44","0","0","0","12","7","5","7","4","3","8","5","3","1","0","1","43","24","19","0","0","0","1","0","1","22","10","12","-2"
"223223","Baylor College of Medicine","2020","First major","'99'","Grand total","Doctor's degree - professional practice","193","88","105","1","1","0","59","28","31","11","5","6","24","16","8","0","0","0","96","38","58","1","0","1","1","0","1","0","0","0","-2"
"223232","Baylor University","2020","First major","'99'","Grand total","Bachelor's degree","3395","1328","2067","13","5","8","171","79","92","212","71","141","529","187","342","2","0","2","2186","860","1326","161","68","93","12","4","8","109","54","55","-2"
"223232","Baylor University","2020","First major","'99'","Grand total","Master's degree","919","403","516","5","2","3","31","11","20","48","21","27","80","26","54","0","0","0","647","293","354","40","18","22","29","8","21","39","24","15","-2"
"223232","Baylor University","2020","First major","'99'","Grand total","Doctor's degree - research/scholarship","158","90","68","0","0","0","6","2","4","7","4","3","11","6","5","0","0","0","105","63","42","7","2","5","5","4","1","17","9","8","-2"
"223232","Baylor University","2020","First major","'99'","Grand total","Doctor's degree - professional practice","265","122","143","4","2","2","13","6","7","8","1","7","44","18","26","0","0","0","179","85","94","11","5","6","4","3","1","2","2","0","-2"
"223232","Baylor University","2020","Second major","'99'","Grand total","Bachelor's degree","414","213","201","2","1","1","17","6","11","10","1","9","45","22","23","0","0","0","295","159","136","20","14","6","3","2","1","22","8","14","-2"
"223320","Coastal Bend College","2020","First major","'99'","Grand total","Associate's degree","423","131","292","1","0","1","2","1","1","14","8","6","305","90","215","0","0","0","86","26","60","11","4","7","4","2","2","0","0","0","-2"
"223427","Blinn College","2020","First major","'99'","Grand total","Associate's degree","2331","961","1370","11","5","6","56","29","27","150","61","89","499","196","303","3","1","2","1504","612","892","62","28","34","21","9","12","25","20","5","-2"
"223463","Remington College-Dallas Campus","2020","First major","'99'","Grand total","Associate's degree","72","17","55","0","0","0","0","0","0","24","4","20","33","7","26","0","0","0","14","6","8","1","0","1","0","0","0","0","0","0","-2"
"223463","Remington College-Dallas Campus","2020","First major","'99'","Grand total","Bachelor's degree","5","3","2","0","0","0","0","0","0","1","0","1","3","2","1","0","0","0","1","1","0","0","0","0","0","0","0","0","0","0","-2"
"223472","Vet Tech Institute of Houston","2020","First major","'99'","Grand total","Associate's degree","120","7","113","0","0","0","1","0","1","8","2","6","43","2","41","0","0","0","47","2","45","10","0","10","11","1","10","0","0","0","-2"
"223506","Brazosport College","2020","First major","'99'","Grand total","Associate's degree","522","215","307","1","1","0","6","3","3","33","11","22","217","84","133","0","0","0","241","109","132","14","2","12","8","4","4","2","1","1","-2"
"223506","Brazosport College","2020","First major","'99'","Grand total","Bachelor's degree","36","13","23","1","1","0","0","0","0","5","1","4","12","4","8","0","0","0","17","6","11","1","1","0","0","0","0","0","0","0","-2"
"223816","Central Texas College","2020","First major","'99'","Grand total","Associate's degree","1545","607","938","9","3","6","52","24","28","426","162","264","409","141","268","24","4","20","495","214","281","88","39","49","34","17","17","8","3","5","-2"
"223898","Cisco College","2020","First major","'99'","Grand total","Associate's degree","449","150","299","2","1","1","5","1","4","60","36","24","108","26","82","1","0","1","251","77","174","20","7","13","0","0","0","2","2","0","-2"
"223922","Clarendon College","2020","First major","'99'","Grand total","Associate's degree","186","73","113","1","1","0","1","0","1","21","10","11","41","13","28","0","0","0","97","38","59","0","0","0","19","6","13","6","5","1","-2"
"224004","Concordia University Texas","2020","First major","'99'","Grand total","Bachelor's degree","472","130","342","3","1","2","22","5","17","37","15","22","141","38","103","0","0","0","231","63","168","19","4","15","19","4","15","0","0","0","-2"
"224004","Concordia University Texas","2020","First major","'99'","Grand total","Master's degree","357","124","233","1","0","1","6","1","5","87","32","55","100","40","60","1","1","0","147","47","100","6","1","5","9","2","7","0","0","0","-2"
"224004","Concordia University Texas","2020","First major","'99'","Grand total","Doctor's degree - research/scholarship","19","4","15","0","0","0","0","0","0","0","0","0","16","2","14","0","0","0","3","2","1","0","0","0","0","0","0","0","0","0","-2"
"224004","Concordia University Texas","2020","Second major","'99'","Grand total","Bachelor's degree","11","3","8","0","0","0","0","0","0","0","0","0","3","1","2","0","0","0","8","2","6","0","0","0","0","0","0","0","0","0","-2"
"224110","North Central Texas College","2020","First major","'99'","Grand total","Associate's degree","994","375","619","5","2","3","20","8","12","60","14","46","230","83","147","3","1","2","616","239","377","31","15","16","1","1","0","28","12","16","-2"
"224147","Texas A & M University-Corpus Christi","2020","First major","'99'","Grand total","Bachelor's degree","1915","717","1198","4","1","3","43","18","25","107","48","59","926","311","615","0","0","0","718","280","438","43","16","27","13","5","8","61","38","23","-2"
"224147","Texas A & M University-Corpus Christi","2020","First major","'99'","Grand total","Master's degree","719","284","435","0","0","0","42","22","20","52","17","35","229","80","149","0","0","0","319","119","200","15","5","10","3","2","1","59","39","20","-2"
"224147","Texas A & M University-Corpus Christi","2020","First major","'99'","Grand total","Doctor's degree - research/scholarship","31","11","20","1","1","0","0","0","0","0","0","0","7","2","5","0","0","0","11","4","7","0","0","0","2","1","1","10","3","7","-2"
"224147","Texas A & M University-Corpus Christi","2020","First major","'99'","Grand total","Doctor's degree - professional practice","8","2","6","0","0","0","0","0","0","0","0","0","3","2","1","0","0","0","5","0","5","0","0","0","0","0","0","0","0","0","-2"
"224147","Texas A & M University-Corpus Christi","2020","Second major","'99'","Grand total","Bachelor's degree","17","6","11","0","0","0","0","0","0","1","1","0","5","1","4","0","0","0","6","1","5","0","0","0","0","0","0","5","3","2","-2"
"224226","Dallas Baptist University","2020","First major","'99'","Grand total","Associate's degree","15","1","14","0","0","0","0","0","0","0","0","0","4","1","3","0","0","0","10","0","10","1","0","1","0","0","0","0","0","0","-2"
"224226","Dallas Baptist University","2020","First major","'99'","Grand total","Bachelor's degree","639","300","339","5","4","1","12","6","6","45","18","27","107","49","58","1","1","0","419","197","222","3","1","2","0","0","0","47","24","23","-2"
"224226","Dallas Baptist University","2020","First major","'99'","Grand total","Master's degree","506","184","322","2","1","1","10","6","4","100","35","65","55","17","38","1","0","1","217","78","139","0","0","0","0","0","0","121","47","74","-2"
"224226","Dallas Baptist University","2020","First major","'99'","Grand total","Doctor's degree - research/scholarship","45","22","23","0","0","0","1","0","1","8","4","4","6","4","2","0","0","0","29","13","16","0","0","0","0","0","0","1","1","0","-2"
"224226","Dallas Baptist University","2020","Second major","'99'","Grand total","Bachelor's degree","19","8","11","1","0","1","0","0","0","1","0","1","4","1","3","0","0","0","12","6","6","0","0","0","0","0","0","1","1","0","-2"
"224244","Dallas Christian College","2020","First major","'99'","Grand total","Associate's degree","1","1","0","0","0","0","0","0","0","0","0","0","0","0","0","0","0","0","1","1","0","0","0","0","0","0","0","0","0","0","-2"
"224244","Dallas Christian College","2020","First major","'99'","Grand total","Bachelor's degree","39","24","15","0","0","0","1","1","0","13","8","5","8","3","5","0","0","0","16","11","5","1","1","0","0","0","0","0","0","0","-2"
"224244","Dallas Christian College","2020","Second major","'99'","Grand total","Bachelor's degree","14","9","5","0","0","0","1","1","0","5","4","1","2","0","2","0","0","0","6","4","2","0","0","0","0","0","0","0","0","0","-2"
"224271","Dallas Institute of Funeral Service","2020","First major","'99'","Grand total","Associate's degree","88","29","59","2","1","1","1","1","0","15","6","9","17","5","12","0","0","0","49","15","34","3","1","2","1","0","1","0","0","0","-2"
"224305","Dallas Theological Seminary","2020","First major","'99'","Grand total","Master's degree","440","262","178","2","1","1","42","25","17","49","30","19","24","14","10","1","1","0","261","158","103","14","8","6","17","8","9","30","17","13","-2"
"224305","Dallas Theological Seminary","2020","First major","'99'","Grand total","Doctor's degree - research/scholarship","39","31","8","0","0","0","4","4","0","4","4","0","3","3","0","0","0","0","23","17","6","0","0","0","0","0","0","5","3","2","-2"
"224323","University of Dallas","2020","First major","'99'","Grand total","Bachelor's degree","320","151","169","0","0","0","19","10","9","3","3","0","66","27","39","1","0","1","200","94","106","13","5","8","4","2","2","14","10","4","-2"
"224323","University of Dallas","2020","First major","'99'","Grand total","Master's degree","357","199","158","0","0","0","27","16","11","76","41","35","54","22","32","1","1","0","144","90","54","3","2","1","1","0","1","51","27","24","-2"
"224323","University of Dallas","2020","First major","'99'","Grand total","Doctor's degree - research/scholarship","7","5","2","0","0","0","0","0","0","0","0","0","1","1","0","0","0","0","6","4","2","0","0","0","0","0","0","0","0","0","-2"
"224323","University of Dallas","2020","Second major","'99'","Grand total","Bachelor's degree","16","7","9","0","0","0","1","1","0","0","0","0","1","1","0","0","0","0","13","4","9","0","0","0","0","0","0","1","1","0","-2"
"224350","Del Mar College","2020","First major","'99'","Grand total","Associate's degree","1174","502","672","4","3","1","31","14","17","44","22","22","753","322","431","3","2","1","307","127","180","19","8","11","8","2","6","5","2","3","-2"
"224527","East Texas Baptist University","2020","First major","'99'","Grand total","Bachelor's degree","277","112","165","1","1","0","2","0","2","34","17","17","19","5","14","0","0","0","208","83","125","10","4","6","0","0","0","3","2","1","-2"
"224527","East Texas Baptist University","2020","First major","'99'","Grand total","Master's degree","54","28","26","0","0","0","0","0","0","18","9","9","1","0","1","0","0","0","34","18","16","1","1","0","0","0","0","0","0","0","-2"
"224527","East Texas Baptist University","2020","Second major","'99'","Grand total","Bachelor's degree","7","5","2","0","0","0","0","0","0","0","0","0","1","1","0","0","0","0","6","4","2","0","0","0","0","0","0","0","0","0","-2"
"224527","East Texas Baptist University","2020","Second major","'99'","Grand total","Master's degree","1","0","1","0","0","0","0","0","0","0","0","0","0","0","0","0","0","0","1","0","1","0","0","0","0","0","0","0","0","0","-2"
"224545","Texas A&M University-Texarkana","2020","First major","'99'","Grand total","Bachelor's degree","425","132","293","2","0","2","6","2","4","62","9","53","76","21","55","1","1","0","230","79","151","19","8","11","23","7","16","6","5","1","-2"
"224545","Texas A&M University-Texarkana","2020","First major","'99'","Grand total","Master's degree","97","27","70","0","0","0","2","2","0","9","3","6","9","4","5","0","0","0","72","17","55","3","0","3","1","1","0","1","0","1","-2"
"224545","Texas A&M University-Texarkana","2020","First major","'99'","Grand total","Doctor's degree - research/scholarship","7","0","7","0","0","0","0","0","0","1","0","1","0","0","0","0","0","0","6","0","6","0","0","0","0","0","0","0","0","0","-2"
"224554","Texas A & M University-Commerce","2020","First major","'99'","Grand total","Bachelor's degree","1779","652","1127","12","4","8","44","25","19","301","107","194","396","136","260","0","0","0","874","319","555","107","35","72","13","7","6","32","19","13","-2"
"224554","Texas A & M University-Commerce","2020","First major","'99'","Grand total","Master's degree","1288","444","844","6","2","4","78","28","50","207","60","147","204","68","136","1","0","1","589","192","397","58","18","40","22","8","14","123","68","55","-2"
"224554","Texas A & M University-Commerce","2020","First major","'99'","Grand total","Doctor's degree - research/scholarship","70","16","54","0","0","0","3","0","3","21","3","18","9","0","9","0","0","0","35","12","23","0","0","0","0","0","0","2","1","1","-2"
"224554","Texas A & M University-Commerce","2020","Second major","'99'","Grand total","Bachelor's degree","93","50","43","1","0","1","6","4","2","16","6","10","24","14","10","0","0","0","30","19","11","11","3","8","1","1","0","4","3","1","-2"
"224554","Texas A & M University-Commerce","2020","Second major","'99'","Grand total","Master's degree","1","1","0","0","0","0","0","0","0","0","0","0","0","0","0","0","0","0","1","1","0","0","0","0","0","0","0","0","0","0","-2"
"224615","Dallas College","2020","First major","'99'","Grand total","Associate's degree","7976","3037","4939","25","7","18","1140","532","608","1524","482","1042","3348","1187","2161","12","7","5","1437","630","807","106","45","61","341","120","221","43","27","16","-2"
"224642","El Paso Community College","2020","First major","'99'","Grand total","Associate's degree","3469","1285","2184","6","2","4","23","13","10","55","17","38","2986","1089","1897","2","1","1","270","117","153","8","3","5","55","22","33","64","21","43","-2"
"224660","Western Technical College","2020","First major","'99'","Grand total","Associate's degree","122","105","17","0","0","0","1","1","0","12","9","3","70","62","8","2","1","1","25","22","3","10","8","2","2","2","0","0","0","0","-2"
"224660","Western Technical College","2020","First major","'99'","Grand total","Bachelor's degree","5","1","4","0","0","0","0","0","0","1","0","1","4","1","3","0","0","0","0","0","0","0","0","0","0","0","0","0","0","0","-2"
"224679","Western Technical College","2020","First major","'99'","Grand total","Associate's degree","249","238","11","1","1","0","1","1","0","14","14","0","187","177","10","0","0","0","38","37","1","7","7","0","1","1","0","0","0","0","-2"
"224679","Western Technical College","2020","First major","'99'","Grand total","Bachelor's degree","9","3","6","0","0","0","0","0","0","1","1","0","8","2","6","0","0","0","0","0","0","0","0","0","0","0","0","0","0","0","-2"
"224712","Episcopal Theological Seminary of the Southwest","2020","First major","'99'","Grand total","Master's degree","24","8","16","0","0","0","2","2","0","1","0","1","2","0","2","0","0","0","19","6","13","0","0","0","0","0","0","0","0","0","-2"
"224776","Miami International University of Art & Design-Art Institute Dallas","2020","First major","'99'","Grand total","Associate's degree","43","15","28","0","0","0","0","0","0","14","4","10","8","4","4","1","0","1","16","4","12","0","0","0","2","2","0","2","1","1","-2"
"224776","Miami International University of Art & Design-Art Institute Dallas","2020","First major","'99'","Grand total","Bachelor's degree","76","36","40","0","0","0","4","2","2","13","5","8","15","7","8","1","0","1","32","19","13","0","0","0","9","3","6","2","0","2","-2"
"224776","Miami International University of Art & Design-Art Institute Dallas","2020","First major","'99'","Grand total","Master's degree","4","1","3","0","0","0","0","0","0","0","0","0","0","0","0","0","0","0","0","0","0","0","0","0","0","0","0","4","1","3","-2"
"224891","Frank Phillips College","2020","First major","'99'","Grand total","Associate's degree","118","46","72","3","1","2","0","0","0","5","2","3","48","17","31","0","0","0","60","24","36","0","0","0","1","1","0","1","1","0","-2"
"224961","Galveston College","2020","First major","'99'","Grand total","Associate's degree","255","67","188","2","1","1","14","4","10","38","6","32","100","25","75","0","0","0","91","28","63","3","1","2","4","1","3","3","1","2","-2"
"224961","Galveston College","2020","First major","'99'","Grand total","Bachelor's degree","0","0","0","0","0","0","0","0","0","0","0","0","0","0","0","0","0","0","0","0","0","0","0","0","0","0","0","0","0","0","-2"
"225070","Grayson College","2020","First major","'99'","Grand total","Associate's degree","633","228","405","38","14","24","11","3","8","52","13","39","69","24","45","1","0","1","445","168","277","0","0","0","5","1","4","12","5","7","-2"
"225070","Grayson College","2020","First major","'99'","Grand total","Bachelor's degree","0","0","0","0","0","0","0","0","0","0","0","0","0","0","0","0","0","0","0","0","0","0","0","0","0","0","0","0","0","0","-2"
"225201","Hallmark University","2020","First major","'99'","Grand total","Associate's degree","140","118","22","0","0","0","4","4","0","15","12","3","63","51","12","0","0","0","54","47","7","3","3","0","1","1","0","0","0","0","-2"
"225201","Hallmark University","2020","First major","'99'","Grand total","Bachelor's degree","149","92","57","3","1","2","3","1","2","23","16","7","54","31","23","1","1","0","56","37","19","9","5","4","0","0","0","0","0","0","-2"
"225201","Hallmark University","2020","First major","'99'","Grand total","Master's degree","14","12","2","0","0","0","0","0","0","3","3","0","1","0","1","0","0","0","9","8","1","1","1","0","0","0","0","0","0","0","-2"
"225247","Hardin-Simmons University","2020","First major","'99'","Grand total","Bachelor's degree","336","163","173","0","0","0","4","3","1","22","15","7","50","19","31","0","0","0","237","112","125","9","5","4","3","2","1","11","7","4","-2"
"225247","Hardin-Simmons University","2020","First major","'99'","Grand total","Master's degree","189","96","93","1","1","0","0","0","0","15","10","5","23","11","12","1","1","0","114","45","69","3","1","2","27","22","5","5","5","0","-2"
"225247","Hardin-Simmons University","2020","First major","'99'","Grand total","Doctor's degree - research/scholarship","9","4","5","0","0","0","0","0","0","0","0","0","0","0","0","0","0","0","7","3","4","0","0","0","2","1","1","0","0","0","-2"
"225247","Hardin-Simmons University","2020","First major","'99'","Grand total","Doctor's degree - professional practice","33","16","17","0","0","0","1","0","1","2","2","0","1","1","0","0","0","0","28","13","15","0","0","0","0","0","0","1","0","1","-2"
"225247","Hardin-Simmons University","2020","Second major","'99'","Grand total","Bachelor's degree","22","10","12","0","0","0","0","0","0","0","0","0","4","1","3","0","0","0","16","7","9","0","0","0","0","0","0","2","2","0","-2"
"225308","Trinity Valley Community College","2020","First major","'99'","Grand total","Associate's degree","884","307","577","12","7","5","15","4","11","111","48","63","193","66","127","1","1","0","473","146","327","22","5","17","46","24","22","11","6","5","-2"
"225371","Hill College","2020","First major","'99'","Grand total","Associate's degree","474","161","313","0","0","0","1","1","0","18","8","10","49","17","32","2","0","2","294","103","191","102","29","73","7","3","4","1","0","1","-2"
"225399","Houston Baptist University","2020","First major","'99'","Grand total","Bachelor's degree","545","180","365","3","0","3","46","17","29","92","22","70","175","53","122","0","0","0","152","59","93","23","10","13","22","5","17","32","14","18","-2"
"225399","Houston Baptist University","2020","First major","'99'","Grand total","Master's degree","374","101","273","0","0","0","15","2","13","115","21","94","78","18","60","0","0","0","114","35","79","13","4","9","16","8","8","23","13","10","-2"
"225399","Houston Baptist University","2020","First major","'99'","Grand total","Doctor's degree - research/scholarship","18","1","17","0","0","0","2","1","1","12","0","12","2","0","2","0","0","0","2","0","2","0","0","0","0","0","0","0","0","0","-2"
"225399","Houston Baptist University","2020","Second major","'99'","Grand total","Bachelor's degree","10","4","6","0","0","0","0","0","0","0","0","0","4","1","3","0","0","0","4","2","2","1","0","1","1","1","0","0","0","0","-2"
"225414","University of Houston-Clear Lake","2020","First major","'99'","Grand total","Bachelor's degree","1545","521","1024","5","1","4","64","35","29","136","35","101","615","178","437","2","1","1","655","247","408","36","12","24","9","5","4","23","7","16","-2"
"225414","University of Houston-Clear Lake","2020","First major","'99'","Grand total","Master's degree","843","296","547","2","1","1","83","28","55","90","27","63","170","41","129","1","0","1","285","108","177","17","5","12","9","2","7","186","84","102","-2"
"225414","University of Houston-Clear Lake","2020","First major","'99'","Grand total","Doctor's degree - research/scholarship","24","11","13","0","0","0","0","0","0","5","3","2","5","2","3","0","0","0","11","4","7","0","0","0","2","1","1","1","1","0","-2"
"225423","Houston Community College","2020","First major","'99'","Grand total","Associate's degree","5725","2192","3533","10","2","8","610","274","336","1408","438","970","1893","689","1204","4","4","0","626","303","323","74","24","50","78","22","56","1022","436","586","-2"
"225432","University of Houston-Downtown","2020","First major","'99'","Grand total","Bachelor's degree","2658","950","1708","8","5","3","230","117","113","513","162","351","1234","372","862","11","5","6","457","208","249","35","12","23","26","12","14","144","57","87","-2"
"225432","University of Houston-Downtown","2020","First major","'99'","Grand total","Master's degree","545","221","324","0","0","0","61","32","29","161","50","111","155","64","91","4","2","2","110","52","58","7","2","5","9","2","7","38","17","21","-2"
"225432","University of Houston-Downtown","2020","Second major","'99'","Grand total","Bachelor's degree","6","5","1","0","0","0","3","2","1","0","0","0","2","2","0","0","0","0","0","0","0","1","1","0","0","0","0","0","0","0","-2"
"225502","University of Houston-Victoria","2020","First major","'99'","Grand total","Bachelor's degree","681","217","464","0","0","0","64","23","41","80","29","51","272","68","204","1","1","0","222","78","144","22","9","13","6","2","4","14","7","7","-2"
"225502","University of Houston-Victoria","2020","First major","'99'","Grand total","Master's degree","349","103","246","0","0","0","44","14","30","80","27","53","78","25","53","0","0","0","110","27","83","8","1","7","5","1","4","24","8","16","-2"
"225511","University of Houston","2020","First major","'99'","Grand total","Bachelor's degree","8072","3797","4275","7","5","2","1798","912","886","641","280","361","2733","1158","1575","12","10","2","2004","1025","979","241","119","122","303","126","177","333","162","171","-2"
"225511","University of Houston","2020","First major","'99'","Grand total","Master's degree","1833","833","1000","11","4","7","211","88","123","177","44","133","340","120","220","2","0","2","610","276","334","29","10","19","34","24","10","419","267","152","-2"
"225511","University of Houston","2020","First major","'99'","Grand total","Doctor's degree - research/scholarship","343","197","146","1","0","1","25","11","14","26","5","21","24","13","11","0","0","0","95","53","42","2","1","1","4","1","3","166","113","53","-2"
"225511","University of Houston","2020","First major","'99'","Grand total","Doctor's degree - professional practice","467","186","281","2","1","1","147","44","103","28","9","19","73","34","39","1","1","0","182","85","97","7","0","7","8","4","4","19","8","11","-2"
"225520","Howard College","2020","First major","'99'","Grand total","Associate's degree","414","117","297","2","1","1","3","2","1","20","8","12","197","52","145","0","0","0","173","48","125","16","5","11","0","0","0","3","1","2","-2"
"225548","Howard Payne University","2020","First major","'99'","Grand total","Associate's degree","0","0","0","0","0","0","0","0","0","0","0","0","0","0","0","0","0","0","0","0","0","0","0","0","0","0","0","0","0","0","-2"
"225548","Howard Payne University","2020","First major","'99'","Grand total","Bachelor's degree","157","74","83","2","0","2","0","0","0","13","8","5","34","15","19","1","0","1","95","46","49","2","1","1","10","4","6","0","0","0","-2"
"225548","Howard Payne University","2020","First major","'99'","Grand total","Master's degree","26","15","11","0","0","0","0","0","0","3","1","2","3","2","1","0","0","0","20","12","8","0","0","0","0","0","0","0","0","0","-2"
"225548","Howard Payne University","2020","Second major","'99'","Grand total","Bachelor's degree","11","1","10","0","0","0","0","0","0","0","0","0","1","0","1","0","0","0","10","1","9","0","0","0","0","0","0","0","0","0","-2"
"225575","Huston-Tillotson University","2020","First major","'99'","Grand total","Associate's degree","33","8","25","0","0","0","0","0","0","24","6","18","9","2","7","0","0","0","0","0","0","0","0","0","0","0","0","0","0","0","-2"
"225575","Huston-Tillotson University","2020","First major","'99'","Grand total","Bachelor's degree","171","59","112","0","0","0","0","0","0","93","26","67","57","22","35","0","0","0","10","5","5","0","0","0","1","0","1","10","6","4","-2"
"225575","Huston-Tillotson University","2020","First major","'99'","Grand total","Master's degree","0","0","0","0","0","0","0","0","0","0","0","0","0","0","0","0","0","0","0","0","0","0","0","0","0","0","0","0","0","0","-2"
"225627","University of the Incarnate Word","2020","First major","'99'","Grand total","Associate's degree","160","86","74","1","0","1","19","13","6","33","16","17","36","19","17","4","1","3","48","26","22","2","2","0","17","9","8","0","0","0","-2"
"225627","University of the Incarnate Word","2020","First major","'99'","Grand total","Bachelor's degree","1163","472","691","5","1","4","22","7","15","94","50","44","656","230","426","4","2","2","224","98","126","19","10","9","70","25","45","69","49","20","-2"
"225627","University of the Incarnate Word","2020","First major","'99'","Grand total","Master's degree","650","330","320","4","1","3","32","21","11","86","42","44","276","121","155","1","1","0","182","110","72","11","8","3","29","15","14","29","11","18","-2"
"225627","University of the Incarnate Word","2020","First major","'99'","Grand total","Doctor's degree - research/scholarship","17","9","8","0","0","0","1","0","1","2","1","1","7","2","5","0","0","0","5","5","0","1","1","0","1","0","1","0","0","0","-2"
"225627","University of the Incarnate Word","2020","First major","'99'","Grand total","Doctor's degree - professional practice","227","60","167","1","0","1","47","15","32","11","1","10","73","20","53","1","0","1","74","21","53","4","1","3","16","2","14","0","0","0","-2"
"225627","University of the Incarnate Word","2020","Second major","'99'","Grand total","Associate's degree","1","0","1","0","0","0","0","0","0","0","0","0","1","0","1","0","0","0","0","0","0","0","0","0","0","0","0","0","0","0","-2"
"225627","University of the Incarnate Word","2020","Second major","'99'","Grand total","Bachelor's degree","14","5","9","1","1","0","1","0","1","1","0","1","7","2","5","0","0","0","3","2","1","0","0","0","0","0","0","1","0","1","-2"
"225627","University of the Incarnate Word","2020","Second major","'99'","Grand total","Master's degree","1","0","1","0","0","0","0","0","0","0","0","0","0","0","0","0","0","0","0","0","0","0","0","0","0","0","0","1","0","1","-2"
"225876","Jacksonville College-Main Campus","2020","First major","'99'","Grand total","Associate's degree","63","26","37","1","0","1","0","0","0","14","5","9","24","9","15","0","0","0","14","5","9","2","1","1","0","0","0","8","6","2","-2"
"225885","Jarvis Christian College","2020","First major","'99'","Grand total","Associate's degree","0","0","0","0","0","0","0","0","0","0","0","0","0","0","0","0","0","0","0","0","0","0","0","0","0","0","0","0","0","0","-2"
"225885","Jarvis Christian College","2020","First major","'99'","Grand total","Bachelor's degree","70","31","39","0","0","0","0","0","0","55","23","32","7","4","3","0","0","0","1","1","0","0","0","0","6","3","3","1","0","1","-2"
"225991","KD Conservatory College of Film and Dramatic Arts","2020","First major","'99'","Grand total","Associate's degree","45","24","21","0","0","0","0","0","0","13","5","8","10","6","4","0","0","0","18","11","7","1","1","0","1","1","0","2","0","2","-2"
"226019","Kilgore College","2020","First major","'99'","Grand total","Associate's degree","835","316","519","6","2","4","7","3","4","147","56","91","189","80","109","0","0","0","425","147","278","21","4","17","6","2","4","34","22","12","-2"
"226091","Lamar University","2020","First major","'99'","Grand total","Bachelor's degree","1683","631","1052","5","2","3","89","41","48","397","117","280","300","118","182","2","2","0","772","299","473","55","25","30","38","10","28","25","17","8","-2"
"226091","Lamar University","2020","First major","'99'","Grand total","Master's degree","2338","688","1650","6","5","1","51","21","30","413","87","326","418","116","302","3","1","2","1236","332","904","49","13","36","29","10","19","133","103","30","-2"
"226091","Lamar University","2020","First major","'99'","Grand total","Doctor's degree - research/scholarship","69","31","38","0","0","0","0","0","0","5","1","4","7","3","4","0","0","0","34","14","20","1","0","1","1","0","1","21","13","8","-2"
"226091","Lamar University","2020","First major","'99'","Grand total","Doctor's degree - professional practice","9","1","8","0","0","0","0","0","0","0","0","0","3","0","3","0","0","0","5","0","5","0","0","0","0","0","0","1","1","0","-2"
"226091","Lamar University","2020","Second major","'99'","Grand total","Bachelor's degree","68","27","41","0","0","0","5","3","2","10","3","7","17","8","9","0","0","0","31","11","20","2","1","1","1","0","1","2","1","1","-2"
"226107","Lamar State College-Orange","2020","First major","'99'","Grand total","Associate's degree","228","72","156","0","0","0","1","1","0","37","7","30","21","10","11","0","0","0","168","53","115","0","0","0","1","1","0","0","0","0","-2"
"226116","Lamar State College-Port Arthur","2020","First major","'99'","Grand total","Associate's degree","284","112","172","0","0","0","14","9","5","89","33","56","80","30","50","0","0","0","97","38","59","2","1","1","2","1","1","0","0","0","-2"
"226134","Laredo College","2020","First major","'99'","Grand total","Associate's degree","939","349","590","1","1","0","2","2","0","0","0","0","918","334","584","0","0","0","10","7","3","0","0","0","5","3","2","3","2","1","-2"
"226134","Laredo College","2020","First major","'99'","Grand total","Bachelor's degree","21","6","15","0","0","0","0","0","0","0","0","0","21","6","15","0","0","0","0","0","0","0","0","0","0","0","0","0","0","0","-2"
"226152","Texas A & M International University","2020","First major","'99'","Grand total","Bachelor's degree","1262","451","811","1","1","0","6","4","2","0","0","0","1199","420","779","0","0","0","29","14","15","2","1","1","2","2","0","23","9","14","-2"
"226152","Texas A & M International University","2020","First major","'99'","Grand total","Master's degree","369","126","243","1","0","1","1","0","1","6","3","3","318","100","218","0","0","0","18","8","10","2","1","1","2","0","2","21","14","7","-2"
"226152","Texas A & M International University","2020","First major","'99'","Grand total","Doctor's degree - research/scholarship","2","1","1","0","0","0","0","0","0","0","0","0","0","0","0","0","0","0","1","1","0","0","0","0","0","0","0","1","0","1","-2"
"226152","Texas A & M International University","2020","Second major","'99'","Grand total","Bachelor's degree","46","10","36","0","0","0","0","0","0","0","0","0","44","9","35","0","0","0","0","0","0","0","0","0","0","0","0","2","1","1","-2"
"226204","Lee College","2020","First major","'99'","Grand total","Associate's degree","1119","638","481","2","2","0","15","11","4","208","138","70","444","220","224","0","0","0","422","253","169","19","10","9","7","4","3","2","0","2","-2"
"226231","LeTourneau University","2020","First major","'99'","Grand total","Associate's degree","16","6","10","0","0","0","0","0","0","2","0","2","2","0","2","0","0","0","11","6","5","0","0","0","1","0","1","0","0","0","-2"
"226231","LeTourneau University","2020","First major","'99'","Grand total","Bachelor's degree","408","213","195","4","4","0","4","3","1","40","10","30","38","16","22","1","0","1","252","143","109","37","18","19","17","9","8","15","10","5","-2"
"226231","LeTourneau University","2020","First major","'99'","Grand total","Master's degree","116","26","90","1","0","1","1","0","1","36","6","30","10","2","8","0","0","0","58","15","43","9","2","7","0","0","0","1","1","0","-2"
"226231","LeTourneau University","2020","Second major","'99'","Grand total","Bachelor's degree","7","5","2","0","0","0","0","0","0","2","2","0","0","0","0","0","0","0","3","2","1","1","1","0","0","0","0","1","0","1","-2"
"226231","LeTourneau University","2020","Second major","'99'","Grand total","Master's degree","10","3","7","0","0","0","0","0","0","2","0","2","0","0","0","0","0","0","8","3","5","0","0","0","0","0","0","0","0","0","-2"
"226277","Lincoln College of Technology-Grand Prairie","2020","First major","'99'","Grand total","Associate's degree","4","4","0","0","0","0","0","0","0","1","1","0","1","1","0","0","0","0","2","2","0","0","0","0","0","0","0","0","0","0","-2"
"226383","Lubbock Christian University","2020","First major","'99'","Grand total","Associate's degree","0","0","0","0","0","0","0","0","0","0","0","0","0","0","0","0","0","0","0","0","0","0","0","0","0","0","0","0","0","0","-2"
"226383","Lubbock Christian University","2020","First major","'99'","Grand total","Bachelor's degree","348","120","228","5","1","4","6","4","2","9","4","5","79","26","53","1","0","1","241","82","159","0","0","0","2","0","2","5","3","2","-2"
"226383","Lubbock Christian University","2020","First major","'99'","Grand total","Master's degree","111","12","99","0","0","0","5","1","4","6","1","5","22","2","20","0","0","0","78","8","70","0","0","0","0","0","0","0","0","0","-2"
"226383","Lubbock Christian University","2020","Second major","'99'","Grand total","Bachelor's degree","3","1","2","0","0","0","0","0","0","0","0","0","0","0","0","0","0","0","3","1","2","0","0","0","0","0","0","0","0","0","-2"
"226408","College of the Mainland","2020","First major","'99'","Grand total","Associate's degree","601","254","347","2","2","0","17","11","6","112","36","76","185","78","107","0","0","0","269","116","153","7","4","3","6","5","1","3","2","1","-2"
"226471","University of Mary Hardin-Baylor","2020","First major","'99'","Grand total","Bachelor's degree","644","189","455","4","1","3","10","2","8","73","26","47","118","34","84","1","1","0","409","115","294","18","7","11","7","1","6","4","2","2","-2"
"226471","University of Mary Hardin-Baylor","2020","First major","'99'","Grand total","Master's degree","156","58","98","0","0","0","2","0","2","25","5","20","26","8","18","0","0","0","67","24","43","4","2","2","1","1","0","31","18","13","-2"
"226471","University of Mary Hardin-Baylor","2020","First major","'99'","Grand total","Doctor's degree - professional practice","34","15","19","0","0","0","5","3","2","2","1","1","4","3","1","0","0","0","23","8","15","0","0","0","0","0","0","0","0","0","-2"
"226471","University of Mary Hardin-Baylor","2020","First major","'99'","Grand total","Doctor's degree - other","18","6","12","0","0","0","0","0","0","9","3","6","0","0","0","0","0","0","8","3","5","1","0","1","0","0","0","0","0","0","-2"
"226471","University of Mary Hardin-Baylor","2020","Second major","'99'","Grand total","Bachelor's degree","25","13","12","0","0","0","0","0","0","2","1","1","5","3","2","0","0","0","17","9","8","1","0","1","0","0","0","0","0","0","-2"
"226578","McLennan Community College","2020","First major","'99'","Grand total","Associate's degree","1281","361","920","6","3","3","16","9","7","136","39","97","401","105","296","2","0","2","664","189","475","38","10","28","18","6","12","0","0","0","-2"
"226587","McMurry University","2020","First major","'99'","Grand total","Bachelor's degree","219","89","130","2","2","0","3","1","2","21","11","10","54","28","26","0","0","0","120","36","84","4","2","2","1","0","1","14","9","5","-2"
"226587","McMurry University","2020","First major","'99'","Grand total","Master's degree","2","1","1","0","0","0","0","0","0","1","0","1","1","1","0","0","0","0","0","0","0","0","0","0","0","0","0","0","0","0","-2"
"226587","McMurry University","2020","Second major","'99'","Grand total","Bachelor's degree","9","4","5","0","0","0","0","0","0","1","0","1","3","2","1","0","0","0","4","2","2","0","0","0","0","0","0","1","0","1","-2"
"226806","Midland College","2020","First major","'99'","Grand total","Associate's degree","440","132","308","3","1","2","8","5","3","29","6","23","210","62","148","0","0","0","149","50","99","5","2","3","25","3","22","11","3","8","-2"
"226806","Midland College","2020","First major","'99'","Grand total","Bachelor's degree","21","9","12","0","0","0","1","0","1","1","0","1","6","3","3","0","0","0","11","5","6","0","0","0","1","0","1","1","1","0","-2"
"226833","Midwestern State University","2020","First major","'99'","Grand total","Bachelor's degree","1193","431","762","7","1","6","44","23","21","156","53","103","231","90","141","0","0","0","585","192","393","37","11","26","8","2","6","125","59","66","-2"
"226833","Midwestern State University","2020","First major","'99'","Grand total","Master's degree","212","62","150","1","0","1","9","4","5","20","10","10","17","4","13","1","0","1","127","33","94","8","2","6","3","0","3","26","9","17","-2"
"226833","Midwestern State University","2020","Second major","'99'","Grand total","Bachelor's degree","22","8","14","0","0","0","0","0","0","2","1","1","4","1","3","0","0","0","7","4","3","0","0","0","0","0","0","9","2","7","-2"
"226879","Wade College","2020","First major","'99'","Grand total","Associate's degree","24","6","18","0","0","0","1","0","1","6","2","4","6","1","5","0","0","0","11","3","8","0","0","0","0","0","0","0","0","0","-2"
"226879","Wade College","2020","First major","'99'","Grand total","Bachelor's degree","28","3","25","1","0","1","1","0","1","7","1","6","5","0","5","0","0","0","12","1","11","1","0","1","1","1","0","0","0","0","-2"
"226903","Southern Careers Institute-Austin","2020","First major","'99'","Grand total","Associate's degree","16","4","12","1","0","1","0","0","0","1","1","0","12","2","10","0","0","0","2","1","1","0","0","0","0","0","0","0","0","0","-2"
"227146","Navarro College","2020","First major","'99'","Grand total","Associate's degree","1023","367","656","2","2","0","15","5","10","141","57","84","224","78","146","1","1","0","577","202","375","39","14","25","11","4","7","13","4","9","-2"
"227182","Lone Star College System","2020","First major","'99'","Grand total","Associate's degree","7681","2718","4963","11","5","6","597","264","333","840","236","604","3011","1011","2000","0","0","0","2447","901","1546","236","96","140","137","53","84","402","152","250","-2"
"227216","University of North Texas","2020","First major","'99'","Grand total","Bachelor's degree","7661","3429","4232","20","10","10","457","217","240","979","394","585","1873","780","1093","6","4","2","3533","1639","1894","387","171","216","51","30","21","355","184","171","-2"
"227216","University of North Texas","2020","First major","'99'","Grand total","Master's degree","1958","658","1300","9","4","5","89","26","63","142","48","94","325","87","238","2","0","2","1031","351","680","90","22","68","24","10","14","246","110","136","-2"
"227216","University of North Texas","2020","First major","'99'","Grand total","Doctor's degree - research/scholarship","312","160","152","1","0","1","10","5","5","18","8","10","25","12","13","0","0","0","124","55","69","32","15","17","3","3","0","99","62","37","-2"
"227216","University of North Texas","2020","First major","'99'","Grand total","Doctor's degree - professional practice","13","1","12","0","0","0","0","0","0","0","0","0","2","0","2","0","0","0","10","1","9","1","0","1","0","0","0","0","0","0","-2"
"227216","University of North Texas","2020","Second major","'99'","Grand total","Bachelor's degree","164","55","109","2","2","0","11","1","10","23","5","18","40","14","26","0","0","0","74","27","47","12","6","6","1","0","1","1","0","1","-2"
"227225","Northeast Texas Community College","2020","First major","'99'","Grand total","Associate's degree","408","96","312","2","0","2","2","0","2","47","7","40","116","27","89","0","0","0","214","52","162","7","2","5","1","0","1","19","8","11","-2"
"227289","Oblate School of Theology","2020","First major","'99'","Grand total","Master's degree","26","21","5","0","0","0","0","0","0","1","0","1","8","7","1","0","0","0","9","6","3","0","0","0","0","0","0","8","8","0","-2"
"227289","Oblate School of Theology","2020","First major","'99'","Grand total","Doctor's degree - research/scholarship","1","1","0","0","0","0","0","0","0","0","0","0","0","0","0","0","0","0","1","1","0","0","0","0","0","0","0","0","0","0","-2"
"227289","Oblate School of Theology","2020","First major","'99'","Grand total","Doctor's degree - professional practice","2","1","1","0","0","0","0","0","0","0","0","0","1","0","1","0","0","0","1","1","0","0","0","0","0","0","0","0","0","0","-2"
"227304","Odessa College","2020","First major","'99'","Grand total","Associate's degree","946","301","645","3","1","2","21","9","12","50","24","26","574","172","402","1","0","1","249","75","174","14","9","5","12","2","10","22","9","13","-2"
"227331","Our Lady of the Lake University","2020","First major","'99'","Grand total","Bachelor's degree","288","71","217","3","2","1","1","0","1","24","6","18","208","41","167","0","0","0","33","14","19","6","1","5","5","3","2","8","4","4","-2"
"227331","Our Lady of the Lake University","2020","First major","'99'","Grand total","Master's degree","559","84","475","2","0","2","3","1","2","108","7","101","234","37","197","1","1","0","152","31","121","11","2","9","46","4","42","2","1","1","-2"
"227331","Our Lady of the Lake University","2020","First major","'99'","Grand total","Doctor's degree - research/scholarship","29","13","16","0","0","0","1","1","0","3","0","3","19","7","12","0","0","0","4","3","1","0","0","0","2","2","0","0","0","0","-2"
"227331","Our Lady of the Lake University","2020","First major","'99'","Grand total","Doctor's degree - professional practice","5","0","5","0","0","0","0","0","0","1","0","1","1","0","1","0","0","0","3","0","3","0","0","0","0","0","0","0","0","0","-2"
"227331","Our Lady of the Lake University","2020","Second major","'99'","Grand total","Bachelor's degree","6","0","6","0","0","0","0","0","0","0","0","0","6","0","6","0","0","0","0","0","0","0","0","0","0","0","0","0","0","0","-2"
"227331","Our Lady of the Lake University","2020","Second major","'99'","Grand total","Master's degree","2","2","0","0","0","0","0","0","0","0","0","0","2","2","0","0","0","0","0","0","0","0","0","0","0","0","0","0","0","0","-2"
"227368","The University of Texas Rio Grande Valley","2020","First major","'99'","Grand total","Bachelor's degree","4333","1687","2646","1","0","1","58","20","38","30","15","15","3908","1496","2412","3","1","2","107","56","51","15","10","5","125","44","81","86","45","41","-2"
"227368","The University of Texas Rio Grande Valley","2020","First major","'99'","Grand total","Master's degree","1351","435","916","3","1","2","49","24","25","36","12","24","1028","309","719","1","0","1","139","52","87","1","1","0","79","27","52","15","9","6","-2"
"227368","The University of Texas Rio Grande Valley","2020","First major","'99'","Grand total","Doctor's degree - research/scholarship","24","16","8","0","0","0","1","1","0","1","1","0","13","8","5","0","0","0","2","2","0","0","0","0","5","2","3","2","2","0","-2"
"227368","The University of Texas Rio Grande Valley","2020","First major","'99'","Grand total","Doctor's degree - professional practice","39","18","21","0","0","0","8","3","5","3","2","1","14","7","7","0","0","0","12","6","6","0","0","0","2","0","2","0","0","0","-2"
"227368","The University of Texas Rio Grande Valley","2020","Second major","'99'","Grand total","Bachelor's degree","56","13","43","0","0","0","1","0","1","1","0","1","51","12","39","0","0","0","0","0","0","0","0","0","2","0","2","1","1","0","-2"
"227377","Texas Southmost College","2020","First major","'99'","Grand total","Associate's degree","600","228","372","0","0","0","1","0","1","0","0","0","567","213","354","0","0","0","14","6","8","0","0","0","9","5","4","9","4","5","-2"
"227386","Panola College","2020","First major","'99'","Grand total","Associate's degree","359","114","245","1","0","1","3","1","2","50","13","37","55","17","38","0","0","0","230","80","150","7","1","6","0","0","0","13","2","11","-2"
"227401","Paris Junior College","2020","First major","'99'","Grand total","Associate's degree","500","160","340","11","1","10","6","3","3","43","15","28","90","31","59","0","0","0","340","107","233","5","1","4","3","0","3","2","2","0","-2"
"227429","Paul Quinn College","2020","First major","'99'","Grand total","Bachelor's degree","62","24","38","0","0","0","0","0","0","43","13","30","17","10","7","0","0","0","2","1","1","0","0","0","0","0","0","0","0","0","-2"
"227526","Prairie View A & M University","2020","First major","'99'","Grand total","Bachelor's degree","1213","459","754","1","0","1","40","25","15","968","339","629","130","51","79","1","1","0","29","16","13","13","8","5","3","2","1","28","17","11","-2"
"227526","Prairie View A & M University","2020","First major","'99'","Grand total","Master's degree","295","117","178","0","0","0","14","6","8","211","71","140","20","9","11","1","1","0","11","5","6","1","1","0","1","0","1","36","24","12","-2"
"227526","Prairie View A & M University","2020","First major","'99'","Grand total","Doctor's degree - research/scholarship","21","10","11","0","0","0","1","0","1","10","4","6","3","1","2","0","0","0","2","1","1","0","0","0","0","0","0","5","4","1","-2"
"227526","Prairie View A & M University","2020","Second major","'99'","Grand total","Bachelor's degree","23","15","8","0","0","0","0","0","0","10","6","4","12","8","4","0","0","0","0","0","0","0","0","0","0","0","0","1","1","0","-2"
"227687","Ranger College","2020","First major","'99'","Grand total","Associate's degree","325","125","200","2","2","0","2","2","0","30","20","10","84","33","51","0","0","0","170","48","122","10","2","8","1","1","0","26","17","9","-2"
"227757","Rice University","2020","First major","'99'","Grand total","Bachelor's degree","998","509","489","1","0","1","255","115","140","57","34","23","144","81","63","2","1","1","362","182","180","39","23","16","25","13","12","113","60","53","-2"
"227757","Rice University","2020","First major","'99'","Grand total","Master's degree","906","568","338","1","0","1","113","71","42","28","17","11","60","40","20","2","2","0","346","224","122","15","8","7","27","19","8","314","187","127","-2"
"227757","Rice University","2020","First major","'99'","Grand total","Doctor's degree - research/scholarship","208","125","83","0","0","0","22","12","10","4","2","2","10","5","5","1","1","0","68","39","29","1","0","1","10","9","1","92","57","35","-2"
"227757","Rice University","2020","Second major","'99'","Grand total","Bachelor's degree","206","80","126","0","0","0","46","17","29","9","3","6","27","15","12","0","0","0","90","32","58","10","4","6","3","1","2","21","8","13","-2"
"227845","Saint Edward's University","2020","First major","'99'","Grand total","Bachelor's degree","901","323","578","7","3","4","23","6","17","40","8","32","378","115","263","1","0","1","355","148","207","20","3","17","10","4","6","67","36","31","-2"
"227845","Saint Edward's University","2020","First major","'99'","Grand total","Master's degree","229","75","154","0","0","0","16","7","9","20","8","12","66","22","44","1","0","1","94","25","69","10","3","7","14","6","8","8","4","4","-2"
"227845","Saint Edward's University","2020","First major","'99'","Grand total","Doctor's degree - research/scholarship","0","0","0","0","0","0","0","0","0","0","0","0","0","0","0","0","0","0","0","0","0","0","0","0","0","0","0","0","0","0","-2"
"227845","Saint Edward's University","2020","Second major","'99'","Grand total","Bachelor's degree","45","17","28","0","0","0","0","0","0","0","0","0","17","6","11","0","0","0","22","7","15","1","0","1","1","0","1","4","4","0","-2"
"227854","St Philip's College","2020","First major","'99'","Grand total","Associate's degree","1140","483","657","10","3","7","21","10","11","151","49","102","675","288","387","1","0","1","255","119","136","22","11","11","5","3","2","0","0","0","-2"
"227863","University of St Thomas","2020","First major","'99'","Grand total","Associate's degree","0","0","0","0","0","0","0","0","0","0","0","0","0","0","0","0","0","0","0","0","0","0","0","0","0","0","0","0","0","0","-2"
"227863","University of St Thomas","2020","First major","'99'","Grand total","Bachelor's degree","437","119","318","0","0","0","57","17","40","39","10","29","199","46","153","2","0","2","74","21","53","10","5","5","14","3","11","42","17","25","-2"
"227863","University of St Thomas","2020","First major","'99'","Grand total","Master's degree","489","134","355","0","0","0","27","10","17","55","6","49","187","43","144","0","0","0","155","51","104","8","3","5","11","3","8","46","18","28","-2"
"227863","University of St Thomas","2020","First major","'99'","Grand total","Doctor's degree - research/scholarship","32","12","20","0","0","0","2","1","1","14","6","8","7","1","6","0","0","0","8","3","5","0","0","0","0","0","0","1","1","0","-2"
"227863","University of St Thomas","2020","First major","'99'","Grand total","Doctor's degree - professional practice","0","0","0","0","0","0","0","0","0","0","0","0","0","0","0","0","0","0","0","0","0","0","0","0","0","0","0","0","0","0","-2"
"227863","University of St Thomas","2020","Second major","'99'","Grand total","Bachelor's degree","24","8","16","0","0","0","3","0","3","0","0","0","14","5","9","0","0","0","2","1","1","0","0","0","1","0","1","4","2","2","-2"
"227881","Sam Houston State University","2020","First major","'99'","Grand total","Bachelor's degree","4164","1538","2626","30","11","19","83","26","57","628","200","428","948","306","642","2","0","2","2196","878","1318","115","33","82","72","33","39","90","51","39","-2"
"227881","Sam Houston State University","2020","First major","'99'","Grand total","Master's degree","866","253","613","1","0","1","22","7","15","102","27","75","183","48","135","1","0","1","501","154","347","14","3","11","12","4","8","30","10","20","-2"
"227881","Sam Houston State University","2020","First major","'99'","Grand total","Doctor's degree - research/scholarship","56","11","45","0","0","0","0","0","0","6","0","6","4","2","2","0","0","0","40","7","33","1","1","0","0","0","0","5","1","4","-2"
"227881","Sam Houston State University","2020","Second major","'99'","Grand total","Bachelor's degree","77","29","48","1","1","0","1","0","1","8","5","3","23","3","20","0","0","0","39","16","23","3","2","1","2","2","0","0","0","0","-2"
"227924","San Antonio College","2020","First major","'99'","Grand total","Associate's degree","2966","1067","1899","10","2","8","95","30","65","248","102","146","1783","596","1187","2","1","1","747","301","446","74","34","40","1","0","1","6","1","5","-2"
"227979","San Jacinto Community College","2020","First major","'99'","Grand total","Associate's degree","4603","1847","2756","8","5","3","297","130","167","393","132","261","2568","971","1597","4","1","3","1126","511","615","69","24","45","37","19","18","101","54","47","-2"
"228042","Schreiner University","2020","First major","'99'","Grand total","Associate's degree","1","1","0","0","0","0","0","0","0","0","0","0","0","0","0","0","0","0","1","1","0","0","0","0","0","0","0","0","0","0","-2"
"228042","Schreiner University","2020","First major","'99'","Grand total","Bachelor's degree","264","76","188","0","0","0","5","2","3","11","4","7","105","30","75","0","0","0","136","38","98","4","1","3","0","0","0","3","1","2","-2"
"228042","Schreiner University","2020","First major","'99'","Grand total","Master's degree","59","19","40","0","0","0","1","0","1","3","1","2","15","4","11","0","0","0","39","14","25","1","0","1","0","0","0","0","0","0","-2"
"228149","St. Mary's University","2020","First major","'99'","Grand total","Bachelor's degree","515","240","275","1","1","0","6","5","1","10","5","5","339","139","200","1","0","1","84","53","31","5","2","3","24","7","17","45","28","17","-2"
"228149","St. Mary's University","2020","First major","'99'","Grand total","Master's degree","211","92","119","0","0","0","6","2","4","11","6","5","96","39","57","1","0","1","64","26","38","5","3","2","5","3","2","23","13","10","-2"
"228149","St. Mary's University","2020","First major","'99'","Grand total","Doctor's degree - research/scholarship","12","6","6","0","0","0","0","0","0","0","0","0","1","0","1","0","0","0","3","1","2","0","0","0","2","0","2","6","5","1","-2"
"228149","St. Mary's University","2020","First major","'99'","Grand total","Doctor's degree - professional practice","233","115","118","2","2","0","7","4","3","15","6","9","108","55","53","1","1","0","99","46","53","0","0","0","0","0","0","1","1","0","-2"
"228149","St. Mary's University","2020","Second major","'99'","Grand total","Bachelor's degree","12","4","8","0","0","0","0","0","0","0","0","0","7","1","6","0","0","0","3","3","0","0","0","0","1","0","1","1","0","1","-2"
"228158","South Plains College","2020","First major","'99'","Grand total","Associate's degree","994","375","619","7","6","1","10","6","4","61","25","36","470","164","306","1","0","1","400","158","242","0","0","0","13","6","7","32","10","22","-2"
"228194","South Texas College of Law Houston","2020","First major","'99'","Grand total","Doctor's degree - professional practice","284","123","161","1","1","0","21","10","11","21","4","17","87","37","50","0","0","0","131","63","68","6","3","3","16","5","11","1","0","1","-2"
"228246","Southern Methodist University","2020","First major","'99'","Grand total","Bachelor's degree","1853","873","980","3","1","2","125","48","77","79","39","40","233","97","136","2","1","1","1179","577","602","80","42","38","0","0","0","152","68","84","-2"
"228246","Southern Methodist University","2020","First major","'99'","Grand total","Master's degree","1659","922","737","4","4","0","128","82","46","121","52","69","184","89","95","1","1","0","746","414","332","41","24","17","10","5","5","424","251","173","-2"
"228246","Southern Methodist University","2020","First major","'99'","Grand total","Doctor's degree - research/scholarship","100","59","41","0","0","0","5","1","4","7","2","5","6","5","1","0","0","0","38","20","18","1","0","1","0","0","0","43","31","12","-2"
"228246","Southern Methodist University","2020","First major","'99'","Grand total","Doctor's degree - professional practice","215","108","107","0","0","0","9","3","6","7","3","4","26","14","12","0","0","0","159","83","76","9","2","7","0","0","0","5","3","2","-2"
"228246","Southern Methodist University","2020","Second major","'99'","Grand total","Bachelor's degree","151","34","117","0","0","0","16","5","11","7","1","6","22","3","19","0","0","0","93","23","70","2","0","2","0","0","0","11","2","9","-2"
"228246","Southern Methodist University","2020","Second major","'99'","Grand total","Master's degree","81","61","20","0","0","0","10","9","1","0","0","0","8","5","3","0","0","0","47","31","16","2","2","0","1","1","0","13","13","0","-2"
"228316","Southwest Texas Junior College","2020","First major","'99'","Grand total","Associate's degree","697","238","459","2","0","2","2","2","0","4","4","0","611","196","415","0","0","0","68","30","38","4","3","1","6","3","3","0","0","0","-2"
"228325","Southwestern Assemblies of God University","2020","First major","'99'","Grand total","Associate's degree","206","89","117","2","2","0","1","1","0","16","12","4","33","12","21","2","2","0","138","59","79","13","1","12","0","0","0","1","0","1","-2"
"228325","Southwestern Assemblies of God University","2020","First major","'99'","Grand total","Bachelor's degree","247","112","135","6","5","1","1","1","0","17","12","5","38","15","23","1","1","0","168","76","92","13","1","12","0","0","0","3","1","2","-2"
"228325","Southwestern Assemblies of God University","2020","First major","'99'","Grand total","Master's degree","97","46","51","0","0","0","2","2","0","15","9","6","11","2","9","0","0","0","63","32","31","6","1","5","0","0","0","0","0","0","-2"
"228325","Southwestern Assemblies of God University","2020","First major","'99'","Grand total","Doctor's degree - research/scholarship","0","0","0","0","0","0","0","0","0","0","0","0","0","0","0","0","0","0","0","0","0","0","0","0","0","0","0","0","0","0","-2"
"228343","Southwestern University","2020","First major","'99'","Grand total","Bachelor's degree","313","128","185","1","1","0","11","2","9","20","11","9","63","23","40","1","1","0","201","81","120","13","6","7","3","3","0","0","0","0","-2"
"228343","Southwestern University","2020","Second major","'99'","Grand total","Bachelor's degree","53","14","39","0","0","0","2","0","2","2","2","0","13","1","12","0","0","0","33","9","24","2","1","1","1","1","0","0","0","0","-2"
"228431","Stephen F Austin State University","2020","First major","'99'","Grand total","Bachelor's degree","2219","736","1483","6","2","4","23","7","16","329","103","226","401","135","266","3","2","1","1350","451","899","81","28","53","10","3","7","16","5","11","-2"
"228431","Stephen F Austin State University","2020","First major","'99'","Grand total","Master's degree","627","183","444","2","1","1","7","2","5","96","27","69","78","27","51","0","0","0","409","114","295","18","7","11","1","0","1","16","5","11","-2"
"228431","Stephen F Austin State University","2020","First major","'99'","Grand total","Doctor's degree - research/scholarship","7","1","6","0","0","0","0","0","0","1","1","0","2","0","2","0","0","0","4","0","4","0","0","0","0","0","0","0","0","0","-2"
"228431","Stephen F Austin State University","2020","Second major","'99'","Grand total","Bachelor's degree","20","6","14","0","0","0","0","0","0","2","0","2","6","2","4","0","0","0","11","4","7","0","0","0","0","0","0","1","0","1","-2"
"228459","Texas State University","2020","First major","'99'","Grand total","Bachelor's degree","7443","2998","4445","17","6","11","171","73","98","635","243","392","2772","1032","1740","11","6","5","3517","1512","2005","258","97","161","20","7","13","42","22","20","-2"
"228459","Texas State University","2020","First major","'99'","Grand total","Master's degree","1344","422","922","2","0","2","47","19","28","107","23","84","340","114","226","1","1","0","689","206","483","31","6","25","11","7","4","116","46","70","-2"
"228459","Texas State University","2020","First major","'99'","Grand total","Doctor's degree - research/scholarship","56","26","30","0","0","0","0","0","0","3","0","3","10","2","8","0","0","0","27","16","11","1","1","0","0","0","0","15","7","8","-2"
"228459","Texas State University","2020","First major","'99'","Grand total","Doctor's degree - professional practice","37","13","24","0","0","0","1","1","0","0","0","0","9","4","5","0","0","0","24","8","16","2","0","2","0","0","0","1","0","1","-2"
"228459","Texas State University","2020","Second major","'99'","Grand total","Bachelor's degree","124","45","79","0","0","0","1","1","0","7","2","5","47","17","30","0","0","0","60","24","36","5","0","5","0","0","0","4","1","3","-2"
"228468","Southwestern Adventist University","2020","First major","'99'","Grand total","Associate's degree","4","0","4","0","0","0","0","0","0","0","0","0","3","0","3","0","0","0","1","0","1","0","0","0","0","0","0","0","0","0","-2"
"228468","Southwestern Adventist University","2020","First major","'99'","Grand total","Bachelor's degree","140","51","89","0","0","0","4","3","1","22","7","15","75","27","48","2","2","0","27","8","19","8","4","4","2","0","2","0","0","0","-2"
"228468","Southwestern Adventist University","2020","First major","'99'","Grand total","Master's degree","10","3","7","0","0","0","2","0","2","2","1","1","3","1","2","0","0","0","2","0","2","0","0","0","0","0","0","1","1","0","-2"
"228468","Southwestern Adventist University","2020","Second major","'99'","Grand total","Bachelor's degree","2","0","2","0","0","0","0","0","0","0","0","0","2","0","2","0","0","0","0","0","0","0","0","0","0","0","0","0","0","0","-2"
"228486","Southwestern Christian College","2020","First major","'99'","Grand total","Associate's degree","26","11","15","0","0","0","0","0","0","24","11","13","2","0","2","0","0","0","0","0","0","0","0","0","0","0","0","0","0","0","-2"
"228486","Southwestern Christian College","2020","First major","'99'","Grand total","Bachelor's degree","1","1","0","0","0","0","0","0","0","1","1","0","0","0","0","0","0","0","0","0","0","0","0","0","0","0","0","0","0","0","-2"
"228501","Sul Ross State University","2020","First major","'99'","Grand total","Bachelor's degree","334","135","199","1","0","1","2","0","2","13","4","9","221","82","139","1","0","1","88","44","44","7","5","2","1","0","1","0","0","0","-2"
"228501","Sul Ross State University","2020","First major","'99'","Grand total","Master's degree","224","78","146","0","0","0","1","0","1","7","5","2","113","32","81","1","0","1","93","36","57","3","2","1","3","1","2","3","2","1","-2"
"228501","Sul Ross State University","2020","Second major","'99'","Grand total","Bachelor's degree","2","2","0","0","0","0","0","0","0","0","0","0","2","2","0","0","0","0","0","0","0","0","0","0","0","0","0","0","0","0","-2"
"228501","Sul Ross State University","2020","Second major","'99'","Grand total","Master's degree","3","3","0","0","0","0","0","0","0","0","0","0","1","1","0","0","0","0","2","2","0","0","0","0","0","0","0","0","0","0","-2"
"228529","Tarleton State University","2020","First major","'99'","Grand total","Associate's degree","32","12","20","0","0","0","8","4","4","2","1","1","13","2","11","0","0","0","9","5","4","0","0","0","0","0","0","0","0","0","-2"
"228529","Tarleton State University","2020","First major","'99'","Grand total","Bachelor's degree","2626","965","1661","14","4","10","40","13","27","197","66","131","530","165","365","4","2","2","1696","658","1038","99","36","63","29","13","16","17","8","9","-2"
"228529","Tarleton State University","2020","First major","'99'","Grand total","Master's degree","595","182","413","3","1","2","8","4","4","52","18","34","76","19","57","0","0","0","415","127","288","15","2","13","10","5","5","16","6","10","-2"
"228529","Tarleton State University","2020","First major","'99'","Grand total","Doctor's degree - research/scholarship","24","10","14","0","0","0","0","0","0","3","1","2","3","1","2","0","0","0","18","8","10","0","0","0","0","0","0","0","0","0","-2"
"228529","Tarleton State University","2020","Second major","'99'","Grand total","Bachelor's degree","17","9","8","0","0","0","0","0","0","1","1","0","1","0","1","0","0","0","12","6","6","1","1","0","2","1","1","0","0","0","-2"
"228529","Tarleton State University","2020","Second major","'99'","Grand total","Master's degree","1","1","0","0","0","0","0","0","0","0","0","0","0","0","0","0","0","0","1","1","0","0","0","0","0","0","0","0","0","0","-2"
"228547","Tarrant County College District","2020","First major","'99'","Grand total","Associate's degree","5931","2160","3771","17","10","7","395","186","209","954","287","667","2119","701","1418","9","5","4","2091","836","1255","158","58","100","80","30","50","108","47","61","-2"
"228608","Temple College","2020","First major","'99'","Grand total","Associate's degree","524","154","370","2","2","0","17","2","15","62","11","51","158","47","111","10","1","9","262","88","174","2","0","2","11","3","8","0","0","0","-2"
"228635","University of Texas Southwestern Medical Center","2020","First major","'99'","Grand total","Master's degree","111","29","82","0","0","0","15","5","10","7","1","6","15","5","10","0","0","0","59","15","44","5","1","4","6","1","5","4","1","3","-2"
"228635","University of Texas Southwestern Medical Center","2020","First major","'99'","Grand total","Doctor's degree - research/scholarship","46","23","23","0","0","0","4","3","1","0","0","0","6","4","2","0","0","0","12","7","5","3","1","2","3","0","3","18","8","10","-2"
"228635","University of Texas Southwestern Medical Center","2020","First major","'99'","Grand total","Doctor's degree - professional practice","224","115","109","0","0","0","92","46","46","15","6","9","30","14","16","0","0","0","68","40","28","6","2","4","13","7","6","0","0","0","-2"
"228635","University of Texas Southwestern Medical Center","2020","First major","'99'","Grand total","Doctor's degree - other","38","13","25","0","0","0","4","2","2","0","0","0","2","0","2","0","0","0","28","10","18","0","0","0","4","1","3","0","0","0","-2"
"228644","The University of Texas Health Science Center at San Antonio","2020","First major","'99'","Grand total","Bachelor's degree","373","91","282","0","0","0","38","10","28","19","1","18","200","51","149","0","0","0","95","22","73","7","2","5","9","3","6","5","2","3","-2"
"228644","The University of Texas Health Science Center at San Antonio","2020","First major","'99'","Grand total","Master's degree","284","66","218","0","0","0","28","6","22","11","2","9","100","22","78","0","0","0","112","24","88","10","3","7","9","1","8","14","8","6","-2"
"228644","The University of Texas Health Science Center at San Antonio","2020","First major","'99'","Grand total","Doctor's degree - research/scholarship","39","13","26","0","0","0","1","0","1","3","1","2","13","4","9","0","0","0","14","4","10","1","0","1","2","1","1","5","3","2","-2"
"228644","The University of Texas Health Science Center at San Antonio","2020","First major","'99'","Grand total","Doctor's degree - professional practice","350","187","163","1","0","1","74","34","40","15","7","8","80","44","36","0","0","0","158","94","64","14","6","8","4","1","3","4","1","3","-2"
"228653","The University of Texas Medical Branch at Galveston","2020","First major","'99'","Grand total","Bachelor's degree","427","56","371","0","0","0","71","11","60","31","6","25","96","18","78","0","0","0","205","15","190","15","3","12","3","0","3","6","3","3","-2"
"228653","The University of Texas Medical Branch at Galveston","2020","First major","'99'","Grand total","Master's degree","371","52","319","1","1","0","59","14","45","36","3","33","58","6","52","1","0","1","172","24","148","8","3","5","33","1","32","3","0","3","-2"
"228653","The University of Texas Medical Branch at Galveston","2020","First major","'99'","Grand total","Doctor's degree - research/scholarship","34","10","24","1","0","1","4","1","3","1","0","1","1","0","1","0","0","0","22","7","15","1","0","1","1","0","1","3","2","1","-2"
"228653","The University of Texas Medical Branch at Galveston","2020","First major","'99'","Grand total","Doctor's degree - professional practice","293","137","156","1","0","1","69","38","31","20","5","15","60","31","29","1","0","1","125","56","69","5","3","2","11","3","8","1","1","0","-2"
"228699","Texarkana College","2020","First major","'99'","Grand total","Associate's degree","405","107","298","1","1","0","2","0","2","108","18","90","34","14","20","1","1","0","237","67","170","13","3","10","4","1","3","5","2","3","-2"
"228705","Texas A & M University-Kingsville","2020","First major","'99'","Grand total","Bachelor's degree","1157","576","581","1","0","1","15","8","7","50","33","17","790","354","436","2","1","1","174","87","87","16","7","9","3","1","2","106","85","21","-2"
"228705","Texas A & M University-Kingsville","2020","First major","'99'","Grand total","Master's degree","592","312","280","0","0","0","13","4","9","17","9","8","181","51","130","0","0","0","91","40","51","7","4","3","4","4","0","279","200","79","-2"
"228705","Texas A & M University-Kingsville","2020","First major","'99'","Grand total","Doctor's degree - research/scholarship","29","15","14","0","0","0","0","0","0","0","0","0","11","1","10","0","0","0","5","4","1","0","0","0","0","0","0","13","10","3","-2"
"228705","Texas A & M University-Kingsville","2020","Second major","'99'","Grand total","Bachelor's degree","5","1","4","0","0","0","0","0","0","0","0","0","5","1","4","0","0","0","0","0","0","0","0","0","0","0","0","0","0","0","-2"
"228723","Texas A & M University-College Station","2020","First major","'99'","Grand total","Bachelor's degree","12852","6275","6577","27","13","14","843","459","384","368","170","198","2882","1344","1538","14","4","10","8127","3978","4149","396","179","217","31","17","14","164","111","53","-2"
"228723","Texas A & M University-College Station","2020","First major","'99'","Grand total","Master's degree","3555","1934","1621","6","3","3","164","86","78","113","45","68","450","202","248","1","0","1","1684","835","849","55","34","21","99","62","37","983","667","316","-2"
"228723","Texas A & M University-College Station","2020","First major","'99'","Grand total","Doctor's degree - research/scholarship","813","481","332","2","0","2","26","20","6","22","6","16","58","28","30","1","1","0","268","147","121","8","6","2","30","14","16","398","259","139","-2"
"228723","Texas A & M University-College Station","2020","First major","'99'","Grand total","Doctor's degree - professional practice","658","282","376","0","0","0","138","53","85","35","16","19","115","46","69","0","0","0","343","157","186","13","5","8","6","2","4","8","3","5","-2"
"228723","Texas A & M University-College Station","2020","Second major","'99'","Grand total","Bachelor's degree","282","118","164","1","0","1","17","10","7","5","3","2","72","30","42","0","0","0","174","69","105","11","5","6","0","0","0","2","1","1","-2"
"228769","The University of Texas at Arlington","2020","First major","'99'","Grand total","Bachelor's degree","8553","2922","5631","14","6","8","980","424","556","1164","287","877","2350","779","1571","14","4","10","3166","1011","2155","276","104","172","41","8","33","548","299","249","-2"
"228769","The University of Texas at Arlington","2020","First major","'99'","Grand total","Master's degree","4882","1635","3247","9","2","7","266","79","187","579","99","480","859","175","684","3","1","2","1762","381","1381","116","30","86","46","16","30","1242","852","390","-2"
"228769","The University of Texas at Arlington","2020","First major","'99'","Grand total","Doctor's degree - research/scholarship","205","126","79","2","1","1","9","2","7","14","4","10","6","3","3","0","0","0","39","20","19","4","0","4","7","1","6","124","95","29","-2"
"228769","The University of Texas at Arlington","2020","First major","'99'","Grand total","Doctor's degree - professional practice","60","6","54","0","0","0","5","0","5","17","3","14","7","0","7","0","0","0","26","3","23","2","0","2","3","0","3","0","0","0","-2"
"228778","The University of Texas at Austin","2020","First major","'99'","Grand total","Bachelor's degree","10815","4923","5892","16","10","6","2381","1208","1173","420","153","267","2477","996","1481","13","5","8","4496","2047","2449","367","176","191","120","65","55","525","263","262","-2"
"228778","The University of Texas at Austin","2020","First major","'99'","Grand total","Master's degree","2996","1502","1494","8","2","6","329","157","172","112","51","61","349","164","185","0","0","0","1369","650","719","75","38","37","76","41","35","678","399","279","-2"
"228778","The University of Texas at Austin","2020","First major","'99'","Grand total","Doctor's degree - research/scholarship","806","461","345","1","1","0","46","27","19","16","6","10","65","26","39","0","0","0","326","173","153","10","5","5","41","19","22","301","204","97","-2"
"228778","The University of Texas at Austin","2020","First major","'99'","Grand total","Doctor's degree - professional practice","504","235","269","3","2","1","63","19","44","19","9","10","88","34","54","0","0","0","283","147","136","17","6","11","15","9","6","16","9","7","-2"
"228787","The University of Texas at Dallas","2020","First major","'99'","Grand total","Bachelor's degree","4637","2539","2098","9","6","3","1436","732","704","243","114","129","859","433","426","13","6","7","1592","968","624","194","109","85","91","56","35","200","115","85","-2"
"228787","The University of Texas at Dallas","2020","First major","'99'","Grand total","Master's degree","3542","1945","1597","4","2","2","364","181","183","87","32","55","183","83","100","0","0","0","705","375","330","53","25","28","99","51","48","2047","1196","851","-2"
"228787","The University of Texas at Dallas","2020","First major","'99'","Grand total","Doctor's degree - research/scholarship","240","150","90","0","0","0","11","8","3","7","4","3","15","7","8","0","0","0","52","35","17","3","2","1","11","5","6","141","89","52","-2"
"228787","The University of Texas at Dallas","2020","First major","'99'","Grand total","Doctor's degree - professional practice","16","1","15","0","0","0","1","0","1","0","0","0","2","1","1","0","0","0","10","0","10","1","0","1","0","0","0","2","0","2","-2"
"228796","The University of Texas at El Paso","2020","First major","'99'","Grand total","Bachelor's degree","3800","1672","2128","3","0","3","38","10","28","97","41","56","3113","1326","1787","5","3","2","238","106","132","33","12","21","19","10","9","254","164","90","-2"
"228796","The University of Texas at El Paso","2020","First major","'99'","Grand total","Master's degree","1143","485","658","6","1","5","31","7","24","71","29","42","695","268","427","4","1","3","199","110","89","0","0","0","26","10","16","111","59","52","-2"
"228796","The University of Texas at El Paso","2020","First major","'99'","Grand total","Doctor's degree - research/scholarship","139","79","60","0","0","0","2","1","1","8","2","6","63","31","32","0","0","0","15","10","5","0","0","0","9","4","5","42","31","11","-2"
"228796","The University of Texas at El Paso","2020","First major","'99'","Grand total","Doctor's degree - professional practice","26","10","16","0","0","0","0","0","0","0","0","0","18","5","13","0","0","0","7","4","3","0","0","0","1","1","0","0","0","0","-2"
"228796","The University of Texas at El Paso","2020","Second major","'99'","Grand total","Bachelor's degree","70","28","42","0","0","0","1","0","1","0","0","0","57","24","33","0","0","0","4","0","4","1","1","0","0","0","0","7","3","4","-2"
"228802","The University of Texas at Tyler","2020","First major","'99'","Grand total","Bachelor's degree","1812","719","1093","8","4","4","71","39","32","176","55","121","344","146","198","0","0","0","1093","414","679","45","21","24","22","12","10","53","28","25","-2"
"228802","The University of Texas at Tyler","2020","First major","'99'","Grand total","Master's degree","936","293","643","2","1","1","47","23","24","93","31","62","135","48","87","0","0","0","584","163","421","34","12","22","18","6","12","23","9","14","-2"
"228802","The University of Texas at Tyler","2020","First major","'99'","Grand total","Doctor's degree - research/scholarship","27","2","25","0","0","0","0","0","0","3","0","3","3","0","3","0","0","0","18","2","16","2","0","2","1","0","1","0","0","0","-2"
"228802","The University of Texas at Tyler","2020","First major","'99'","Grand total","Doctor's degree - professional practice","95","44","51","0","0","0","19","12","7","26","15","11","18","8","10","0","0","0","28","6","22","4","3","1","0","0","0","0","0","0","-2"
"228802","The University of Texas at Tyler","2020","Second major","'99'","Grand total","Bachelor's degree","5","1","4","0","0","0","0","0","0","0","0","0","0","0","0","0","0","0","4","0","4","0","0","0","0","0","0","1","1","0","-2"
"228866","Texas Chiropractic College Foundation Inc","2020","First major","'99'","Grand total","Doctor's degree - professional practice","66","33","33","0","0","0","5","2","3","6","1","5","14","10","4","1","1","0","32","17","15","2","0","2","4","0","4","2","2","0","-2"
"228875","Texas Christian University","2020","First major","'99'","Grand total","Bachelor's degree","2157","855","1302","20","10","10","59","28","31","117","44","73","298","120","178","3","2","1","1514","580","934","26","7","19","19","9","10","101","55","46","-2"
"228875","Texas Christian University","2020","First major","'99'","Grand total","Master's degree","465","211","254","3","0","3","8","4","4","22","11","11","56","26","30","1","1","0","296","122","174","9","2","7","39","30","9","31","15","16","-2"
"228875","Texas Christian University","2020","First major","'99'","Grand total","Doctor's degree - research/scholarship","33","13","20","0","0","0","1","1","0","0","0","0","1","0","1","0","0","0","21","7","14","2","0","2","0","0","0","8","5","3","-2"
"228875","Texas Christian University","2020","First major","'99'","Grand total","Doctor's degree - professional practice","70","15","55","0","0","0","2","0","2","3","0","3","5","3","2","0","0","0","54","11","43","3","0","3","3","1","2","0","0","0","-2"
"228875","Texas Christian University","2020","Second major","'99'","Grand total","Bachelor's degree","183","91","92","1","0","1","6","4","2","4","1","3","15","9","6","0","0","0","142","70","72","1","1","0","2","1","1","12","5","7","-2"
"228875","Texas Christian University","2020","Second major","'99'","Grand total","Doctor's degree - professional practice","2","0","2","0","0","0","0","0","0","0","0","0","0","0","0","0","0","0","2","0","2","0","0","0","0","0","0","0","0","0","-2"
"228884","Texas College","2020","First major","'99'","Grand total","Associate's degree","10","5","5","0","0","0","0","0","0","9","4","5","1","1","0","0","0","0","0","0","0","0","0","0","0","0","0","0","0","0","-2"
"228884","Texas College","2020","First major","'99'","Grand total","Bachelor's degree","126","59","67","0","0","0","0","0","0","111","48","63","6","3","3","0","0","0","5","5","0","2","2","0","0","0","0","2","1","1","-2"
"228909","University of North Texas Health Science Center","2020","First major","'99'","Grand total","Master's degree","379","126","253","1","1","0","91","32","59","32","6","26","45","17","28","0","0","0","178","64","114","11","2","9","6","2","4","15","2","13","-2"
"228909","University of North Texas Health Science Center","2020","First major","'99'","Grand total","Doctor's degree - research/scholarship","19","4","15","0","0","0","4","1","3","2","1","1","1","0","1","0","0","0","4","1","3","0","0","0","0","0","0","8","1","7","-2"
"228909","University of North Texas Health Science Center","2020","First major","'99'","Grand total","Doctor's degree - professional practice","346","151","195","1","1","0","118","49","69","17","2","15","38","18","20","1","0","1","157","75","82","11","6","5","2","0","2","1","0","1","-2"
"228981","Texas Lutheran University","2020","First major","'99'","Grand total","Bachelor's degree","237","118","119","0","0","0","2","1","1","24","17","7","70","32","38","0","0","0","138","66","72","0","0","0","1","1","0","2","1","1","-2"
"228981","Texas Lutheran University","2020","First major","'99'","Grand total","Master's degree","27","16","11","0","0","0","1","0","1","1","1","0","4","2","2","0","0","0","20","12","8","0","0","0","1","1","0","0","0","0","-2"
"228981","Texas Lutheran University","2020","Second major","'99'","Grand total","Bachelor's degree","2","2","0","0","0","0","0","0","0","0","0","0","1","1","0","0","0","0","1","1","0","0","0","0","0","0","0","0","0","0","-2"
"229018","The University of Texas Permian Basin","2020","First major","'99'","Grand total","Bachelor's degree","864","352","512","4","2","2","22","7","15","45","22","23","257","87","170","0","0","0","479","205","274","8","4","4","49","25","24","0","0","0","-2"
"229018","The University of Texas Permian Basin","2020","First major","'99'","Grand total","Master's degree","532","209","323","7","2","5","25","14","11","39","14","25","86","23","63","5","3","2","307","129","178","13","6","7","50","18","32","0","0","0","-2"
"229027","The University of Texas at San Antonio","2020","First major","'99'","Grand total","Bachelor's degree","5845","2787","3058","11","10","1","329","159","170","521","212","309","3268","1501","1767","9","6","3","1375","736","639","176","88","88","46","18","28","110","57","53","-2"
"229027","The University of Texas at San Antonio","2020","First major","'99'","Grand total","Master's degree","1308","528","780","4","2","2","77","31","46","96","31","65","573","197","376","4","2","2","387","188","199","24","9","15","56","24","32","87","44","43","-2"
"229027","The University of Texas at San Antonio","2020","First major","'99'","Grand total","Doctor's degree - research/scholarship","121","54","67","0","0","0","5","4","1","4","1","3","34","8","26","0","0","0","34","13","21","0","0","0","9","4","5","35","24","11","-2"
"229027","The University of Texas at San Antonio","2020","Second major","'99'","Grand total","Bachelor's degree","136","83","53","0","0","0","10","6","4","6","3","3","77","45","32","1","1","0","31","21","10","4","3","1","0","0","0","7","4","3","-2"
"229063","Texas Southern University","2020","First major","'99'","Grand total","Bachelor's degree","1001","463","538","2","1","1","20","9","11","699","270","429","84","34","50","1","0","1","16","9","7","15","3","12","0","0","0","164","137","27","-2"
"229063","Texas Southern University","2020","First major","'99'","Grand total","Master's degree","243","100","143","1","1","0","12","7","5","193","75","118","13","6","7","0","0","0","5","3","2","0","0","0","0","0","0","19","8","11","-2"
"229063","Texas Southern University","2020","First major","'99'","Grand total","Doctor's degree - research/scholarship","25","6","19","0","0","0","1","0","1","18","6","12","1","0","1","0","0","0","2","0","2","0","0","0","0","0","0","3","0","3","-2"
"229063","Texas Southern University","2020","First major","'99'","Grand total","Doctor's degree - professional practice","295","99","196","2","2","0","37","10","27","179","56","123","51","21","30","1","0","1","20","7","13","1","0","1","0","0","0","4","3","1","-2"
"229115","Texas Tech University","2020","First major","'99'","Grand total","Bachelor's degree","6397","3281","3116","25","10","15","215","121","94","377","200","177","1589","754","835","8","6","2","3722","1918","1804","188","79","109","32","21","11","241","172","69","-2"
"229115","Texas Tech University","2020","First major","'99'","Grand total","Master's degree","1658","748","910","4","1","3","108","54","54","104","39","65","265","119","146","1","0","1","903","390","513","66","26","40","13","4","9","194","115","79","-2"
"229115","Texas Tech University","2020","First major","'99'","Grand total","Doctor's degree - research/scholarship","390","180","210","1","0","1","18","7","11","20","8","12","24","11","13","0","0","0","180","71","109","9","2","7","3","1","2","135","80","55","-2"
"229115","Texas Tech University","2020","First major","'99'","Grand total","Doctor's degree - professional practice","127","82","45","1","0","1","2","2","0","3","1","2","18","7","11","0","0","0","91","66","25","10","5","5","2","1","1","0","0","0","-2"
"229115","Texas Tech University","2020","Second major","'99'","Grand total","Bachelor's degree","195","102","93","1","1","0","8","4","4","2","1","1","33","18","15","0","0","0","140","73","67","3","1","2","0","0","0","8","4","4","-2"
"229160","Texas Wesleyan University","2020","First major","'99'","Grand total","Bachelor's degree","339","145","194","2","1","1","3","2","1","46","21","25","113","45","68","1","0","1","125","45","80","10","3","7","2","1","1","37","27","10","-2"
"229160","Texas Wesleyan University","2020","First major","'99'","Grand total","Master's degree","231","87","144","2","0","2","13","6","7","35","12","23","39","16","23","1","0","1","115","43","72","18","9","9","4","0","4","4","1","3","-2"
"229160","Texas Wesleyan University","2020","First major","'99'","Grand total","Doctor's degree - research/scholarship","39","7","32","0","0","0","0","0","0","15","1","14","6","1","5","0","0","0","16","4","12","1","1","0","0","0","0","1","0","1","-2"
"229179","Texas Woman's University","2020","First major","'99'","Grand total","Bachelor's degree","2182","205","1977","6","0","6","217","30","187","329","27","302","630","50","580","1","0","1","880","80","800","81","16","65","15","1","14","23","1","22","-2"
"229179","Texas Woman's University","2020","First major","'99'","Grand total","Master's degree","1491","126","1365","4","0","4","138","24","114","226","23","203","296","25","271","0","0","0","731","43","688","42","1","41","19","0","19","35","10","25","-2"
"229179","Texas Woman's University","2020","First major","'99'","Grand total","Doctor's degree - research/scholarship","117","24","93","1","0","1","10","2","8","18","2","16","14","4","10","0","0","0","56","10","46","3","0","3","3","0","3","12","6","6","-2"
"229179","Texas Woman's University","2020","First major","'99'","Grand total","Doctor's degree - professional practice","95","24","71","0","0","0","11","6","5","4","1","3","20","5","15","0","0","0","52","10","42","4","1","3","3","1","2","1","0","1","-2"
"229179","Texas Woman's University","2020","Second major","'99'","Grand total","Bachelor's degree","9","2","7","0","0","0","0","0","0","3","1","2","2","1","1","0","0","0","4","0","4","0","0","0","0","0","0","0","0","0","-2"
"229267","Trinity University","2020","First major","'99'","Grand total","Bachelor's degree","552","249","303","2","1","1","38","17","21","24","12","12","131","61","70","0","0","0","294","125","169","25","14","11","9","2","7","29","17","12","-2"
"229267","Trinity University","2020","First major","'99'","Grand total","Master's degree","95","36","59","0","0","0","3","0","3","4","1","3","30","11","19","0","0","0","51","22","29","3","0","3","1","0","1","3","2","1","-2"
"229267","Trinity University","2020","Second major","'99'","Grand total","Bachelor's degree","125","46","79","0","0","0","7","1","6","3","1","2","29","10","19","0","0","0","71","27","44","4","2","2","3","1","2","8","4","4","-2"
"229300","The University of Texas Health Science Center at Houston","2020","First major","'99'","Grand total","Bachelor's degree","491","65","426","2","0","2","89","12","77","61","12","49","137","19","118","1","0","1","175","21","154","13","0","13","6","0","6","7","1","6","-2"
"229300","The University of Texas Health Science Center at Houston","2020","First major","'99'","Grand total","Master's degree","708","172","536","1","0","1","151","29","122","78","20","58","148","43","105","4","0","4","234","58","176","21","5","16","23","6","17","48","11","37","-2"
"229300","The University of Texas Health Science Center at Houston","2020","First major","'99'","Grand total","Doctor's degree - research/scholarship","161","46","115","0","0","0","13","2","11","19","3","16","18","6","12","1","1","0","64","20","44","5","0","5","8","2","6","33","12","21","-2"
"229300","The University of Texas Health Science Center at Houston","2020","First major","'99'","Grand total","Doctor's degree - professional practice","346","153","193","1","0","1","101","39","62","26","9","17","50","21","29","0","0","0","143","67","76","8","5","3","16","12","4","1","0","1","-2"
"229337","Texas Tech University Health Sciences Center","2020","First major","'99'","Grand total","Bachelor's degree","1223","207","1016","12","1","11","63","24","39","92","14","78","320","60","260","0","0","0","694","102","592","0","0","0","36","6","30","6","0","6","-2"
"229337","Texas Tech University Health Sciences Center","2020","First major","'99'","Grand total","Master's degree","764","153","611","11","3","8","41","14","27","76","15","61","147","34","113","0","0","0","452","81","371","0","0","0","26","4","22","11","2","9","-2"
"229337","Texas Tech University Health Sciences Center","2020","First major","'99'","Grand total","Doctor's degree - research/scholarship","50","19","31","1","0","1","4","1","3","3","0","3","3","1","2","0","0","0","25","7","18","0","0","0","3","0","3","11","10","1","-2"
"229337","Texas Tech University Health Sciences Center","2020","First major","'99'","Grand total","Doctor's degree - professional practice","442","195","247","3","0","3","100","45","55","21","10","11","53","28","25","0","0","0","206","87","119","0","0","0","50","22","28","9","3","6","-2"
"229355","Tyler Junior College","2020","First major","'99'","Grand total","Associate's degree","1735","607","1128","5","2","3","32","16","16","266","88","178","445","155","290","1","1","0","870","298","572","90","35","55","17","6","11","9","6","3","-2"
"229355","Tyler Junior College","2020","First major","'99'","Grand total","Bachelor's degree","8","1","7","0","0","0","0","0","0","0","0","0","3","1","2","0","0","0","5","0","5","0","0","0","0","0","0","0","0","0","-2"
"229504","Vernon College","2020","First major","'99'","Grand total","Associate's degree","286","90","196","2","1","1","8","1","7","22","6","16","72","14","58","0","0","0","165","59","106","14","6","8","1","1","0","2","2","0","-2"
"229540","Victoria College","2020","First major","'99'","Grand total","Associate's degree","396","137","259","0","0","0","12","3","9","23","7","16","170","60","110","0","0","0","184","65","119","6","1","5","1","1","0","0","0","0","-2"
"229780","Wayland Baptist University","2020","First major","'99'","Grand total","Associate's degree","164","104","60","2","0","2","5","3","2","31","16","15","47","32","15","7","3","4","59","42","17","9","6","3","4","2","2","0","0","0","-2"
"229780","Wayland Baptist University","2020","First major","'99'","Grand total","Bachelor's degree","851","405","446","7","3","4","16","5","11","125","53","72","278","108","170","12","8","4","337","184","153","40","20","20","26","16","10","10","8","2","-2"
"229780","Wayland Baptist University","2020","First major","'99'","Grand total","Master's degree","401","196","205","3","3","0","7","4","3","83","44","39","110","44","66","5","2","3","158","80","78","21","12","9","10","5","5","4","2","2","-2"
"229780","Wayland Baptist University","2020","First major","'99'","Grand total","Doctor's degree - research/scholarship","7","3","4","1","1","0","1","0","1","0","0","0","0","0","0","0","0","0","3","1","2","2","1","1","0","0","0","0","0","0","-2"
"229780","Wayland Baptist University","2020","Second major","'99'","Grand total","Bachelor's degree","9","6","3","0","0","0","0","0","0","1","1","0","3","2","1","0","0","0","5","3","2","0","0","0","0","0","0","0","0","0","-2"
"229799","Weatherford College","2020","First major","'99'","Grand total","Associate's degree","815","242","573","5","2","3","7","1","6","26","10","16","185","51","134","2","0","2","543","160","383","22","7","15","5","2","3","20","9","11","-2"
"229814","West Texas A & M University","2020","First major","'99'","Grand total","Bachelor's degree","1764","651","1113","4","1","3","41","15","26","82","34","48","499","160","339","2","1","1","1029","395","634","49","21","28","28","7","21","30","17","13","-2"
"229814","West Texas A & M University","2020","First major","'99'","Grand total","Master's degree","827","346","481","3","1","2","62","30","32","45","23","22","131","45","86","0","0","0","532","226","306","16","5","11","4","1","3","34","15","19","-2"
"229814","West Texas A & M University","2020","First major","'99'","Grand total","Doctor's degree - research/scholarship","2","1","1","0","0","0","0","0","0","0","0","0","0","0","0","0","0","0","2","1","1","0","0","0","0","0","0","0","0","0","-2"
"229814","West Texas A & M University","2020","Second major","'99'","Grand total","Bachelor's degree","48","20","28","0","0","0","3","1","2","3","3","0","17","6","11","1","0","1","19","8","11","3","2","1","0","0","0","2","0","2","-2"
"229832","Western Texas College","2020","First major","'99'","Grand total","Associate's degree","203","116","87","1","1","0","1","0","1","17","14","3","85","53","32","0","0","0","86","40","46","0","0","0","0","0","0","13","8","5","-2"
"229841","Wharton County Junior College","2020","First major","'99'","Grand total","Associate's degree","740","295","445","5","1","4","106","45","61","76","27","49","281","107","174","0","0","0","272","115","157","0","0","0","0","0","0","0","0","0","-2"
"229887","Wiley College","2020","First major","'99'","Grand total","Associate's degree","10","9","1","2","2","0","0","0","0","6","5","1","0","0","0","0","0","0","2","2","0","0","0","0","0","0","0","0","0","0","-2"
"229887","Wiley College","2020","First major","'99'","Grand total","Bachelor's degree","165","65","100","1","1","0","0","0","0","140","51","89","2","2","0","0","0","0","4","2","2","0","0","0","0","0","0","18","9","9","-2"
"230038","Brigham Young University-Provo","2020","First major","'99'","Grand total","Bachelor's degree","6684","3324","3360","17","9","8","123","63","60","38","21","17","451","228","223","23","17","6","5469","2724","2745","277","122","155","64","31","33","222","109","113","-2"
"230038","Brigham Young University-Provo","2020","First major","'99'","Grand total","Master's degree","1033","606","427","0","0","0","25","13","12","3","2","1","47","25","22","6","4","2","832","498","334","27","13","14","10","5","5","83","46","37","-2"
"230038","Brigham Young University-Provo","2020","First major","'99'","Grand total","Doctor's degree - research/scholarship","113","71","42","0","0","0","5","2","3","0","0","0","2","1","1","0","0","0","80","51","29","2","2","0","0","0","0","24","15","9","-2"
"230038","Brigham Young University-Provo","2020","First major","'99'","Grand total","Doctor's degree - professional practice","99","64","35","0","0","0","1","1","0","1","0","1","5","4","1","0","0","0","83","56","27","9","3","6","0","0","0","0","0","0","-2"
"230038","Brigham Young University-Provo","2020","Second major","'99'","Grand total","Bachelor's degree","165","97","68","0","0","0","3","2","1","0","0","0","14","9","5","0","0","0","135","81","54","7","2","5","1","1","0","5","2","3","-2"
"230047","Brigham Young University-Hawaii","2020","First major","'99'","Grand total","Associate's degree","57","10","47","0","0","0","2","0","2","0","0","0","6","1","5","3","0","3","27","4","23","4","2","2","3","1","2","12","2","10","-2"
"230047","Brigham Young University-Hawaii","2020","First major","'99'","Grand total","Bachelor's degree","665","263","402","3","2","1","26","11","15","2","2","0","31","12","19","57","17","40","222","83","139","42","10","32","6","1","5","276","125","151","-2"
"230047","Brigham Young University-Hawaii","2020","Second major","'99'","Grand total","Bachelor's degree","43","22","21","1","1","0","2","1","1","0","0","0","0","0","0","1","1","0","12","4","8","2","0","2","0","0","0","25","15","10","-2"
"230056","Broadview University-West Jordan","2020","First major","'99'","Grand total","Associate's degree","33","2","31","1","0","1","0","0","0","0","0","0","10","0","10","0","0","0","22","2","20","0","0","0","0","0","0","0","0","0","-2"
"230056","Broadview University-West Jordan","2020","First major","'99'","Grand total","Bachelor's degree","0","0","0","0","0","0","0","0","0","0","0","0","0","0","0","0","0","0","0","0","0","0","0","0","0","0","0","0","0","0","-2"
"230056","Broadview University-West Jordan","2020","First major","'99'","Grand total","Master's degree","0","0","0","0","0","0","0","0","0","0","0","0","0","0","0","0","0","0","0","0","0","0","0","0","0","0","0","0","0","0","-2"
"230171","Dixie State University","2020","First major","'99'","Grand total","Associate's degree","863","277","586","8","2","6","9","2","7","10","5","5","104","30","74","0","0","0","685","210","475","20","12","8","12","9","3","15","7","8","-2"
"230171","Dixie State University","2020","First major","'99'","Grand total","Bachelor's degree","936","359","577","5","2","3","11","4","7","19","8","11","95","29","66","0","0","0","737","284","453","20","11","9","26","11","15","23","10","13","-2"
"230171","Dixie State University","2020","First major","'99'","Grand total","Master's degree","30","20","10","0","0","0","1","0","1","0","0","0","1","0","1","0","0","0","28","20","8","0","0","0","0","0","0","0","0","0","-2"
"230366","Eagle Gate College-Murray","2020","First major","'99'","Grand total","Associate's degree","0","0","0","0","0","0","0","0","0","0","0","0","0","0","0","0","0","0","0","0","0","0","0","0","0","0","0","0","0","0","-2"
"230366","Eagle Gate College-Murray","2020","First major","'99'","Grand total","Bachelor's degree","49","11","38","0","0","0","2","1","1","1","0","1","3","0","3","0","0","0","42","10","32","1","0","1","0","0","0","0","0","0","-2"
"230366","Eagle Gate College-Murray","2020","First major","'99'","Grand total","Master's degree","0","0","0","0","0","0","0","0","0","0","0","0","0","0","0","0","0","0","0","0","0","0","0","0","0","0","0","0","0","0","-2"
"230418","Ensign College","2020","First major","'99'","Grand total","Associate's degree","539","287","252","2","2","0","4","2","2","3","2","1","60","39","21","9","4","5","243","123","120","10","4","6","2","0","2","206","111","95","-2"
"230597","Snow College","2020","First major","'99'","Grand total","Associate's degree","1010","378","632","3","0","3","3","1","2","11","8","3","54","19","35","20","9","11","876","311","565","6","3","3","2","1","1","35","26","9","-2"
"230597","Snow College","2020","First major","'99'","Grand total","Bachelor's degree","29","18","11","0","0","0","0","0","0","0","0","0","0","0","0","0","0","0","28","17","11","0","0","0","0","0","0","1","1","0","-2"
"230603","Southern Utah University","2020","First major","'99'","Grand total","Associate's degree","963","354","609","9","4","5","18","8","10","18","9","9","58","18","40","7","2","5","800","292","508","6","2","4","37","14","23","10","5","5","-2"
"230603","Southern Utah University","2020","First major","'99'","Grand total","Bachelor's degree","1210","559","651","19","10","9","15","4","11","29","17","12","86","36","50","20","9","11","905","411","494","9","4","5","47","23","24","80","45","35","-2"
"230603","Southern Utah University","2020","First major","'99'","Grand total","Master's degree","450","208","242","3","2","1","11","2","9","9","5","4","15","5","10","2","1","1","387","181","206","0","0","0","16","7","9","7","5","2","-2"
"230603","Southern Utah University","2020","Second major","'99'","Grand total","Bachelor's degree","56","28","28","0","0","0","0","0","0","1","0","1","3","1","2","1","1","0","46","23","23","0","0","0","4","2","2","1","1","0","-2"
"230621","Stevens-Henager College","2020","First major","'99'","Grand total","Associate's degree","25","3","22","0","0","0","0","0","0","1","0","1","4","1","3","1","0","1","15","2","13","4","0","4","0","0","0","0","0","0","-2"
"230621","Stevens-Henager College","2020","First major","'99'","Grand total","Bachelor's degree","16","8","8","1","0","1","1","0","1","0","0","0","1","1","0","1","1","0","10","5","5","2","1","1","0","0","0","0","0","0","-2"
"230630","Stevens-Henager College","2020","First major","'99'","Grand total","Associate's degree","8","2","6","0","0","0","0","0","0","0","0","0","1","1","0","0","0","0","5","0","5","2","1","1","0","0","0","0","0","0","-2"
"230630","Stevens-Henager College","2020","First major","'99'","Grand total","Bachelor's degree","19","14","5","0","0","0","1","1","0","0","0","0","2","1","1","0","0","0","16","12","4","0","0","0","0","0","0","0","0","0","-2"
"230728","Utah State University","2020","First major","'99'","Grand total","Associate's degree","1209","403","806","48","11","37","13","6","7","8","4","4","63","17","46","1","0","1","1035","346","689","24","10","14","10","3","7","7","6","1","-2"
"230728","Utah State University","2020","First major","'99'","Grand total","Bachelor's degree","4411","1990","2421","31","7","24","54","24","30","30","20","10","248","93","155","16","11","5","3629","1653","1976","91","40","51","237","104","133","75","38","37","-2"
"230728","Utah State University","2020","First major","'99'","Grand total","Master's degree","837","435","402","2","1","1","18","11","7","7","4","3","33","12","21","2","1","1","708","365","343","14","7","7","8","7","1","45","27","18","-2"
"230728","Utah State University","2020","First major","'99'","Grand total","Doctor's degree - research/scholarship","96","48","48","0","0","0","18","11","7","1","0","1","3","0","3","0","0","0","67","34","33","0","0","0","5","2","3","2","1","1","-2"
"230728","Utah State University","2020","First major","'99'","Grand total","Doctor's degree - professional practice","7","2","5","0","0","0","0","0","0","0","0","0","0","0","0","1","0","1","6","2","4","0","0","0","0","0","0","0","0","0","-2"
"230737","Utah Valley University","2020","First major","'99'","Grand total","Associate's degree","2352","1096","1256","7","2","5","39","21","18","20","10","10","274","125","149","12","6","6","1877","865","1012","78","41","37","22","13","9","23","13","10","-2"
"230737","Utah Valley University","2020","First major","'99'","Grand total","Bachelor's degree","3713","2036","1677","11","6","5","74","41","33","30","14","16","363","181","182","17","12","5","3019","1671","1348","104","45","59","69","49","20","26","17","9","-2"
"230737","Utah Valley University","2020","First major","'99'","Grand total","Master's degree","285","164","121","1","1","0","9","2","7","4","3","1","24","13","11","3","1","2","228","134","94","9","6","3","6","3","3","1","1","0","-2"
"230746","Salt Lake Community College","2020","First major","'99'","Grand total","Associate's degree","3393","1417","1976","22","11","11","148","72","76","50","28","22","581","204","377","23","13","10","2401","1020","1381","99","42","57","27","11","16","42","16","26","-2"
"230764","University of Utah","2020","First major","'99'","Grand total","Bachelor's degree","5310","2660","2650","23","9","14","292","133","159","75","42","33","638","255","383","18","10","8","3639","1898","1741","290","123","167","53","31","22","282","159","123","-2"
"230764","University of Utah","2020","First major","'99'","Grand total","Master's degree","2296","1287","1009","8","2","6","92","43","49","22","13","9","177","95","82","11","2","9","1463","814","649","73","35","38","163","105","58","287","178","109","-2"
"230764","University of Utah","2020","First major","'99'","Grand total","Doctor's degree - research/scholarship","371","221","150","0","0","0","18","6","12","8","4","4","13","7","6","0","0","0","207","111","96","4","1","3","15","11","4","106","81","25","-2"
"230764","University of Utah","2020","First major","'99'","Grand total","Doctor's degree - professional practice","496","241","255","0","0","0","40","12","28","5","2","3","31","12","19","1","0","1","382","193","189","18","10","8","18","11","7","1","1","0","-2"
"230782","Weber State University","2020","First major","'99'","Grand total","Associate's degree","2678","1037","1641","4","1","3","54","22","32","23","8","15","310","104","206","9","3","6","2063","806","1257","112","49","63","67","21","46","36","23","13","-2"
"230782","Weber State University","2020","First major","'99'","Grand total","Bachelor's degree","2603","1078","1525","7","2","5","53","21","32","38","26","12","247","100","147","13","8","5","1993","801","1192","66","29","37","126","52","74","60","39","21","-2"
"230782","Weber State University","2020","First major","'99'","Grand total","Master's degree","333","148","185","1","0","1","3","1","2","1","0","1","13","6","7","0","0","0","186","80","106","7","1","6","117","57","60","5","3","2","-2"
"230782","Weber State University","2020","First major","'99'","Grand total","Doctor's degree - professional practice","0","0","0","0","0","0","0","0","0","0","0","0","0","0","0","0","0","0","0","0","0","0","0","0","0","0","0","0","0","0","-2"
"230807","Westminster College","2020","First major","'99'","Grand total","Bachelor's degree","458","187","271","1","0","1","19","3","16","9","5","4","55","25","30","0","0","0","328","130","198","17","8","9","9","4","5","20","12","8","-2"
"230807","Westminster College","2020","First major","'99'","Grand total","Master's degree","192","77","115","0","0","0","12","5","7","5","4","1","26","7","19","0","0","0","125","46","79","8","4","4","8","4","4","8","7","1","-2"
"230807","Westminster College","2020","First major","'99'","Grand total","Doctor's degree - professional practice","7","2","5","0","0","0","1","1","0","0","0","0","0","0","0","1","0","1","3","0","3","2","1","1","0","0","0","0","0","0","-2"
"230807","Westminster College","2020","Second major","'99'","Grand total","Bachelor's degree","19","11","8","0","0","0","0","0","0","0","0","0","1","1","0","0","0","0","15","9","6","1","0","1","0","0","0","2","1","1","-2"
"230816","Bennington College","2020","First major","'99'","Grand total","Bachelor's degree","173","52","121","1","0","1","1","1","0","8","2","6","13","3","10","0","0","0","100","30","70","7","3","4","11","1","10","32","12","20","-2"
"230816","Bennington College","2020","First major","'99'","Grand total","Master's degree","42","13","29","0","0","0","2","1","1","2","0","2","1","0","1","0","0","0","33","11","22","0","0","0","4","1","3","0","0","0","-2"
"230816","Bennington College","2020","Second major","'99'","Grand total","Bachelor's degree","81","23","58","1","0","1","1","1","0","5","1","4","8","2","6","0","0","0","42","13","29","2","1","1","6","1","5","16","4","12","-2"
"230816","Bennington College","2020","Second major","'99'","Grand total","Master's degree","4","0","4","0","0","0","0","0","0","0","0","0","0","0","0","0","0","0","4","0","4","0","0","0","0","0","0","0","0","0","-2"
"230834","Castleton University","2020","First major","'99'","Grand total","Associate's degree","4","0","4","0","0","0","0","0","0","0","0","0","0","0","0","0","0","0","3","0","3","0","0","0","0","0","0","1","0","1","-2"
"230834","Castleton University","2020","First major","'99'","Grand total","Bachelor's degree","420","181","239","0","0","0","4","1","3","9","6","3","16","11","5","1","0","1","357","147","210","17","9","8","5","1","4","11","6","5","-2"
"230834","Castleton University","2020","First major","'99'","Grand total","Master's degree","52","27","25","0","0","0","0","0","0","2","1","1","1","0","1","0","0","0","41","24","17","1","0","1","2","2","0","5","0","5","-2"
"230834","Castleton University","2020","Second major","'99'","Grand total","Bachelor's degree","42","14","28","0","0","0","1","0","1","1","0","1","0","0","0","0","0","0","37","13","24","1","0","1","1","0","1","1","1","0","-2"
"230852","Champlain College","2020","First major","'99'","Grand total","Associate's degree","60","17","43","0","0","0","2","0","2","3","0","3","5","0","5","0","0","0","40","14","26","3","1","2","7","2","5","0","0","0","-2"
"230852","Champlain College","2020","First major","'99'","Grand total","Bachelor's degree","851","520","331","3","2","1","27","11","16","35","21","14","80","44","36","2","2","0","594","373","221","24","12","12","82","53","29","4","2","2","-2"
"230852","Champlain College","2020","First major","'99'","Grand total","Master's degree","360","173","187","2","0","2","17","12","5","47","19","28","25","16","9","0","0","0","229","107","122","9","4","5","31","15","16","0","0","0","-2"
"230861","Community College of Vermont","2020","First major","'99'","Grand total","Associate's degree","421","125","296","2","2","0","7","2","5","7","2","5","12","3","9","1","0","1","354","102","252","20","6","14","6","2","4","12","6","6","-2"
"230861","Community College of Vermont","2020","Second major","'99'","Grand total","Associate's degree","5","1","4","0","0","0","0","0","0","0","0","0","0","0","0","0","0","0","5","1","4","0","0","0","0","0","0","0","0","0","-2"
"230889","Goddard College","2020","First major","'99'","Grand total","Bachelor's degree","50","11","39","1","0","1","0","0","0","4","2","2","1","1","0","0","0","0","20","2","18","5","2","3","19","4","15","0","0","0","-2"
"230889","Goddard College","2020","First major","'99'","Grand total","Master's degree","69","18","51","1","0","1","3","1","2","7","2","5","0","0","0","0","0","0","38","8","30","3","3","0","17","4","13","0","0","0","-2"
"230913","Northern Vermont University","2020","First major","'99'","Grand total","Associate's degree","46","19","27","0","0","0","0","0","0","1","0","1","1","0","1","0","0","0","37","17","20","3","1","2","3","1","2","1","0","1","-2"
"230913","Northern Vermont University","2020","First major","'99'","Grand total","Bachelor's degree","418","168","250","4","2","2","6","1","5","9","5","4","11","4","7","2","1","1","346","138","208","19","6","13","19","10","9","2","1","1","-2"
"230913","Northern Vermont University","2020","First major","'99'","Grand total","Master's degree","64","13","51","0","0","0","2","0","2","2","2","0","1","0","1","0","0","0","47","7","40","2","0","2","10","4","6","0","0","0","-2"
"230913","Northern Vermont University","2020","Second major","'99'","Grand total","Associate's degree","1","1","0","0","0","0","0","0","0","0","0","0","0","0","0","0","0","0","1","1","0","0","0","0","0","0","0","0","0","0","-2"
"230913","Northern Vermont University","2020","Second major","'99'","Grand total","Bachelor's degree","25","7","18","0","0","0","0","0","0","0","0","0","0","0","0","0","0","0","23","6","17","1","0","1","1","1","0","0","0","0","-2"
"230959","Middlebury College","2020","First major","'99'","Grand total","Bachelor's degree","679","331","348","0","0","0","48","26","22","27","17","10","56","27","29","0","0","0","454","224","230","29","9","20","10","5","5","55","23","32","-2"
"230959","Middlebury College","2020","First major","'99'","Grand total","Master's degree","192","67","125","1","1","0","4","0","4","4","0","4","27","10","17","0","0","0","132","47","85","7","3","4","8","3","5","9","3","6","-2"
"230959","Middlebury College","2020","First major","'99'","Grand total","Doctor's degree - research/scholarship","5","2","3","0","0","0","1","1","0","0","0","0","1","0","1","0","0","0","3","1","2","0","0","0","0","0","0","0","0","0","-2"
"230959","Middlebury College","2020","Second major","'99'","Grand total","Bachelor's degree","160","81","79","0","0","0","8","5","3","5","4","1","15","9","6","0","0","0","105","50","55","9","2","7","2","1","1","16","10","6","-2"
"230977","New England Culinary Institute","2020","First major","'99'","Grand total","Associate's degree","19","12","7","0","0","0","0","0","0","2","1","1","1","0","1","0","0","0","13","8","5","0","0","0","3","3","0","0","0","0","-2"
"230977","New England Culinary Institute","2020","First major","'99'","Grand total","Bachelor's degree","8","6","2","0","0","0","2","1","1","0","0","0","1","1","0","0","0","0","5","4","1","0","0","0","0","0","0","0","0","0","-2"
"230995","Norwich University","2020","First major","'99'","Grand total","Bachelor's degree","770","603","167","2","2","0","17","11","6","33","26","7","68","50","18","6","5","1","563","446","117","33","22","11","35","31","4","13","10","3","-2"
"230995","Norwich University","2020","First major","'99'","Grand total","Master's degree","429","319","110","1","0","1","17","12","5","27","23","4","27","24","3","0","0","0","320","234","86","12","11","1","23","13","10","2","2","0","-2"
"230995","Norwich University","2020","Second major","'99'","Grand total","Bachelor's degree","31","18","13","0","0","0","1","0","1","1","0","1","4","2","2","0","0","0","20","14","6","4","1","3","1","1","0","0","0","0","-2"
"231059","Saint Michael's College","2020","First major","'99'","Grand total","Bachelor's degree","395","146","249","1","1","0","4","2","2","10","8","2","20","6","14","0","0","0","327","109","218","10","5","5","11","6","5","12","9","3","-2"
"231059","Saint Michael's College","2020","First major","'99'","Grand total","Master's degree","91","23","68","0","0","0","0","0","0","0","0","0","3","1","2","0","0","0","66","16","50","6","0","6","6","2","4","10","4","6","-2"
"231059","Saint Michael's College","2020","Second major","'99'","Grand total","Bachelor's degree","92","23","69","0","0","0","0","0","0","3","1","2","6","3","3","0","0","0","74","15","59","1","0","1","4","1","3","4","3","1","-2"
"231068","SIT Graduate Institute","2020","First major","'99'","Grand total","Master's degree","42","15","27","0","0","0","0","0","0","0","0","0","2","2","0","0","0","0","28","8","20","2","1","1","2","1","1","8","3","5","-2"
"231095","Sterling College","2020","First major","'99'","Grand total","Bachelor's degree","28","11","17","0","0","0","0","0","0","0","0","0","2","0","2","0","0","0","19","8","11","1","1","0","2","1","1","4","1","3","-2"
"231095","Sterling College","2020","Second major","'99'","Grand total","Bachelor's degree","1","1","0","0","0","0","0","0","0","0","0","0","0","0","0","0","0","0","1","1","0","0","0","0","0","0","0","0","0","0","-2"
"231147","Vermont Law School","2020","First major","'99'","Grand total","Master's degree","98","30","68","1","0","1","1","0","1","8","4","4","6","3","3","0","0","0","72","23","49","2","0","2","6","0","6","2","0","2","-2"
"231147","Vermont Law School","2020","First major","'99'","Grand total","Doctor's degree - professional practice","142","67","75","0","0","0","4","3","1","7","4","3","12","2","10","0","0","0","106","49","57","2","2","0","8","6","2","3","1","2","-2"
"231165","Vermont Technical College","2020","First major","'99'","Grand total","Associate's degree","305","103","202","0","0","0","4","1","3","8","1","7","4","0","4","0","0","0","271","97","174","11","2","9","4","2","2","3","0","3","-2"
"231165","Vermont Technical College","2020","First major","'99'","Grand total","Bachelor's degree","139","79","60","1","1","0","1","0","1","3","3","0","2","1","1","0","0","0","125","68","57","1","1","0","5","4","1","1","1","0","-2"
"231165","Vermont Technical College","2020","First major","'99'","Grand total","Master's degree","1","1","0","0","0","0","0","0","0","0","0","0","0","0","0","0","0","0","1","1","0","0","0","0","0","0","0","0","0","0","-2"
"231165","Vermont Technical College","2020","Second major","'99'","Grand total","Bachelor's degree","1","0","1","0","0","0","0","0","0","0","0","0","0","0","0","0","0","0","1","0","1","0","0","0","0","0","0","0","0","0","-2"
"231174","University of Vermont","2020","First major","'99'","Grand total","Bachelor's degree","2445","1001","1444","1","1","0","62","20","42","16","9","7","67","25","42","0","0","0","2067","827","1240","67","24","43","41","12","29","124","83","41","-2"
"231174","University of Vermont","2020","First major","'99'","Grand total","Master's degree","474","160","314","2","1","1","12","4","8","8","3","5","21","6","15","0","0","0","379","119","260","11","4","7","11","6","5","30","17","13","-2"
"231174","University of Vermont","2020","First major","'99'","Grand total","Doctor's degree - research/scholarship","51","22","29","0","0","0","1","0","1","1","1","0","2","1","1","0","0","0","34","13","21","1","0","1","3","0","3","9","7","2","-2"
"231174","University of Vermont","2020","First major","'99'","Grand total","Doctor's degree - professional practice","181","71","110","0","0","0","22","9","13","3","2","1","17","7","10","0","0","0","131","48","83","5","3","2","3","2","1","0","0","0","-2"
"231174","University of Vermont","2020","Second major","'99'","Grand total","Bachelor's degree","2","0","2","0","0","0","0","0","0","0","0","0","1","0","1","0","0","0","1","0","1","0","0","0","0","0","0","0","0","0","-2"
"231411","Advanced Technology Institute","2020","First major","'99'","Grand total","Associate's degree","51","51","0","0","0","0","1","1","0","14","14","0","5","5","0","1","1","0","30","30","0","0","0","0","0","0","0","0","0","0","-2"
"231420","Averett University","2020","First major","'99'","Grand total","Associate's degree","0","0","0","0","0","0","0","0","0","0","0","0","0","0","0","0","0","0","0","0","0","0","0","0","0","0","0","0","0","0","-2"
"231420","Averett University","2020","First major","'99'","Grand total","Bachelor's degree","160","82","78","0","0","0","2","0","2","32","21","11","12","4","8","1","0","1","101","47","54","2","2","0","0","0","0","10","8","2","-2"
"231420","Averett University","2020","Second major","'99'","Grand total","Bachelor's degree","35","14","21","0","0","0","1","0","1","6","1","5","2","0","2","0","0","0","21","9","12","0","0","0","0","0","0","5","4","1","-2"
"231536","Blue Ridge Community College","2020","First major","'99'","Grand total","Associate's degree","450","177","273","3","1","2","4","3","1","14","6","8","46","21","25","0","0","0","362","138","224","12","5","7","4","2","2","5","1","4","-2"
"231554","Bluefield College","2020","First major","'99'","Grand total","Associate's degree","12","6","6","0","0","0","0","0","0","1","1","0","0","0","0","0","0","0","10","5","5","0","0","0","1","0","1","0","0","0","-2"
"231554","Bluefield College","2020","First major","'99'","Grand total","Bachelor's degree","169","51","118","0","0","0","0","0","0","22","8","14","2","1","1","0","0","0","125","28","97","4","2","2","7","3","4","9","9","0","-2"
"231554","Bluefield College","2020","First major","'99'","Grand total","Master's degree","127","41","86","0","0","0","31","12","19","10","2","8","8","2","6","0","0","0","70","22","48","1","0","1","7","3","4","0","0","0","-2"
"231581","Bridgewater College","2020","First major","'99'","Grand total","Bachelor's degree","386","173","213","1","0","1","3","2","1","63","38","25","21","8","13","0","0","0","257","111","146","21","5","16","13","5","8","7","4","3","-2"
"231581","Bridgewater College","2020","First major","'99'","Grand total","Master's degree","23","9","14","0","0","0","0","0","0","6","3","3","2","2","0","0","0","0","10","2","8","3","1","2","2","1","1","0","0","0","-2"
"231581","Bridgewater College","2020","Second major","'99'","Grand total","Bachelor's degree","28","10","18","0","0","0","1","0","1","3","1","2","1","1","0","0","0","0","17","5","12","1","0","1","2","1","1","3","2","1","-2"
"231624","William & Mary","2020","First major","'99'","Grand total","Bachelor's degree","1604","652","952","4","1","3","116","50","66","97","33","64","177","63","114","0","0","0","948","407","541","83","29","54","80","30","50","99","39","60","-2"
"231624","William & Mary","2020","First major","'99'","Grand total","Master's degree","736","380","356","1","1","0","38","16","22","63","32","31","33","20","13","1","1","0","420","230","190","28","12","16","15","9","6","137","59","78","-2"
"231624","William & Mary","2020","First major","'99'","Grand total","Doctor's degree - research/scholarship","96","46","50","0","0","0","1","0","1","7","5","2","17","4","13","0","0","0","52","22","30","1","0","1","1","0","1","17","15","2","-2"
"231624","William & Mary","2020","First major","'99'","Grand total","Doctor's degree - professional practice","179","76","103","0","0","0","11","6","5","9","2","7","5","2","3","0","0","0","139","61","78","4","1","3","7","3","4","4","1","3","-2"
"231624","William & Mary","2020","Second major","'99'","Grand total","Bachelor's degree","365","157","208","0","0","0","25","12","13","10","4","6","35","14","21","0","0","0","221","103","118","15","4","11","18","8","10","41","12","29","-2"
"231651","Regent University","2020","First major","'99'","Grand total","Associate's degree","38","14","24","0","0","0","1","0","1","10","2","8","4","2","2","1","0","1","22","10","12","0","0","0","0","0","0","0","0","0","-2"
"231651","Regent University","2020","First major","'99'","Grand total","Bachelor's degree","665","266","399","2","1","1","10","2","8","128","43","85","51","25","26","3","1","2","435","179","256","27","9","18","8","5","3","1","1","0","-2"
"231651","Regent University","2020","First major","'99'","Grand total","Master's degree","1113","370","743","6","2","4","67","30","37","379","117","262","76","25","51","5","5","0","518","164","354","36","14","22","19","8","11","7","5","2","-2"
"231651","Regent University","2020","First major","'99'","Grand total","Doctor's degree - research/scholarship","247","86","161","1","0","1","11","5","6","94","23","71","10","4","6","0","0","0","120","49","71","6","2","4","4","2","2","1","1","0","-2"
"231651","Regent University","2020","First major","'99'","Grand total","Doctor's degree - professional practice","166","79","87","2","1","1","4","3","1","37","15","22","18","9","9","0","0","0","95","44","51","4","3","1","3","2","1","3","2","1","-2"
"231651","Regent University","2020","Second major","'99'","Grand total","Master's degree","26","9","17","0","0","0","0","0","0","5","3","2","0","0","0","0","0","0","19","5","14","1","1","0","1","0","1","0","0","0","-2"
"231697","Central Virginia Community College","2020","First major","'99'","Grand total","Associate's degree","410","160","250","1","1","0","6","4","2","52","16","36","17","7","10","1","0","1","315","123","192","13","5","8","4","4","0","1","0","1","-2"
"231712","Christopher Newport University","2020","First major","'99'","Grand total","Bachelor's degree","1105","466","639","6","3","3","25","10","15","63","33","30","51","15","36","3","0","3","874","373","501","40","13","27","38","15","23","5","4","1","-2"
"231712","Christopher Newport University","2020","First major","'99'","Grand total","Master's degree","63","20","43","0","0","0","0","0","0","5","2","3","3","0","3","0","0","0","52","18","34","2","0","2","0","0","0","1","0","1","-2"
"231712","Christopher Newport University","2020","Second major","'99'","Grand total","Bachelor's degree","80","21","59","2","0","2","1","0","1","2","0","2","1","1","0","1","0","1","67","20","47","4","0","4","2","0","2","0","0","0","-2"
"231785","Bryant & Stratton College-Virginia Beach","2020","First major","'99'","Grand total","Associate's degree","390","63","327","4","0","4","8","1","7","212","32","180","17","1","16","2","1","1","121","18","103","24","9","15","2","1","1","0","0","0","-2"
"231785","Bryant & Stratton College-Virginia Beach","2020","First major","'99'","Grand total","Bachelor's degree","36","6","30","1","0","1","1","0","1","27","4","23","3","0","3","0","0","0","2","2","0","2","0","2","0","0","0","0","0","0","-2"
"231873","Dabney S Lancaster Community College","2020","First major","'99'","Grand total","Associate's degree","110","43","67","1","0","1","0","0","0","4","2","2","3","1","2","0","0","0","101","40","61","0","0","0","1","0","1","0","0","0","-2"
"231882","Danville Community College","2020","First major","'99'","Grand total","Associate's degree","233","99","134","0","0","0","4","0","4","54","13","41","6","2","4","0","0","0","161","79","82","6","4","2","1","0","1","1","1","0","-2"
"231970","Eastern Virginia Medical School","2020","First major","'99'","Grand total","Master's degree","284","92","192","1","0","1","33","19","14","39","6","33","0","0","0","4","0","4","184","59","125","14","5","9","9","3","6","0","0","0","-2"
"231970","Eastern Virginia Medical School","2020","First major","'99'","Grand total","Doctor's degree - research/scholarship","24","5","19","1","0","1","0","0","0","8","3","5","0","0","0","1","0","1","13","1","12","0","0","0","1","1","0","0","0","0","-2"
"231970","Eastern Virginia Medical School","2020","First major","'99'","Grand total","Doctor's degree - professional practice","147","86","61","3","2","1","44","22","22","6","1","5","1","0","1","0","0","0","80","52","28","6","5","1","7","4","3","0","0","0","-2"
"232016","Centura College-Virginia Beach","2020","First major","'99'","Grand total","Associate's degree","34","8","26","4","2","2","1","1","0","19","2","17","3","0","3","1","0","1","3","1","2","3","2","1","0","0","0","0","0","0","-2"
"232016","Centura College-Virginia Beach","2020","First major","'99'","Grand total","Bachelor's degree","5","2","3","0","0","0","0","0","0","0","0","0","2","1","1","1","1","0","1","0","1","1","0","1","0","0","0","0","0","0","-2"
"232025","Emory & Henry College","2020","First major","'99'","Grand total","Bachelor's degree","247","106","141","0","0","0","1","0","1","17","12","5","3","1","2","1","0","1","214","90","124","5","1","4","6","2","4","0","0","0","-2"
"232025","Emory & Henry College","2020","First major","'99'","Grand total","Master's degree","82","22","60","1","0","1","0","0","0","1","1","0","2","2","0","0","0","0","43","14","29","1","0","1","34","5","29","0","0","0","-2"
"232025","Emory & Henry College","2020","First major","'99'","Grand total","Doctor's degree - professional practice","32","19","13","0","0","0","0","0","0","0","0","0","0","0","0","0","0","0","3","2","1","0","0","0","29","17","12","0","0","0","-2"
"232025","Emory & Henry College","2020","Second major","'99'","Grand total","Bachelor's degree","12","7","5","0","0","0","0","0","0","0","0","0","0","0","0","1","0","1","11","7","4","0","0","0","0","0","0","0","0","0","-2"
"232043","Eastern Mennonite University","2020","First major","'99'","Grand total","Associate's degree","1","1","0","0","0","0","0","0","0","0","0","0","0","0","0","0","0","0","0","0","0","0","0","0","0","0","0","1","1","0","-2"
"232043","Eastern Mennonite University","2020","First major","'99'","Grand total","Bachelor's degree","329","105","224","0","0","0","3","0","3","20","12","8","26","10","16","0","0","0","256","73","183","6","2","4","7","1","6","11","7","4","-2"
"232043","Eastern Mennonite University","2020","First major","'99'","Grand total","Master's degree","134","41","93","0","0","0","4","1","3","10","5","5","5","0","5","0","0","0","93","28","65","3","0","3","5","1","4","14","6","8","-2"
"232043","Eastern Mennonite University","2020","First major","'99'","Grand total","Doctor's degree - professional practice","0","0","0","0","0","0","0","0","0","0","0","0","0","0","0","0","0","0","0","0","0","0","0","0","0","0","0","0","0","0","-2"
"232043","Eastern Mennonite University","2020","Second major","'99'","Grand total","Bachelor's degree","19","8","11","0","0","0","0","0","0","2","1","1","3","0","3","0","0","0","12","6","6","1","0","1","0","0","0","1","1","0","-2"
"232052","Eastern Shore Community College","2020","First major","'99'","Grand total","Associate's degree","45","21","24","0","0","0","1","0","1","8","2","6","10","3","7","0","0","0","26","16","10","0","0","0","0","0","0","0","0","0","-2"
"232089","Ferrum College","2020","First major","'99'","Grand total","Bachelor's degree","179","86","93","2","0","2","0","0","0","38","18","20","8","6","2","0","0","0","118","58","60","8","1","7","5","3","2","0","0","0","-2"
"232089","Ferrum College","2020","Second major","'99'","Grand total","Bachelor's degree","3","0","3","0","0","0","0","0","0","0","0","0","0","0","0","0","0","0","2","0","2","1","0","1","0","0","0","0","0","0","-2"
"232186","George Mason University","2020","First major","'99'","Grand total","Bachelor's degree","5890","2753","3137","7","1","6","1207","594","613","601","229","372","901","362","539","7","3","4","2354","1167","1187","236","107","129","152","71","81","425","219","206","-2"
"232186","George Mason University","2020","First major","'99'","Grand total","Master's degree","3195","1150","2045","5","1","4","309","112","197","313","111","202","237","67","170","5","1","4","1668","581","1087","65","22","43","78","29","49","515","226","289","-2"
"232186","George Mason University","2020","First major","'99'","Grand total","Doctor's degree - research/scholarship","297","127","170","1","0","1","30","11","19","21","6","15","14","7","7","0","0","0","153","59","94","7","2","5","19","10","9","52","32","20","-2"
"232186","George Mason University","2020","First major","'99'","Grand total","Doctor's degree - professional practice","172","91","81","1","0","1","11","7","4","2","2","0","14","8","6","0","0","0","132","68","64","8","2","6","3","3","0","1","1","0","-2"
"232186","George Mason University","2020","Second major","'99'","Grand total","Bachelor's degree","112","40","72","1","0","1","25","12","13","15","3","12","19","5","14","0","0","0","39","16","23","5","3","2","1","0","1","7","1","6","-2"
"232195","Germanna Community College","2020","First major","'99'","Grand total","Associate's degree","907","329","578","5","2","3","21","6","15","102","27","75","120","39","81","2","1","1","581","227","354","56","19","37","13","6","7","7","2","5","-2"
"232256","Hampden-Sydney College","2020","First major","'99'","Grand total","Bachelor's degree","221","220","1","0","0","0","2","2","0","5","5","0","15","15","0","0","0","0","193","192","1","4","4","0","2","2","0","0","0","0","-2"
"232256","Hampden-Sydney College","2020","Second major","'99'","Grand total","Bachelor's degree","21","21","0","0","0","0","0","0","0","0","0","0","2","2","0","0","0","0","19","19","0","0","0","0","0","0","0","0","0","0","-2"
"232265","Hampton University","2020","First major","'99'","Grand total","Associate's degree","1","1","0","0","0","0","0","0","0","0","0","0","0","0","0","0","0","0","1","1","0","0","0","0","0","0","0","0","0","0","-2"
"232265","Hampton University","2020","First major","'99'","Grand total","Bachelor's degree","766","227","539","2","0","2","0","0","0","739","215","524","12","5","7","0","0","0","6","2","4","0","0","0","0","0","0","7","5","2","-2"
"232265","Hampton University","2020","First major","'99'","Grand total","Master's degree","110","36","74","3","0","3","1","0","1","92","29","63","2","1","1","0","0","0","6","1","5","0","0","0","0","0","0","6","5","1","-2"
"232265","Hampton University","2020","First major","'99'","Grand total","Doctor's degree - research/scholarship","13","4","9","0","0","0","0","0","0","10","3","7","0","0","0","0","0","0","0","0","0","0","0","0","0","0","0","3","1","2","-2"
"232265","Hampton University","2020","First major","'99'","Grand total","Doctor's degree - professional practice","69","16","53","0","0","0","2","0","2","52","12","40","0","0","0","0","0","0","15","4","11","0","0","0","0","0","0","0","0","0","-2"
"232308","Hollins University","2020","First major","'99'","Grand total","Bachelor's degree","162","0","162","1","0","1","5","0","5","8","0","8","15","0","15","1","0","1","118","0","118","6","0","6","3","0","3","5","0","5","-2"
"232308","Hollins University","2020","First major","'99'","Grand total","Master's degree","67","14","53","2","0","2","1","1","0","3","1","2","1","0","1","0","0","0","54","11","43","3","0","3","1","0","1","2","1","1","-2"
"232308","Hollins University","2020","Second major","'99'","Grand total","Bachelor's degree","34","0","34","1","0","1","2","0","2","0","0","0","4","0","4","1","0","1","21","0","21","1","0","1","1","0","1","3","0","3","-2"
"232414","J Sargeant Reynolds Community College","2020","First major","'99'","Grand total","Associate's degree","1071","421","650","4","0","4","68","36","32","288","79","209","78","27","51","4","1","3","553","242","311","41","16","25","13","8","5","22","12","10","-2"
"232423","James Madison University","2020","First major","'99'","Grand total","Bachelor's degree","4713","1846","2867","4","3","1","219","92","127","225","74","151","298","128","170","5","1","4","3519","1346","2173","195","77","118","125","57","68","123","68","55","-2"
"232423","James Madison University","2020","First major","'99'","Grand total","Master's degree","792","209","583","0","0","0","22","5","17","42","17","25","41","7","34","0","0","0","621","160","461","24","7","17","31","8","23","11","5","6","-2"
"232423","James Madison University","2020","First major","'99'","Grand total","Doctor's degree - research/scholarship","35","11","24","0","0","0","0","0","0","4","1","3","0","0","0","0","0","0","25","8","17","0","0","0","4","1","3","2","1","1","-2"
"232423","James Madison University","2020","First major","'99'","Grand total","Doctor's degree - professional practice","5","2","3","0","0","0","0","0","0","0","0","0","0","0","0","0","0","0","3","2","1","0","0","0","2","0","2","0","0","0","-2"
"232423","James Madison University","2020","Second major","'99'","Grand total","Bachelor's degree","160","61","99","0","0","0","6","2","4","4","0","4","12","4","8","0","0","0","122","47","75","5","3","2","6","1","5","5","4","1","-2"
"232450","John Tyler Community College","2020","First major","'99'","Grand total","Associate's degree","985","401","584","0","0","0","35","17","18","191","63","128","77","24","53","3","2","1","623","266","357","38","18","20","14","7","7","4","4","0","-2"
"232557","Liberty University","2020","First major","'99'","Grand total","Associate's degree","1122","365","757","6","1","5","12","3","9","164","45","119","60","20","40","1","0","1","549","181","368","25","7","18","301","105","196","4","3","1","-2"
"232557","Liberty University","2020","First major","'99'","Grand total","Bachelor's degree","9618","3997","5621","54","23","31","144","57","87","793","293","500","486","179","307","24","9","15","5583","2322","3261","220","86","134","2125","943","1182","189","85","104","-2"
"232557","Liberty University","2020","First major","'99'","Grand total","Master's degree","8968","3631","5337","51","26","25","124","47","77","1643","545","1098","401","165","236","18","7","11","4229","1830","2399","220","92","128","2132","859","1273","150","60","90","-2"
"232557","Liberty University","2020","First major","'99'","Grand total","Doctor's degree - research/scholarship","418","189","229","2","1","1","12","9","3","72","26","46","9","3","6","1","1","0","223","108","115","11","7","4","77","28","49","11","6","5","-2"
"232557","Liberty University","2020","First major","'99'","Grand total","Doctor's degree - professional practice","198","103","95","0","0","0","4","2","2","4","1","3","12","5","7","0","0","0","59","30","29","3","1","2","111","61","50","5","3","2","-2"
"232557","Liberty University","2020","Second major","'99'","Grand total","Bachelor's degree","3","2","1","0","0","0","0","0","0","1","1","0","0","0","0","0","0","0","2","1","1","0","0","0","0","0","0","0","0","0","-2"
"232557","Liberty University","2020","Second major","'99'","Grand total","Master's degree","3","2","1","0","0","0","0","0","0","0","0","0","0","0","0","0","0","0","1","0","1","1","1","0","1","1","0","0","0","0","-2"
"232566","Longwood University","2020","First major","'99'","Grand total","Bachelor's degree","821","257","564","3","0","3","10","5","5","81","23","58","42","18","24","1","0","1","621","188","433","24","7","17","27","9","18","12","7","5","-2"
"232566","Longwood University","2020","First major","'99'","Grand total","Master's degree","158","24","134","0","0","0","3","0","3","14","4","10","2","1","1","0","0","0","131","18","113","4","1","3","4","0","4","0","0","0","-2"
"232566","Longwood University","2020","Second major","'99'","Grand total","Bachelor's degree","27","5","22","0","0","0","0","0","0","1","0","1","3","0","3","0","0","0","21","5","16","0","0","0","1","0","1","1","0","1","-2"
"232575","Lord Fairfax Community College","2020","First major","'99'","Grand total","Associate's degree","863","299","564","2","1","1","16","6","10","32","13","19","67","23","44","1","1","0","700","234","466","26","11","15","11","6","5","8","4","4","-2"
"232609","University of Lynchburg","2020","First major","'99'","Grand total","Bachelor's degree","419","145","274","2","0","2","2","1","1","37","9","28","17","6","11","0","0","0","330","119","211","17","7","10","7","2","5","7","1","6","-2"
"232609","University of Lynchburg","2020","First major","'99'","Grand total","Master's degree","153","41","112","0","0","0","1","0","1","23","4","19","3","1","2","0","0","0","106","32","74","6","1","5","6","1","5","8","2","6","-2"
"232609","University of Lynchburg","2020","First major","'99'","Grand total","Doctor's degree - research/scholarship","13","5","8","0","0","0","0","0","0","1","0","1","1","0","1","0","0","0","9","4","5","0","0","0","2","1","1","0","0","0","-2"
"232609","University of Lynchburg","2020","First major","'99'","Grand total","Doctor's degree - professional practice","330","145","185","3","0","3","22","13","9","26","9","17","23","8","15","1","0","1","199","91","108","7","4","3","46","18","28","3","2","1","-2"
"232609","University of Lynchburg","2020","Second major","'99'","Grand total","Bachelor's degree","27","8","19","1","0","1","0","0","0","2","0","2","1","0","1","0","0","0","20","7","13","1","0","1","1","0","1","1","1","0","-2"
"232618","Centra College","2020","First major","'99'","Grand total","Associate's degree","89","9","80","0","0","0","0","0","0","14","2","12","0","0","0","0","0","0","75","7","68","0","0","0","0","0","0","0","0","0","-2"
"232618","Centra College","2020","First major","'99'","Grand total","Bachelor's degree","20","3","17","0","0","0","0","0","0","3","0","3","0","0","0","0","0","0","17","3","14","0","0","0","0","0","0","0","0","0","-2"
"232672","Mary Baldwin University","2020","First major","'99'","Grand total","Bachelor's degree","239","23","216","3","0","3","6","3","3","34","0","34","20","0","20","0","0","0","117","14","103","7","0","7","52","6","46","0","0","0","-2"
"232672","Mary Baldwin University","2020","First major","'99'","Grand total","Master's degree","138","24","114","1","0","1","3","0","3","8","1","7","5","3","2","0","0","0","85","13","72","0","0","0","35","6","29","1","1","0","-2"
"232672","Mary Baldwin University","2020","First major","'99'","Grand total","Doctor's degree - professional practice","60","8","52","0","0","0","2","1","1","3","1","2","2","0","2","1","1","0","50","4","46","1","1","0","1","0","1","0","0","0","-2"
"232681","University of Mary Washington","2020","First major","'99'","Grand total","Bachelor's degree","1038","359","679","0","0","0","48","20","28","60","27","33","102","36","66","0","0","0","719","237","482","65","22","43","34","11","23","10","6","4","-2"
"232681","University of Mary Washington","2020","First major","'99'","Grand total","Master's degree","173","34","139","1","0","1","6","0","6","13","0","13","6","2","4","0","0","0","135","30","105","5","1","4","6","1","5","1","0","1","-2"
"232681","University of Mary Washington","2020","Second major","'99'","Grand total","Bachelor's degree","66","16","50","0","0","0","0","0","0","2","0","2","9","4","5","0","0","0","49","11","38","5","1","4","0","0","0","1","0","1","-2"
"232706","Marymount University","2020","First major","'99'","Grand total","Bachelor's degree","598","193","405","2","0","2","53","23","30","78","24","54","97","27","70","1","0","1","215","57","158","13","4","9","32","11","21","107","47","60","-2"
"232706","Marymount University","2020","First major","'99'","Grand total","Master's degree","370","90","280","1","0","1","29","15","14","58","14","44","37","10","27","3","0","3","188","34","154","10","4","6","9","3","6","35","10","25","-2"
"232706","Marymount University","2020","First major","'99'","Grand total","Doctor's degree - research/scholarship","0","0","0","0","0","0","0","0","0","0","0","0","0","0","0","0","0","0","0","0","0","0","0","0","0","0","0","0","0","0","-2"
"232706","Marymount University","2020","First major","'99'","Grand total","Doctor's degree - professional practice","35","12","23","0","0","0","2","0","2","3","0","3","2","1","1","0","0","0","25","11","14","1","0","1","2","0","2","0","0","0","-2"
"232706","Marymount University","2020","Second major","'99'","Grand total","Bachelor's degree","12","1","11","0","0","0","0","0","0","5","0","5","3","0","3","0","0","0","3","1","2","0","0","0","0","0","0","1","0","1","-2"
"232724","Sovah School of Health Professions","2020","First major","'99'","Grand total","Associate's degree","11","1","10","0","0","0","0","0","0","1","0","1","0","0","0","0","0","0","10","1","9","0","0","0","0","0","0","0","0","0","-2"
"232788","Mountain Empire Community College","2020","First major","'99'","Grand total","Associate's degree","273","96","177","0","0","0","0","0","0","3","0","3","1","0","1","0","0","0","267","96","171","2","0","2","0","0","0","0","0","0","-2"
"232797","American National University","2020","First major","'99'","Grand total","Associate's degree","53","9","44","0","0","0","0","0","0","12","0","12","0","0","0","0","0","0","23","6","17","9","2","7","9","1","8","0","0","0","-2"
"232797","American National University","2020","First major","'99'","Grand total","Bachelor's degree","28","3","25","0","0","0","0","0","0","4","0","4","0","0","0","0","0","0","14","3","11","3","0","3","5","0","5","2","0","2","-2"
"232797","American National University","2020","First major","'99'","Grand total","Master's degree","21","9","12","0","0","0","5","4","1","6","1","5","0","0","0","0","0","0","2","1","1","1","0","1","3","1","2","4","2","2","-2"
"232797","American National University","2020","Second major","'99'","Grand total","Associate's degree","1","0","1","0","0","0","0","0","0","0","0","0","0","0","0","0","0","0","1","0","1","0","0","0","0","0","0","0","0","0","-2"
"232867","New River Community College","2020","First major","'99'","Grand total","Associate's degree","493","246","247","0","0","0","9","4","5","13","7","6","9","4","5","1","0","1","435","220","215","13","4","9","4","3","1","9","4","5","-2"
"232885","Sentara College of Health Sciences","2020","First major","'99'","Grand total","Associate's degree","22","3","19","0","0","0","2","1","1","2","1","1","1","0","1","0","0","0","16","1","15","1","0","1","0","0","0","0","0","0","-2"
"232885","Sentara College of Health Sciences","2020","First major","'99'","Grand total","Bachelor's degree","122","8","114","1","0","1","9","0","9","13","0","13","0","0","0","2","0","2","72","5","67","12","2","10","13","1","12","0","0","0","-2"
"232885","Sentara College of Health Sciences","2020","First major","'99'","Grand total","Master's degree","0","0","0","0","0","0","0","0","0","0","0","0","0","0","0","0","0","0","0","0","0","0","0","0","0","0","0","0","0","0","-2"
"232937","Norfolk State University","2020","First major","'99'","Grand total","Associate's degree","1","1","0","0","0","0","0","0","0","0","0","0","0","0","0","0","0","0","0","0","0","0","0","0","1","1","0","0","0","0","-2"
"232937","Norfolk State University","2020","First major","'99'","Grand total","Bachelor's degree","710","226","484","3","2","1","1","1","0","559","169","390","25","8","17","0","0","0","27","13","14","35","9","26","58","22","36","2","2","0","-2"
"232937","Norfolk State University","2020","First major","'99'","Grand total","Master's degree","150","62","88","1","1","0","4","2","2","111","37","74","4","4","0","0","0","0","10","5","5","2","1","1","10","5","5","8","7","1","-2"
"232937","Norfolk State University","2020","First major","'99'","Grand total","Doctor's degree - research/scholarship","6","1","5","0","0","0","1","0","1","4","1","3","0","0","0","0","0","0","0","0","0","0","0","0","1","0","1","0","0","0","-2"
"232946","Northern Virginia Community College","2020","First major","'99'","Grand total","Associate's degree","5170","2484","2686","10","5","5","929","465","464","772","347","425","1254","539","715","21","15","6","1649","874","775","220","110","110","87","38","49","228","91","137","-2"
"232982","Old Dominion University","2020","First major","'99'","Grand total","Bachelor's degree","3837","1627","2210","13","4","9","204","95","109","987","358","629","330","135","195","11","6","5","1905","862","1043","240","80","160","97","55","42","50","32","18","-2"
"232982","Old Dominion University","2020","First major","'99'","Grand total","Master's degree","1024","392","632","3","1","2","35","16","19","150","48","102","51","20","31","1","0","1","627","243","384","46","10","36","27","8","19","84","46","38","-2"
"232982","Old Dominion University","2020","First major","'99'","Grand total","Doctor's degree - research/scholarship","146","69","77","0","0","0","3","1","2","17","5","12","6","3","3","0","0","0","68","24","44","7","2","5","4","3","1","41","31","10","-2"
"232982","Old Dominion University","2020","First major","'99'","Grand total","Doctor's degree - professional practice","70","24","46","0","0","0","3","1","2","3","0","3","3","1","2","0","0","0","54","19","35","4","2","2","3","1","2","0","0","0","-2"
"232982","Old Dominion University","2020","Second major","'99'","Grand total","Bachelor's degree","128","53","75","0","0","0","7","6","1","34","14","20","20","6","14","0","0","0","54","22","32","6","3","3","5","1","4","2","1","1","-2"
"233019","Patrick Henry Community College","2020","First major","'99'","Grand total","Associate's degree","346","114","232","0","0","0","5","0","5","56","19","37","25","9","16","0","0","0","249","81","168","9","5","4","2","0","2","0","0","0","-2"
"233037","Paul D Camp Community College","2020","First major","'99'","Grand total","Associate's degree","126","44","82","0","0","0","4","2","2","52","12","40","3","1","2","1","1","0","58","25","33","7","3","4","1","0","1","0","0","0","-2"
"233082","Southside College of Health Sciences","2020","First major","'99'","Grand total","Associate's degree","69","4","65","0","0","0","6","0","6","12","2","10","2","0","2","0","0","0","49","2","47","0","0","0","0","0","0","0","0","0","-2"
"233116","Piedmont Virginia Community College","2020","First major","'99'","Grand total","Associate's degree","546","238","308","1","0","1","30","12","18","42","21","21","41","15","26","0","0","0","400","176","224","21","7","14","5","5","0","6","2","4","-2"
"233277","Radford University","2020","First major","'99'","Grand total","Associate's degree","31","6","25","0","0","0","0","0","0","2","1","1","1","0","1","0","0","0","27","5","22","0","0","0","1","0","1","0","0","0","-2"
"233277","Radford University","2020","First major","'99'","Grand total","Bachelor's degree","1880","741","1139","5","1","4","33","9","24","254","95","159","106","43","63","1","1","0","1344","532","812","69","29","40","54","23","31","14","8","6","-2"
"233277","Radford University","2020","First major","'99'","Grand total","Master's degree","423","83","340","0","0","0","6","1","5","40","7","33","12","2","10","0","0","0","307","62","245","4","1","3","49","7","42","5","3","2","-2"
"233277","Radford University","2020","First major","'99'","Grand total","Doctor's degree - research/scholarship","0","0","0","0","0","0","0","0","0","0","0","0","0","0","0","0","0","0","0","0","0","0","0","0","0","0","0","0","0","0","-2"
"233277","Radford University","2020","First major","'99'","Grand total","Doctor's degree - professional practice","46","15","31","0","0","0","0","0","0","1","1","0","0","0","0","0","0","0","38","13","25","0","0","0","6","1","5","1","0","1","-2"
"233277","Radford University","2020","First major","'99'","Grand total","Doctor's degree - other","10","2","8","0","0","0","1","0","1","1","1","0","1","0","1","0","0","0","6","1","5","1","0","1","0","0","0","0","0","0","-2"
"233277","Radford University","2020","Second major","'99'","Grand total","Bachelor's degree","55","25","30","0","0","0","0","0","0","4","1","3","4","1","3","0","0","0","42","21","21","3","1","2","0","0","0","2","1","1","-2"
"233295","Randolph-Macon College","2020","First major","'99'","Grand total","Bachelor's degree","336","162","174","2","1","1","3","2","1","39","17","22","6","3","3","1","1","0","264","131","133","14","4","10","3","2","1","4","1","3","-2"
"233295","Randolph-Macon College","2020","Second major","'99'","Grand total","Bachelor's degree","64","13","51","1","1","0","1","0","1","5","0","5","1","0","1","0","0","0","51","11","40","2","0","2","1","1","0","2","0","2","-2"
"233301","Randolph College","2020","First major","'99'","Grand total","Bachelor's degree","125","41","84","0","0","0","3","1","2","18","4","14","10","5","5","1","1","0","74","25","49","9","1","8","1","1","0","9","3","6","-2"
"233301","Randolph College","2020","First major","'99'","Grand total","Master's degree","14","2","12","0","0","0","0","0","0","1","0","1","0","0","0","0","0","0","13","2","11","0","0","0","0","0","0","0","0","0","-2"
"233301","Randolph College","2020","Second major","'99'","Grand total","Bachelor's degree","26","11","15","0","0","0","0","0","0","1","1","0","1","1","0","0","0","0","20","7","13","2","1","1","0","0","0","2","1","1","-2"
"233310","Rappahannock Community College","2020","First major","'99'","Grand total","Associate's degree","348","94","254","6","2","4","5","2","3","65","25","40","18","4","14","1","0","1","229","53","176","17","6","11","7","2","5","0","0","0","-2"
"233329","Fortis College-Norfolk","2020","First major","'99'","Grand total","Associate's degree","31","1","30","1","0","1","3","0","3","16","0","16","0","0","0","0","0","0","11","1","10","0","0","0","0","0","0","0","0","0","-2"
"233338","Richard Bland College","2020","First major","'99'","Grand total","Associate's degree","215","85","130","1","1","0","7","2","5","72","30","42","9","7","2","0","0","0","94","31","63","10","1","9","4","0","4","18","13","5","-2"
"233356","Bon Secours Memorial College of Nursing","2020","First major","'99'","Grand total","Bachelor's degree","144","9","135","0","0","0","6","1","5","25","3","22","0","0","0","2","0","2","100","4","96","9","1","8","2","0","2","0","0","0","-2"
"233374","University of Richmond","2020","First major","'99'","Grand total","Associate's degree","0","0","0","0","0","0","0","0","0","0","0","0","0","0","0","0","0","0","0","0","0","0","0","0","0","0","0","0","0","0","-2"
"233374","University of Richmond","2020","First major","'99'","Grand total","Bachelor's degree","842","385","457","0","0","0","73","29","44","50","24","26","71","26","45","0","0","0","494","248","246","41","17","24","38","16","22","75","25","50","-2"
"233374","University of Richmond","2020","First major","'99'","Grand total","Master's degree","104","42","62","0","0","0","2","1","1","13","2","11","2","0","2","0","0","0","77","33","44","1","1","0","2","1","1","7","4","3","-2"
"233374","University of Richmond","2020","First major","'99'","Grand total","Doctor's degree - professional practice","116","50","66","1","0","1","4","2","2","12","6","6","1","0","1","0","0","0","80","34","46","4","1","3","6","2","4","8","5","3","-2"
"233374","University of Richmond","2020","Second major","'99'","Grand total","Bachelor's degree","185","71","114","0","0","0","13","5","8","7","2","5","16","5","11","0","0","0","117","47","70","7","1","6","7","4","3","18","7","11","-2"
"233408","Riverside College of Health Careers","2020","First major","'99'","Grand total","Associate's degree","124","9","115","0","0","0","2","0","2","14","0","14","7","1","6","0","0","0","93","7","86","8","1","7","0","0","0","0","0","0","-2"
"233408","Riverside College of Health Careers","2020","First major","'99'","Grand total","Bachelor's degree","0","0","0","0","0","0","0","0","0","0","0","0","0","0","0","0","0","0","0","0","0","0","0","0","0","0","0","0","0","0","-2"
"233426","Roanoke College","2020","First major","'99'","Grand total","Bachelor's degree","428","174","254","0","0","0","6","1","5","27","9","18","29","11","18","0","0","0","337","136","201","19","10","9","0","0","0","10","7","3","-2"
"233426","Roanoke College","2020","Second major","'99'","Grand total","Bachelor's degree","51","16","35","0","0","0","0","0","0","2","0","2","3","0","3","0","0","0","42","13","29","2","1","1","0","0","0","2","2","0","-2"
"233541","Shenandoah University","2020","First major","'99'","Grand total","Bachelor's degree","472","148","324","4","3","1","24","4","20","54","15","39","26","5","21","0","0","0","278","81","197","2","1","1","73","32","41","11","7","4","-2"
"233541","Shenandoah University","2020","First major","'99'","Grand total","Master's degree","295","65","230","1","1","0","6","3","3","20","3","17","9","3","6","1","0","1","164","32","132","1","0","1","79","14","65","14","9","5","-2"
"233541","Shenandoah University","2020","First major","'99'","Grand total","Doctor's degree - research/scholarship","106","25","81","0","0","0","8","0","8","6","2","4","1","0","1","1","0","1","76","19","57","0","0","0","11","3","8","3","1","2","-2"
"233541","Shenandoah University","2020","First major","'99'","Grand total","Doctor's degree - professional practice","120","44","76","0","0","0","17","7","10","26","11","15","2","1","1","1","0","1","51","15","36","2","1","1","17","7","10","4","2","2","-2"
"233541","Shenandoah University","2020","Second major","'99'","Grand total","Bachelor's degree","22","7","15","0","0","0","1","0","1","2","0","2","2","1","1","0","0","0","9","3","6","0","0","0","5","2","3","3","1","2","-2"
"233541","Shenandoah University","2020","Second major","'99'","Grand total","Master's degree","1","0","1","0","0","0","0","0","0","0","0","0","0","0","0","0","0","0","1","0","1","0","0","0","0","0","0","0","0","0","-2"
"233602","Southeastern Free Will Baptist Bible College","2020","First major","'99'","Grand total","Associate's degree","0","0","0","0","0","0","0","0","0","0","0","0","0","0","0","0","0","0","0","0","0","0","0","0","0","0","0","0","0","0","-2"
"233602","Southeastern Free Will Baptist Bible College","2020","First major","'99'","Grand total","Bachelor's degree","7","2","5","0","0","0","0","0","0","0","0","0","1","0","1","0","0","0","6","2","4","0","0","0","0","0","0","0","0","0","-2"
"233611","Southern Virginia University","2020","First major","'99'","Grand total","Bachelor's degree","167","70","97","1","1","0","1","0","1","4","2","2","6","2","4","6","4","2","140","57","83","6","2","4","0","0","0","3","2","1","-2"
"233611","Southern Virginia University","2020","Second major","'99'","Grand total","Bachelor's degree","17","7","10","0","0","0","0","0","0","0","0","0","0","0","0","0","0","0","17","7","10","0","0","0","0","0","0","0","0","0","-2"
"233639","Southside Virginia Community College","2020","First major","'99'","Grand total","Associate's degree","467","171","296","0","0","0","7","1","6","127","40","87","13","4","9","0","0","0","296","119","177","19","5","14","4","1","3","1","1","0","-2"
"233648","Southwest Virginia Community College","2020","First major","'99'","Grand total","Associate's degree","255","73","182","1","1","0","0","0","0","0","0","0","2","0","2","0","0","0","241","70","171","7","1","6","4","1","3","0","0","0","-2"
"233684","Strayer University-Virginia","2020","First major","'99'","Grand total","Associate's degree","199","61","138","0","0","0","7","3","4","116","28","88","19","7","12","0","0","0","46","17","29","8","4","4","3","2","1","0","0","0","-2"
"233684","Strayer University-Virginia","2020","First major","'99'","Grand total","Bachelor's degree","684","297","387","2","1","1","42","22","20","285","101","184","78","38","40","2","1","1","214","106","108","30","11","19","20","10","10","11","7","4","-2"
"233684","Strayer University-Virginia","2020","First major","'99'","Grand total","Master's degree","491","190","301","0","0","0","36","16","20","224","72","152","36","13","23","3","2","1","113","62","51","24","3","21","14","3","11","41","19","22","-2"
"233718","Sweet Briar College","2020","First major","'99'","Grand total","Bachelor's degree","95","0","95","0","0","0","5","0","5","6","0","6","11","0","11","1","0","1","68","0","68","3","0","3","1","0","1","0","0","0","-2"
"233718","Sweet Briar College","2020","First major","'99'","Grand total","Master's degree","2","0","2","0","0","0","0","0","0","0","0","0","0","0","0","0","0","0","2","0","2","0","0","0","0","0","0","0","0","0","-2"
"233718","Sweet Briar College","2020","Second major","'99'","Grand total","Bachelor's degree","17","0","17","0","0","0","1","0","1","2","0","2","1","0","1","1","0","1","12","0","12","0","0","0","0","0","0","0","0","0","-2"
"233754","Thomas Nelson Community College","2020","First major","'99'","Grand total","Associate's degree","856","340","516","2","1","1","31","8","23","209","59","150","74","28","46","2","1","1","465","217","248","58","21","37","12","3","9","3","2","1","-2"
"233772","Tidewater Community College","2020","First major","'99'","Grand total","Associate's degree","2391","894","1497","11","5","6","138","45","93","566","172","394","232","86","146","9","6","3","1234","516","718","155","50","105","23","6","17","23","8","15","-2"
"233842","Union Presbyterian Seminary","2020","First major","'99'","Grand total","Master's degree","50","23","27","0","0","0","0","0","0","6","2","4","0","0","0","0","0","0","40","19","21","0","0","0","2","1","1","2","1","1","-2"
"233842","Union Presbyterian Seminary","2020","First major","'99'","Grand total","Doctor's degree - research/scholarship","2","1","1","0","0","0","0","0","0","0","0","0","0","0","0","0","0","0","2","1","1","0","0","0","0","0","0","0","0","0","-2"
"233842","Union Presbyterian Seminary","2020","First major","'99'","Grand total","Doctor's degree - professional practice","0","0","0","0","0","0","0","0","0","0","0","0","0","0","0","0","0","0","0","0","0","0","0","0","0","0","0","0","0","0","-2"
"233897","The University of Virginia's College at Wise","2020","First major","'99'","Grand total","Bachelor's degree","230","117","113","0","0","0","2","2","0","12","7","5","4","3","1","0","0","0","184","86","98","1","1","0","27","18","9","0","0","0","-2"
"233897","The University of Virginia's College at Wise","2020","Second major","'99'","Grand total","Bachelor's degree","7","6","1","0","0","0","0","0","0","0","0","0","0","0","0","0","0","0","5","5","0","0","0","0","2","1","1","0","0","0","-2"
"233903","Virginia Highlands Community College","2020","First major","'99'","Grand total","Associate's degree","257","94","163","0","0","0","2","0","2","3","2","1","5","0","5","1","1","0","239","90","149","6","1","5","1","0","1","0","0","0","-2"
"233921","Virginia Polytechnic Institute and State University","2020","First major","'99'","Grand total","Associate's degree","55","43","12","0","0","0","0","0","0","0","0","0","2","2","0","0","0","0","49","39","10","1","1","0","3","1","2","0","0","0","-2"
"233921","Virginia Polytechnic Institute and State University","2020","First major","'99'","Grand total","Bachelor's degree","6832","3632","3200","7","5","2","714","383","331","258","116","142","425","216","209","9","4","5","4544","2397","2147","315","148","167","151","81","70","409","282","127","-2"
"233921","Virginia Polytechnic Institute and State University","2020","First major","'99'","Grand total","Master's degree","1434","783","651","1","1","0","101","67","34","68","27","41","68","35","33","2","0","2","788","399","389","42","18","24","26","16","10","338","220","118","-2"
"233921","Virginia Polytechnic Institute and State University","2020","First major","'99'","Grand total","Doctor's degree - research/scholarship","557","321","236","0","0","0","23","15","8","28","10","18","16","10","6","0","0","0","221","116","105","9","5","4","5","1","4","255","164","91","-2"
"233921","Virginia Polytechnic Institute and State University","2020","First major","'99'","Grand total","Doctor's degree - professional practice","168","54","114","1","0","1","13","4","9","7","2","5","9","2","7","0","0","0","109","30","79","4","1","3","23","14","9","2","1","1","-2"
"233921","Virginia Polytechnic Institute and State University","2020","Second major","'99'","Grand total","Bachelor's degree","304","144","160","0","0","0","33","11","22","9","4","5","28","12","16","0","0","0","197","95","102","23","13","10","3","2","1","11","7","4","-2"
"233949","Virginia Western Community College","2020","First major","'99'","Grand total","Associate's degree","661","254","407","1","0","1","27","14","13","49","16","33","25","8","17","1","0","1","531","206","325","18","6","12","6","2","4","3","2","1","-2"
"234030","Virginia Commonwealth University","2020","First major","'99'","Grand total","Bachelor's degree","4880","1915","2965","11","4","7","631","243","388","892","290","602","456","192","264","6","4","2","2297","948","1349","313","110","203","111","25","86","163","99","64","-2"
"234030","Virginia Commonwealth University","2020","First major","'99'","Grand total","Master's degree","1369","470","899","8","3","5","79","26","53","175","46","129","54","19","35","0","0","0","832","296","536","59","21","38","52","13","39","110","46","64","-2"
"234030","Virginia Commonwealth University","2020","First major","'99'","Grand total","Doctor's degree - research/scholarship","374","136","238","1","1","0","18","3","15","30","7","23","4","0","4","0","0","0","237","88","149","9","3","6","30","4","26","45","30","15","-2"
"234030","Virginia Commonwealth University","2020","First major","'99'","Grand total","Doctor's degree - professional practice","442","180","262","1","1","0","119","39","80","11","3","8","13","4","9","0","0","0","141","61","80","6","1","5","138","65","73","13","6","7","-2"
"234030","Virginia Commonwealth University","2020","Second major","'99'","Grand total","Bachelor's degree","199","72","127","1","1","0","22","11","11","33","7","26","19","8","11","0","0","0","106","37","69","14","7","7","0","0","0","4","1","3","-2"
"234076","University of Virginia-Main Campus","2020","First major","'99'","Grand total","Bachelor's degree","4171","1909","2262","4","3","1","613","288","325","268","103","165","286","121","165","0","0","0","2420","1134","1286","180","74","106","217","93","124","183","93","90","-2"
"234076","University of Virginia-Main Campus","2020","First major","'99'","Grand total","Master's degree","2186","1062","1124","0","0","0","136","71","65","99","44","55","90","39","51","1","1","0","1277","605","672","72","31","41","32","23","9","479","248","231","-2"
"234076","University of Virginia-Main Campus","2020","First major","'99'","Grand total","Doctor's degree - research/scholarship","338","174","164","0","0","0","16","9","7","14","3","11","17","8","9","0","0","0","188","95","93","3","0","3","15","7","8","85","52","33","-2"
"234076","University of Virginia-Main Campus","2020","First major","'99'","Grand total","Doctor's degree - professional practice","468","244","224","0","0","0","40","21","19","32","12","20","35","21","14","2","1","1","321","170","151","19","8","11","14","7","7","5","4","1","-2"
"234076","University of Virginia-Main Campus","2020","Second major","'99'","Grand total","Bachelor's degree","1035","463","572","1","0","1","139","57","82","46","15","31","71","24","47","0","0","0","623","289","334","35","17","18","41","21","20","79","40","39","-2"
"234085","Virginia Military Institute","2020","First major","'99'","Grand total","Bachelor's degree","372","322","50","4","3","1","11","9","2","17","14","3","18","16","2","1","1","0","313","272","41","2","1","1","0","0","0","6","6","0","-2"
"234085","Virginia Military Institute","2020","Second major","'99'","Grand total","Bachelor's degree","11","8","3","0","0","0","0","0","0","0","0","0","0","0","0","0","0","0","11","8","3","0","0","0","0","0","0","0","0","0","-2"
"234137","Virginia University of Lynchburg","2020","First major","'99'","Grand total","Associate's degree","34","25","9","0","0","0","0","0","0","33","25","8","1","0","1","0","0","0","0","0","0","0","0","0","0","0","0","0","0","0","-2"
"234137","Virginia University of Lynchburg","2020","First major","'99'","Grand total","Bachelor's degree","17","12","5","0","0","0","0","0","0","16","11","5","1","1","0","0","0","0","0","0","0","0","0","0","0","0","0","0","0","0","-2"
"234137","Virginia University of Lynchburg","2020","First major","'99'","Grand total","Master's degree","6","4","2","0","0","0","0","0","0","6","4","2","0","0","0","0","0","0","0","0","0","0","0","0","0","0","0","0","0","0","-2"
"234137","Virginia University of Lynchburg","2020","First major","'99'","Grand total","Doctor's degree - other","11","6","5","0","0","0","0","0","0","11","6","5","0","0","0","0","0","0","0","0","0","0","0","0","0","0","0","0","0","0","-2"
"234155","Virginia State University","2020","First major","'99'","Grand total","Bachelor's degree","643","252","391","0","0","0","1","0","1","541","210","331","2","0","2","0","0","0","8","3","5","0","0","0","72","21","51","19","18","1","-2"
"234155","Virginia State University","2020","First major","'99'","Grand total","Master's degree","104","47","57","0","0","0","0","0","0","78","35","43","0","0","0","0","0","0","3","2","1","0","0","0","5","2","3","18","8","10","-2"
"234155","Virginia State University","2020","First major","'99'","Grand total","Doctor's degree - research/scholarship","11","3","8","0","0","0","1","1","0","8","1","7","1","0","1","0","0","0","0","0","0","0","0","0","0","0","0","1","1","0","-2"
"234164","Virginia Union University","2020","First major","'99'","Grand total","Bachelor's degree","215","88","127","1","1","0","0","0","0","205","84","121","2","0","2","1","1","0","2","1","1","0","0","0","4","1","3","0","0","0","-2"
"234164","Virginia Union University","2020","First major","'99'","Grand total","Master's degree","87","42","45","0","0","0","0","0","0","80","38","42","0","0","0","0","0","0","2","0","2","0","0","0","1","1","0","4","3","1","-2"
"234164","Virginia Union University","2020","First major","'99'","Grand total","Doctor's degree - other","21","12","9","0","0","0","0","0","0","20","11","9","0","0","0","0","0","0","1","1","0","0","0","0","0","0","0","0","0","0","-2"
"234173","Virginia Wesleyan University","2020","First major","'99'","Grand total","Bachelor's degree","229","88","141","2","1","1","3","2","1","58","20","38","16","4","12","2","0","2","124","51","73","16","5","11","8","5","3","0","0","0","-2"
"234173","Virginia Wesleyan University","2020","First major","'99'","Grand total","Master's degree","49","18","31","0","0","0","1","1","0","5","1","4","0","0","0","3","1","2","30","13","17","6","1","5","4","1","3","0","0","0","-2"
"234173","Virginia Wesleyan University","2020","Second major","'99'","Grand total","Bachelor's degree","32","8","24","1","0","1","0","0","0","5","1","4","4","2","2","0","0","0","18","3","15","2","0","2","2","2","0","0","0","0","-2"
"234207","Washington and Lee University","2020","First major","'99'","Grand total","Bachelor's degree","446","236","210","0","0","0","10","2","8","12","5","7","20","8","12","0","0","0","375","207","168","13","7","6","4","3","1","12","4","8","-2"
"234207","Washington and Lee University","2020","First major","'99'","Grand total","Doctor's degree - professional practice","154","77","77","1","0","1","7","4","3","8","1","7","5","3","2","0","0","0","112","56","56","7","5","2","7","3","4","7","5","2","-2"
"234207","Washington and Lee University","2020","Second major","'99'","Grand total","Bachelor's degree","128","61","67","0","0","0","2","0","2","1","0","1","7","1","6","0","0","0","109","56","53","2","1","1","2","2","0","5","1","4","-2"
"234377","Wytheville Community College","2020","First major","'99'","Grand total","Associate's degree","322","103","219","2","1","1","5","1","4","5","2","3","17","9","8","0","0","0","284","86","198","7","4","3","0","0","0","2","0","2","-2"
"234669","Bellevue College","2020","First major","'99'","Grand total","Associate's degree","1900","833","1067","12","6","6","348","145","203","70","29","41","169","82","87","4","2","2","805","357","448","166","68","98","132","58","74","194","86","108","-2"
"234669","Bellevue College","2020","First major","'99'","Grand total","Bachelor's degree","234","96","138","2","1","1","48","14","34","8","5","3","14","8","6","1","1","0","110","45","65","20","10","10","13","7","6","18","5","13","-2"
"234696","Bellingham Technical College","2020","First major","'99'","Grand total","Associate's degree","295","158","137","1","0","1","11","4","7","2","0","2","23","11","12","0","0","0","214","123","91","12","4","8","31","15","16","1","1","0","-2"
"234696","Bellingham Technical College","2020","First major","'99'","Grand total","Bachelor's degree","6","2","4","1","0","1","0","0","0","0","0","0","0","0","0","0","0","0","3","2","1","0","0","0","2","0","2","0","0","0","-2"
"234711","Big Bend Community College","2020","First major","'99'","Grand total","Associate's degree","496","221","275","1","1","0","14","7","7","3","0","3","162","68","94","1","1","0","272","127","145","16","5","11","24","9","15","3","3","0","-2"
"234827","Central Washington University","2020","First major","'99'","Grand total","Bachelor's degree","2578","1197","1381","12","2","10","155","80","75","88","49","39","396","182","214","15","9","6","1364","636","728","172","81","91","306","129","177","70","29","41","-2"
"234827","Central Washington University","2020","First major","'99'","Grand total","Master's degree","304","138","166","0","0","0","11","3","8","11","5","6","45","21","24","2","0","2","200","95","105","8","3","5","21","9","12","6","2","4","-2"
"234827","Central Washington University","2020","Second major","'99'","Grand total","Bachelor's degree","305","127","178","1","0","1","20","10","10","9","4","5","47","21","26","0","0","0","174","72","102","16","5","11","28","10","18","10","5","5","-2"
"234827","Central Washington University","2020","Second major","'99'","Grand total","Master's degree","1","1","0","0","0","0","0","0","0","0","0","0","0","0","0","0","0","0","1","1","0","0","0","0","0","0","0","0","0","0","-2"
"234845","Centralia College","2020","First major","'99'","Grand total","Associate's degree","449","171","278","12","5","7","6","4","2","6","3","3","47","15","32","4","2","2","336","124","212","27","12","15","3","3","0","8","3","5","-2"
"234845","Centralia College","2020","First major","'99'","Grand total","Bachelor's degree","70","21","49","1","0","1","0","0","0","0","0","0","5","0","5","0","0","0","58","19","39","3","1","2","3","1","2","0","0","0","-2"
"234915","City University of Seattle","2020","First major","'99'","Grand total","Associate's degree","15","10","5","0","0","0","2","2","0","1","1","0","1","1","0","0","0","0","7","3","4","1","1","0","3","2","1","0","0","0","-2"
"234915","City University of Seattle","2020","First major","'99'","Grand total","Bachelor's degree","161","82","79","2","0","2","13","7","6","13","7","6","11","6","5","1","0","1","68","30","38","5","0","5","26","15","11","22","17","5","-2"
"234915","City University of Seattle","2020","First major","'99'","Grand total","Master's degree","362","140","222","3","2","1","20","6","14","31","15","16","19","7","12","2","2","0","161","44","117","9","1","8","32","17","15","85","46","39","-2"
"234915","City University of Seattle","2020","First major","'99'","Grand total","Doctor's degree - research/scholarship","26","5","21","0","0","0","1","1","0","2","0","2","1","0","1","0","0","0","11","2","9","0","0","0","11","2","9","0","0","0","-2"
"234933","Clark College","2020","First major","'99'","Grand total","Associate's degree","1566","614","952","4","0","4","86","33","53","23","9","14","142","60","82","8","5","3","1070","406","664","108","47","61","106","46","60","19","8","11","-2"
"234933","Clark College","2020","First major","'99'","Grand total","Bachelor's degree","21","9","12","0","0","0","1","1","0","0","0","0","1","1","0","0","0","0","18","6","12","1","1","0","0","0","0","0","0","0","-2"
"234951","Clover Park Technical College","2020","First major","'99'","Grand total","Associate's degree","544","248","296","4","1","3","38","18","20","41","14","27","70","23","47","6","3","3","278","134","144","64","28","36","34","20","14","9","7","2","-2"
"234951","Clover Park Technical College","2020","First major","'99'","Grand total","Bachelor's degree","7","5","2","0","0","0","1","1","0","1","0","1","0","0","0","0","0","0","5","4","1","0","0","0","0","0","0","0","0","0","-2"
"234979","Columbia Basin College","2020","First major","'99'","Grand total","Associate's degree","1173","401","772","2","1","1","35","16","19","8","3","5","468","149","319","2","1","1","571","201","370","49","16","33","35","13","22","3","1","2","-2"
"234979","Columbia Basin College","2020","First major","'99'","Grand total","Bachelor's degree","141","58","83","1","0","1","4","3","1","0","0","0","37","11","26","0","0","0","86","37","49","4","1","3","9","6","3","0","0","0","-2"
"235024","Cornish College of the Arts","2020","First major","'99'","Grand total","Bachelor's degree","140","37","103","2","2","0","7","3","4","5","5","0","17","6","11","1","0","1","87","14","73","13","4","9","6","3","3","2","0","2","-2"
"235097","Eastern Washington University","2020","First major","'99'","Grand total","Bachelor's degree","2353","1060","1293","24","11","13","77","34","43","56","23","33","341","136","205","4","3","1","1514","652","862","165","67","98","48","19","29","124","115","9","-2"
"235097","Eastern Washington University","2020","First major","'99'","Grand total","Master's degree","578","140","438","11","2","9","12","4","8","24","12","12","59","9","50","1","1","0","403","101","302","27","5","22","36","4","32","5","2","3","-2"
"235097","Eastern Washington University","2020","First major","'99'","Grand total","Doctor's degree - professional practice","35","10","25","0","0","0","1","0","1","0","0","0","0","0","0","0","0","0","31","9","22","2","0","2","1","1","0","0","0","0","-2"
"235103","Edmonds College","2020","First major","'99'","Grand total","Associate's degree","942","412","530","5","2","3","115","45","70","44","18","26","55","26","29","3","2","1","382","146","236","59","31","28","53","24","29","226","118","108","-2"
"235103","Edmonds College","2020","First major","'99'","Grand total","Bachelor's degree","13","4","9","0","0","0","0","0","0","3","1","2","1","0","1","0","0","0","9","3","6","0","0","0","0","0","0","0","0","0","-2"
"235149","Everett Community College","2020","First major","'99'","Grand total","Associate's degree","1326","480","846","11","5","6","99","36","63","29","11","18","128","40","88","3","3","0","793","281","512","86","35","51","94","34","60","83","35","48","-2"
"235167","The Evergreen State College","2020","First major","'99'","Grand total","Bachelor's degree","789","335","454","28","6","22","24","9","15","43","17","26","78","31","47","4","1","3","526","229","297","49","24","25","34","16","18","3","2","1","-2"
"235167","The Evergreen State College","2020","First major","'99'","Grand total","Master's degree","125","38","87","11","3","8","2","0","2","7","4","3","17","2","15","1","1","0","80","28","52","7","0","7","0","0","0","0","0","0","-2"
"235237","Pierce College District","2020","First major","'99'","Grand total","Associate's degree","1695","583","1112","8","1","7","135","54","81","132","46","86","254","84","170","20","5","15","801","260","541","202","70","132","86","38","48","57","25","32","-2"
"235237","Pierce College District","2020","First major","'99'","Grand total","Bachelor's degree","61","12","49","0","0","0","5","0","5","5","2","3","2","0","2","0","0","0","37","8","29","8","2","6","3","0","3","1","0","1","-2"
"235316","Gonzaga University","2020","First major","'99'","Grand total","Bachelor's degree","1295","623","672","7","3","4","62","26","36","10","7","3","132","55","77","8","5","3","944","465","479","86","37","49","30","16","14","16","9","7","-2"
"235316","Gonzaga University","2020","First major","'99'","Grand total","Master's degree","640","225","415","10","1","9","24","7","17","16","9","7","26","8","18","2","1","1","409","136","273","20","6","14","59","22","37","74","35","39","-2"
"235316","Gonzaga University","2020","First major","'99'","Grand total","Doctor's degree - research/scholarship","4","2","2","0","0","0","0","0","0","0","0","0","0","0","0","0","0","0","1","1","0","0","0","0","0","0","0","3","1","2","-2"
"235316","Gonzaga University","2020","First major","'99'","Grand total","Doctor's degree - professional practice","150","52","98","4","2","2","6","2","4","4","2","2","9","3","6","0","0","0","115","40","75","4","2","2","7","1","6","1","0","1","-2"
"235316","Gonzaga University","2020","Second major","'99'","Grand total","Bachelor's degree","162","55","107","1","0","1","3","1","2","0","0","0","20","7","13","0","0","0","126","45","81","7","0","7","3","1","2","2","1","1","-2"
"235316","Gonzaga University","2020","Second major","'99'","Grand total","Master's degree","1","1","0","0","0","0","0","0","0","0","0","0","0","0","0","0","0","0","1","1","0","0","0","0","0","0","0","0","0","0","-2"
"235334","Grays Harbor College","2020","First major","'99'","Grand total","Associate's degree","368","156","212","5","2","3","12","3","9","11","9","2","40","14","26","2","0","2","238","100","138","34","18","16","25","9","16","1","1","0","-2"
"235334","Grays Harbor College","2020","First major","'99'","Grand total","Bachelor's degree","28","9","19","1","0","1","0","0","0","1","1","0","4","0","4","0","0","0","20","8","12","2","0","2","0","0","0","0","0","0","-2"
"235343","Green River College","2020","First major","'99'","Grand total","Associate's degree","1701","778","923","4","1","3","186","82","104","59","22","37","163","64","99","10","3","7","665","297","368","164","77","87","145","73","72","305","159","146","-2"
"235343","Green River College","2020","First major","'99'","Grand total","Bachelor's degree","192","139","53","0","0","0","28","20","8","6","3","3","14","9","5","1","0","1","100","75","25","22","13","9","12","11","1","9","8","1","-2"
"235422","Heritage University","2020","First major","'99'","Grand total","Associate's degree","3","0","3","0","0","0","0","0","0","0","0","0","3","0","3","0","0","0","0","0","0","0","0","0","0","0","0","0","0","0","-2"
"235422","Heritage University","2020","First major","'99'","Grand total","Bachelor's degree","187","25","162","11","2","9","1","0","1","0","0","0","125","16","109","0","0","0","36","5","31","4","0","4","9","2","7","1","0","1","-2"
"235422","Heritage University","2020","First major","'99'","Grand total","Master's degree","73","27","46","1","1","0","5","3","2","2","1","1","21","4","17","0","0","0","38","16","22","3","1","2","3","1","2","0","0","0","-2"
"235431","Highline College","2020","First major","'99'","Grand total","Associate's degree","1026","386","640","3","1","2","203","77","126","97","39","58","103","39","64","8","1","7","266","80","186","127","47","80","96","43","53","123","59","64","-2"
"235431","Highline College","2020","First major","'99'","Grand total","Bachelor's degree","69","32","37","0","0","0","9","5","4","16","8","8","3","1","2","2","1","1","20","11","9","8","2","6","7","2","5","4","2","2","-2"
"235547","Bastyr University","2020","First major","'99'","Grand total","Bachelor's degree","50","8","42","1","0","1","7","0","7","1","0","1","1","1","0","1","0","1","37","7","30","2","0","2","0","0","0","0","0","0","-2"
"235547","Bastyr University","2020","First major","'99'","Grand total","Master's degree","123","11","112","0","0","0","11","1","10","3","0","3","5","0","5","0","0","0","84","8","76","9","1","8","10","1","9","1","0","1","-2"
"235547","Bastyr University","2020","First major","'99'","Grand total","Doctor's degree - professional practice","123","25","98","1","0","1","22","6","16","4","1","3","3","1","2","1","0","1","74","11","63","9","2","7","8","3","5","1","1","0","-2"
"235671","Bates Technical College","2020","First major","'99'","Grand total","Associate's degree","288","146","142","1","0","1","14","8","6","23","11","12","24","16","8","2","1","1","147","79","68","20","10","10","57","21","36","0","0","0","-2"
"235699","Lake Washington Institute of Technology","2020","First major","'99'","Grand total","Associate's degree","474","198","276","0","0","0","50","19","31","18","10","8","43","11","32","1","1","0","246","113","133","31","11","20","50","21","29","35","12","23","-2"
"235699","Lake Washington Institute of Technology","2020","First major","'99'","Grand total","Bachelor's degree","64","47","17","3","3","0","4","2","2","0","0","0","2","2","0","0","0","0","36","27","9","4","3","1","8","5","3","7","5","2","-2"
"235750","Lower Columbia College","2020","First major","'99'","Grand total","Associate's degree","480","142","338","5","2","3","12","2","10","8","5","3","36","10","26","3","0","3","363","111","252","31","8","23","16","2","14","6","2","4","-2"
"235750","Lower Columbia College","2020","First major","'99'","Grand total","Bachelor's degree","0","0","0","0","0","0","0","0","0","0","0","0","0","0","0","0","0","0","0","0","0","0","0","0","0","0","0","0","0","0","-2"
"236072","North Seattle College","2020","First major","'99'","Grand total","Associate's degree","447","215","232","2","1","1","35","17","18","25","14","11","37","20","17","0","0","0","148","71","77","44","20","24","51","22","29","105","50","55","-2"
"236072","North Seattle College","2020","First major","'99'","Grand total","Bachelor's degree","55","23","32","0","0","0","5","4","1","9","4","5","6","2","4","1","1","0","21","6","15","4","2","2","7","2","5","2","2","0","-2"
"236133","Northwest University","2020","First major","'99'","Grand total","Associate's degree","6","1","5","0","0","0","0","0","0","0","0","0","0","0","0","0","0","0","6","1","5","0","0","0","0","0","0","0","0","0","-2"
"236133","Northwest University","2020","First major","'99'","Grand total","Bachelor's degree","259","83","176","3","1","2","19","4","15","12","4","8","23","10","13","5","1","4","174","54","120","17","7","10","1","0","1","5","2","3","-2"
"236133","Northwest University","2020","First major","'99'","Grand total","Master's degree","173","67","106","1","0","1","33","13","20","9","5","4","14","5","9","1","0","1","102","42","60","9","2","7","0","0","0","4","0","4","-2"
"236133","Northwest University","2020","First major","'99'","Grand total","Doctor's degree - research/scholarship","9","4","5","0","0","0","1","0","1","1","0","1","0","0","0","0","0","0","7","4","3","0","0","0","0","0","0","0","0","0","-2"
"236133","Northwest University","2020","Second major","'99'","Grand total","Bachelor's degree","11","6","5","0","0","0","0","0","0","1","0","1","0","0","0","0","0","0","10","6","4","0","0","0","0","0","0","0","0","0","-2"
"236188","Olympic College","2020","First major","'99'","Grand total","Associate's degree","1158","544","614","11","4","7","68","31","37","29","16","13","99","47","52","17","8","9","752","355","397","112","46","66","41","18","23","29","19","10","-2"
"236188","Olympic College","2020","First major","'99'","Grand total","Bachelor's degree","75","36","39","0","0","0","8","6","2","4","2","2","8","4","4","0","0","0","45","19","26","5","1","4","4","4","0","1","0","1","-2"
"236212","Perry Technical Institute","2020","First major","'99'","Grand total","Associate's degree","57","39","18","1","0","1","0","0","0","1","1","0","26","19","7","2","1","1","26","18","8","0","0","0","1","0","1","0","0","0","-2"
"236230","Pacific Lutheran University","2020","First major","'99'","Grand total","Bachelor's degree","712","260","452","4","0","4","64","18","46","20","11","9","77","32","45","7","4","3","434","158","276","74","24","50","7","3","4","25","10","15","-2"
"236230","Pacific Lutheran University","2020","First major","'99'","Grand total","Master's degree","162","57","105","1","0","1","15","6","9","5","3","2","18","5","13","1","0","1","100","32","68","8","5","3","9","3","6","5","3","2","-2"
"236230","Pacific Lutheran University","2020","First major","'99'","Grand total","Doctor's degree - professional practice","19","2","17","0","0","0","3","0","3","4","0","4","1","0","1","0","0","0","10","2","8","0","0","0","1","0","1","0","0","0","-2"
"236230","Pacific Lutheran University","2020","Second major","'99'","Grand total","Bachelor's degree","59","16","43","0","0","0","4","0","4","1","1","0","9","1","8","1","0","1","38","13","25","4","1","3","0","0","0","2","0","2","-2"
"236258","Peninsula College","2020","First major","'99'","Grand total","Associate's degree","308","121","187","5","1","4","7","1","6","4","1","3","24","8","16","0","0","0","193","75","118","26","8","18","33","18","15","16","9","7","-2"
"236258","Peninsula College","2020","First major","'99'","Grand total","Bachelor's degree","14","7","7","1","0","1","1","0","1","0","0","0","1","1","0","0","0","0","6","3","3","0","0","0","5","3","2","0","0","0","-2"
"236328","University of Puget Sound","2020","First major","'99'","Grand total","Bachelor's degree","602","237","365","1","0","1","35","15","20","2","0","2","53","25","28","2","1","1","442","165","277","44","19","25","20","11","9","3","1","2","-2"
"236328","University of Puget Sound","2020","First major","'99'","Grand total","Master's degree","93","24","69","0","0","0","7","2","5","3","2","1","6","1","5","1","0","1","51","15","36","2","0","2","23","4","19","0","0","0","-2"
"236328","University of Puget Sound","2020","First major","'99'","Grand total","Doctor's degree - professional practice","75","24","51","0","0","0","7","2","5","0","0","0","6","3","3","0","0","0","57","18","39","2","0","2","2","0","2","1","1","0","-2"
"236328","University of Puget Sound","2020","Second major","'99'","Grand total","Bachelor's degree","125","49","76","0","0","0","8","4","4","0","0","0","11","3","8","0","0","0","89","34","55","9","5","4","6","2","4","2","1","1","-2"
"236382","Renton Technical College","2020","First major","'99'","Grand total","Associate's degree","234","105","129","2","1","1","53","20","33","27","10","17","21","9","12","2","1","1","111","53","58","4","3","1","11","7","4","3","1","2","-2"
"236382","Renton Technical College","2020","First major","'99'","Grand total","Bachelor's degree","23","20","3","0","0","0","1","1","0","4","4","0","0","0","0","0","0","0","16","14","2","0","0","0","2","1","1","0","0","0","-2"
"236452","Saint Martin's University","2020","First major","'99'","Grand total","Bachelor's degree","304","150","154","4","3","1","22","8","14","12","2","10","48","18","30","10","5","5","158","82","76","21","9","12","7","5","2","22","18","4","-2"
"236452","Saint Martin's University","2020","First major","'99'","Grand total","Master's degree","78","35","43","1","0","1","8","6","2","7","4","3","10","2","8","0","0","0","37","13","24","4","3","1","7","4","3","4","3","1","-2"
"236452","Saint Martin's University","2020","First major","'99'","Grand total","Doctor's degree - research/scholarship","0","0","0","0","0","0","0","0","0","0","0","0","0","0","0","0","0","0","0","0","0","0","0","0","0","0","0","0","0","0","-2"
"236452","Saint Martin's University","2020","Second major","'99'","Grand total","Bachelor's degree","11","2","9","0","0","0","0","0","0","0","0","0","3","0","3","0","0","0","7","2","5","1","0","1","0","0","0","0","0","0","-2"
"236504","South Seattle College","2020","First major","'99'","Grand total","Associate's degree","575","281","294","6","1","5","81","36","45","63","28","35","58","26","32","3","2","1","133","78","55","61","21","40","42","21","21","128","68","60","-2"
"236504","South Seattle College","2020","First major","'99'","Grand total","Bachelor's degree","27","14","13","0","0","0","5","2","3","1","0","1","0","0","0","0","0","0","11","8","3","2","0","2","3","3","0","5","1","4","-2"
"236513","Seattle Central College","2020","First major","'99'","Grand total","Associate's degree","967","413","554","3","1","2","127","56","71","110","36","74","68","28","40","2","1","1","265","115","150","69","31","38","47","17","30","276","128","148","-2"
"236513","Seattle Central College","2020","First major","'99'","Grand total","Bachelor's degree","73","17","56","0","0","0","11","3","8","10","1","9","7","1","6","0","0","0","26","6","20","10","2","8","7","4","3","2","0","2","-2"
"236577","Seattle Pacific University","2020","First major","'99'","Grand total","Bachelor's degree","716","237","479","2","0","2","78","29","49","22","9","13","66","15","51","10","4","6","397","114","283","65","24","41","19","9","10","57","33","24","-2"
"236577","Seattle Pacific University","2020","First major","'99'","Grand total","Master's degree","262","80","182","0","0","0","22","6","16","8","3","5","14","6","8","1","0","1","183","55","128","6","0","6","19","8","11","9","2","7","-2"
"236577","Seattle Pacific University","2020","First major","'99'","Grand total","Doctor's degree - research/scholarship","41","8","33","0","0","0","6","0","6","3","0","3","1","0","1","0","0","0","29","8","21","0","0","0","1","0","1","1","0","1","-2"
"236595","Seattle University","2020","First major","'99'","Grand total","Bachelor's degree","1331","502","829","0","0","0","205","77","128","42","18","24","136","40","96","0","0","0","517","168","349","84","30","54","163","71","92","184","98","86","-2"
"236595","Seattle University","2020","First major","'99'","Grand total","Master's degree","663","226","437","0","0","0","65","20","45","20","5","15","72","27","45","0","0","0","220","65","155","19","6","13","166","68","98","101","35","66","-2"
"236595","Seattle University","2020","First major","'99'","Grand total","Doctor's degree - research/scholarship","0","0","0","0","0","0","0","0","0","0","0","0","0","0","0","0","0","0","0","0","0","0","0","0","0","0","0","0","0","0","-2"
"236595","Seattle University","2020","First major","'99'","Grand total","Doctor's degree - professional practice","227","89","138","0","0","0","23","9","14","13","3","10","23","7","16","0","0","0","131","55","76","21","9","12","11","4","7","5","2","3","-2"
"236595","Seattle University","2020","Second major","'99'","Grand total","Bachelor's degree","129","34","95","0","0","0","20","8","12","2","1","1","19","4","15","0","0","0","44","9","35","8","1","7","16","3","13","20","8","12","-2"
"236610","Shoreline Community College","2020","First major","'99'","Grand total","Associate's degree","936","435","501","2","2","0","97","37","60","32","20","12","69","29","40","3","3","0","329","143","186","77","35","42","77","29","48","250","137","113","-2"
"236638","Skagit Valley College","2020","First major","'99'","Grand total","Associate's degree","751","272","479","5","1","4","19","6","13","10","5","5","127","42","85","2","2","0","505","181","324","55","24","31","8","2","6","20","9","11","-2"
"236638","Skagit Valley College","2020","First major","'99'","Grand total","Bachelor's degree","33","17","16","0","0","0","1","1","0","1","0","1","4","2","2","0","0","0","22","12","10","5","2","3","0","0","0","0","0","0","-2"
"236656","South Puget Sound Community College","2020","First major","'99'","Grand total","Associate's degree","1110","446","664","9","3","6","84","44","40","19","6","13","128","45","83","2","2","0","651","251","400","126","49","77","66","30","36","25","16","9","-2"
"236692","Spokane Community College","2020","First major","'99'","Grand total","Associate's degree","901","394","507","14","5","9","31","14","17","15","7","8","52","26","26","5","4","1","614","253","361","42","15","27","121","66","55","7","4","3","-2"
"236692","Spokane Community College","2020","First major","'99'","Grand total","Bachelor's degree","11","5","6","0","0","0","0","0","0","0","0","0","1","1","0","0","0","0","10","4","6","0","0","0","0","0","0","0","0","0","-2"
"236708","Spokane Falls Community College","2020","First major","'99'","Grand total","Associate's degree","1025","427","598","13","4","9","23","13","10","17","8","9","89","40","49","2","1","1","650","259","391","42","14","28","133","53","80","56","35","21","-2"
"236708","Spokane Falls Community College","2020","First major","'99'","Grand total","Bachelor's degree","35","15","20","0","0","0","0","0","0","0","0","0","0","0","0","0","0","0","33","14","19","0","0","0","2","1","1","0","0","0","-2"
"236753","Tacoma Community College","2020","First major","'99'","Grand total","Associate's degree","1011","355","656","6","0","6","78","23","55","47","13","34","84","32","52","9","4","5","479","169","310","85","21","64","150","65","85","73","28","45","-2"
"236753","Tacoma Community College","2020","First major","'99'","Grand total","Bachelor's degree","24","5","19","0","0","0","1","0","1","2","0","2","2","1","1","0","0","0","16","4","12","1","0","1","2","0","2","0","0","0","-2"
"236887","Walla Walla Community College","2020","First major","'99'","Grand total","Associate's degree","687","317","370","3","2","1","13","5","8","17","9","8","120","55","65","3","3","0","453","208","245","39","16","23","35","18","17","4","1","3","-2"
"236887","Walla Walla Community College","2020","First major","'99'","Grand total","Bachelor's degree","5","3","2","0","0","0","0","0","0","0","0","0","0","0","0","0","0","0","5","3","2","0","0","0","0","0","0","0","0","0","-2"
"236896","Walla Walla University","2020","First major","'99'","Grand total","Associate's degree","34","15","19","0","0","0","1","0","1","0","0","0","7","3","4","0","0","0","24","11","13","2","1","1","0","0","0","0","0","0","-2"
"236896","Walla Walla University","2020","First major","'99'","Grand total","Bachelor's degree","354","171","183","2","1","1","28","12","16","13","6","7","62","35","27","2","1","1","219","105","114","21","8","13","7","3","4","0","0","0","-2"
"236896","Walla Walla University","2020","First major","'99'","Grand total","Master's degree","99","29","70","7","0","7","3","0","3","1","1","0","17","5","12","0","0","0","64","22","42","7","1","6","0","0","0","0","0","0","-2"
"236896","Walla Walla University","2020","Second major","'99'","Grand total","Bachelor's degree","2","1","1","0","0","0","0","0","0","0","0","0","0","0","0","0","0","0","2","1","1","0","0","0","0","0","0","0","0","0","-2"
"236939","Washington State University","2020","First major","'99'","Grand total","Bachelor's degree","6058","2703","3355","45","16","29","368","163","205","146","62","84","866","343","523","19","8","11","3816","1710","2106","361","156","205","137","77","60","300","168","132","-2"
"236939","Washington State University","2020","First major","'99'","Grand total","Master's degree","937","481","456","5","2","3","50","21","29","19","11","8","88","43","45","4","3","1","482","223","259","29","8","21","57","37","20","203","133","70","-2"
"236939","Washington State University","2020","First major","'99'","Grand total","Doctor's degree - research/scholarship","356","181","175","0","0","0","12","3","9","6","2","4","15","6","9","1","0","1","141","69","72","13","2","11","21","13","8","147","86","61","-2"
"236939","Washington State University","2020","First major","'99'","Grand total","Doctor's degree - professional practice","284","77","207","0","0","0","30","9","21","5","2","3","8","1","7","0","0","0","80","18","62","8","2","6","152","45","107","1","0","1","-2"
"236948","University of Washington-Seattle Campus","2020","First major","'99'","Grand total","Bachelor's degree","8198","3769","4429","32","15","17","1970","892","1078","227","85","142","673","304","369","33","17","16","3377","1571","1806","583","243","340","111","58","53","1192","584","608","-2"
"236948","University of Washington-Seattle Campus","2020","First major","'99'","Grand total","Master's degree","4337","2006","2331","11","5","6","569","243","326","124","60","64","296","127","169","5","4","1","2103","981","1122","188","79","109","91","39","52","950","468","482","-2"
"236948","University of Washington-Seattle Campus","2020","First major","'99'","Grand total","Doctor's degree - research/scholarship","688","343","345","6","4","2","57","34","23","10","6","4","36","16","20","0","0","0","335","155","180","26","11","15","24","10","14","194","107","87","-2"
"236948","University of Washington-Seattle Campus","2020","First major","'99'","Grand total","Doctor's degree - professional practice","598","263","335","5","2","3","143","55","88","17","5","12","25","15","10","1","1","0","356","167","189","19","9","10","17","5","12","15","4","11","-2"
"236948","University of Washington-Seattle Campus","2020","First major","'99'","Grand total","Doctor's degree - other","150","28","122","2","0","2","26","6","20","11","1","10","10","3","7","0","0","0","87","15","72","8","1","7","4","2","2","2","0","2","-2"
"236948","University of Washington-Seattle Campus","2020","Second major","'99'","Grand total","Bachelor's degree","954","361","593","5","1","4","195","71","124","27","8","19","79","25","54","3","1","2","398","162","236","65","22","43","9","4","5","173","67","106","-2"
"236975","Wenatchee Valley College","2020","First major","'99'","Grand total","Associate's degree","748","276","472","7","2","5","20","5","15","2","2","0","273","107","166","0","0","0","386","135","251","34","13","21","23","9","14","3","3","0","-2"
"236975","Wenatchee Valley College","2020","First major","'99'","Grand total","Bachelor's degree","16","6","10","0","0","0","0","0","0","0","0","0","4","1","3","0","0","0","9","3","6","1","1","0","2","1","1","0","0","0","-2"
"237011","Western Washington University","2020","First major","'99'","Grand total","Bachelor's degree","3643","1479","2164","13","3","10","224","104","120","48","24","24","329","107","222","8","3","5","2620","1064","1556","303","120","183","57","28","29","41","26","15","-2"
"237011","Western Washington University","2020","First major","'99'","Grand total","Master's degree","241","96","145","1","0","1","6","5","1","5","3","2","13","7","6","0","0","0","180","68","112","10","4","6","18","4","14","8","5","3","-2"
"237011","Western Washington University","2020","First major","'99'","Grand total","Doctor's degree - other","0","0","0","0","0","0","0","0","0","0","0","0","0","0","0","0","0","0","0","0","0","0","0","0","0","0","0","0","0","0","-2"
"237011","Western Washington University","2020","Second major","'99'","Grand total","Bachelor's degree","175","52","123","0","0","0","13","5","8","1","0","1","9","3","6","2","1","1","138","43","95","12","0","12","0","0","0","0","0","0","-2"
"237039","Whatcom Community College","2020","First major","'99'","Grand total","Associate's degree","848","327","521","5","2","3","48","19","29","10","5","5","96","26","70","4","0","4","490","192","298","65","26","39","63","24","39","67","33","34","-2"
"237039","Whatcom Community College","2020","First major","'99'","Grand total","Bachelor's degree","12","11","1","1","1","0","0","0","0","0","0","0","0","0","0","0","0","0","9","8","1","0","0","0","2","2","0","0","0","0","-2"
"237057","Whitman College","2020","First major","'99'","Grand total","Bachelor's degree","403","184","219","3","2","1","18","6","12","6","3","3","31","13","18","3","2","1","278","130","148","24","8","16","11","5","6","29","15","14","-2"
"237057","Whitman College","2020","Second major","'99'","Grand total","Bachelor's degree","55","27","28","0","0","0","0","0","0","0","0","0","4","3","1","0","0","0","37","17","20","6","3","3","2","1","1","6","3","3","-2"
"237066","Whitworth University","2020","First major","'99'","Grand total","Bachelor's degree","551","223","328","4","1","3","22","10","12","10","3","7","39","17","22","1","1","0","407","159","248","41","17","24","3","3","0","24","12","12","-2"
"237066","Whitworth University","2020","First major","'99'","Grand total","Master's degree","175","59","116","1","0","1","0","0","0","4","3","1","18","9","9","0","0","0","138","45","93","10","1","9","3","0","3","1","1","0","-2"
"237066","Whitworth University","2020","Second major","'99'","Grand total","Bachelor's degree","53","22","31","1","1","0","0","0","0","1","0","1","3","0","3","0","0","0","40","17","23","4","0","4","1","1","0","3","3","0","-2"
"237109","Yakima Valley College","2020","First major","'99'","Grand total","Associate's degree","801","246","555","18","4","14","9","1","8","2","0","2","425","133","292","0","0","0","283","88","195","38","11","27","24","8","16","2","1","1","-2"
"237109","Yakima Valley College","2020","First major","'99'","Grand total","Bachelor's degree","67","23","44","1","1","0","1","0","1","0","0","0","35","10","25","0","0","0","23","10","13","3","2","1","4","0","4","0","0","0","-2"
"237118","Alderson Broaddus University","2020","First major","'99'","Grand total","Associate's degree","2","0","2","0","0","0","0","0","0","0","0","0","0","0","0","0","0","0","2","0","2","0","0","0","0","0","0","0","0","0","-2"
"237118","Alderson Broaddus University","2020","First major","'99'","Grand total","Bachelor's degree","123","48","75","0","0","0","2","1","1","18","9","9","4","1","3","1","0","1","88","33","55","1","0","1","0","0","0","9","4","5","-2"
"237118","Alderson Broaddus University","2020","First major","'99'","Grand total","Master's degree","35","8","27","0","0","0","1","0","1","0","0","0","2","1","1","0","0","0","32","7","25","0","0","0","0","0","0","0","0","0","-2"
"237118","Alderson Broaddus University","2020","Second major","'99'","Grand total","Bachelor's degree","24","7","17","0","0","0","0","0","0","2","0","2","0","0","0","0","0","0","20","7","13","0","0","0","0","0","0","2","0","2","-2"
"237136","Appalachian Bible College","2020","First major","'99'","Grand total","Associate's degree","10","5","5","0","0","0","0","0","0","0","0","0","0","0","0","0","0","0","10","5","5","0","0","0","0","0","0","0","0","0","-2"
"237136","Appalachian Bible College","2020","First major","'99'","Grand total","Bachelor's degree","30","16","14","0","0","0","1","0","1","0","0","0","0","0","0","0","0","0","24","11","13","0","0","0","4","4","0","1","1","0","-2"
"237136","Appalachian Bible College","2020","First major","'99'","Grand total","Master's degree","3","3","0","0","0","0","0","0","0","0","0","0","0","0","0","0","0","0","3","3","0","0","0","0","0","0","0","0","0","0","-2"
"237181","Bethany College","2020","First major","'99'","Grand total","Bachelor's degree","78","42","36","0","0","0","2","0","2","18","16","2","6","3","3","0","0","0","38","14","24","1","1","0","12","7","5","1","1","0","-2"
"237181","Bethany College","2020","First major","'99'","Grand total","Master's degree","14","7","7","0","0","0","0","0","0","2","2","0","0","0","0","0","0","0","11","4","7","0","0","0","1","1","0","0","0","0","-2"
"237215","Bluefield State College","2020","First major","'99'","Grand total","Associate's degree","126","46","80","0","0","0","1","1","0","3","1","2","1","0","1","0","0","0","118","43","75","3","1","2","0","0","0","0","0","0","-2"
"237215","Bluefield State College","2020","First major","'99'","Grand total","Bachelor's degree","182","75","107","0","0","0","1","0","1","14","5","9","3","1","2","0","0","0","159","67","92","5","2","3","0","0","0","0","0","0","-2"
"237312","University of Charleston","2020","First major","'99'","Grand total","Associate's degree","113","20","93","0","0","0","2","0","2","3","1","2","2","1","1","1","0","1","100","15","85","0","0","0","4","3","1","1","0","1","-2"
"237312","University of Charleston","2020","First major","'99'","Grand total","Bachelor's degree","432","311","121","5","3","2","6","3","3","32","21","11","12","9","3","1","0","1","191","108","83","0","0","0","157","144","13","28","23","5","-2"
"237312","University of Charleston","2020","First major","'99'","Grand total","Master's degree","194","132","62","3","3","0","4","2","2","27","15","12","14","9","5","1","1","0","107","80","27","0","0","0","30","16","14","8","6","2","-2"
"237312","University of Charleston","2020","First major","'99'","Grand total","Doctor's degree - professional practice","112","57","55","0","0","0","11","6","5","37","17","20","3","2","1","0","0","0","39","24","15","0","0","0","19","7","12","3","1","2","-2"
"237312","University of Charleston","2020","Second major","'99'","Grand total","Bachelor's degree","8","0","8","0","0","0","0","0","0","0","0","0","0","0","0","1","0","1","7","0","7","0","0","0","0","0","0","0","0","0","-2"
"237312","University of Charleston","2020","Second major","'99'","Grand total","Master's degree","5","4","1","1","1","0","0","0","0","4","3","1","0","0","0","0","0","0","0","0","0","0","0","0","0","0","0","0","0","0","-2"
"237330","Concord University","2020","First major","'99'","Grand total","Bachelor's degree","351","120","231","1","1","0","4","0","4","11","6","5","1","1","0","0","0","0","307","103","204","3","1","2","5","1","4","19","7","12","-2"
"237330","Concord University","2020","First major","'99'","Grand total","Master's degree","130","25","105","1","0","1","1","0","1","6","4","2","1","0","1","0","0","0","119","21","98","1","0","1","1","0","1","0","0","0","-2"
"237330","Concord University","2020","Second major","'99'","Grand total","Bachelor's degree","23","6","17","0","0","0","0","0","0","2","1","1","0","0","0","0","0","0","19","5","14","1","0","1","0","0","0","1","0","1","-2"
"237358","Davis & Elkins College","2020","First major","'99'","Grand total","Associate's degree","35","3","32","0","0","0","0","0","0","0","0","0","2","0","2","0","0","0","20","1","19","0","0","0","12","1","11","1","1","0","-2"
"237358","Davis & Elkins College","2020","First major","'99'","Grand total","Bachelor's degree","136","55","81","0","0","0","0","0","0","5","1","4","4","1","3","0","0","0","77","31","46","1","1","0","34","10","24","15","11","4","-2"
"237358","Davis & Elkins College","2020","Second major","'99'","Grand total","Bachelor's degree","17","6","11","0","0","0","0","0","0","0","0","0","2","0","2","0","0","0","9","3","6","0","0","0","4","1","3","2","2","0","-2"
"237367","Fairmont State University","2020","First major","'99'","Grand total","Associate's degree","145","29","116","0","0","0","1","0","1","2","0","2","0","0","0","0","0","0","134","27","107","4","0","4","0","0","0","4","2","2","-2"
"237367","Fairmont State University","2020","First major","'99'","Grand total","Bachelor's degree","608","279","329","0","0","0","7","1","6","25","14","11","14","5","9","1","0","1","517","225","292","22","14","8","1","1","0","21","19","2","-2"
"237367","Fairmont State University","2020","First major","'99'","Grand total","Master's degree","87","29","58","1","1","0","1","0","1","2","1","1","2","0","2","0","0","0","77","25","52","4","2","2","0","0","0","0","0","0","-2"
"237367","Fairmont State University","2020","Second major","'99'","Grand total","Bachelor's degree","45","15","30","0","0","0","1","0","1","2","0","2","1","1","0","0","0","0","39","14","25","2","0","2","0","0","0","0","0","0","-2"
"237385","Glenville State College","2020","First major","'99'","Grand total","Associate's degree","167","94","73","1","0","1","1","1","0","14","14","0","2","1","1","0","0","0","138","74","64","0","0","0","11","4","7","0","0","0","-2"
"237385","Glenville State College","2020","First major","'99'","Grand total","Bachelor's degree","184","85","99","0","0","0","2","2","0","19","15","4","0","0","0","0","0","0","151","64","87","0","0","0","11","3","8","1","1","0","-2"
"237437","Huntington Junior College","2020","First major","'99'","Grand total","Associate's degree","67","12","55","1","1","0","0","0","0","7","3","4","1","0","1","0","0","0","57","8","49","1","0","1","0","0","0","0","0","0","-2"
"237525","Marshall University","2020","First major","'99'","Grand total","Associate's degree","113","30","83","1","0","1","0","0","0","0","0","0","1","1","0","0","0","0","106","25","81","1","0","1","4","4","0","0","0","0","-2"
"237525","Marshall University","2020","First major","'99'","Grand total","Bachelor's degree","1629","668","961","7","5","2","21","4","17","97","49","48","31","12","19","0","0","0","1351","539","812","45","12","33","17","9","8","60","38","22","-2"
"237525","Marshall University","2020","First major","'99'","Grand total","Master's degree","794","284","510","1","0","1","10","6","4","40","14","26","18","7","11","0","0","0","579","174","405","17","3","14","20","9","11","109","71","38","-2"
"237525","Marshall University","2020","First major","'99'","Grand total","Doctor's degree - research/scholarship","16","6","10","0","0","0","1","1","0","0","0","0","0","0","0","0","0","0","15","5","10","0","0","0","0","0","0","0","0","0","-2"
"237525","Marshall University","2020","First major","'99'","Grand total","Doctor's degree - professional practice","223","107","116","1","1","0","9","5","4","9","3","6","7","4","3","0","0","0","161","79","82","5","2","3","30","13","17","1","0","1","-2"
"237525","Marshall University","2020","Second major","'99'","Grand total","Bachelor's degree","97","24","73","0","0","0","2","0","2","2","1","1","6","0","6","0","0","0","80","19","61","4","2","2","0","0","0","3","2","1","-2"
"237598","Mountain State College","2020","First major","'99'","Grand total","Associate's degree","5","1","4","0","0","0","0","0","0","1","0","1","0","0","0","0","0","0","4","1","3","0","0","0","0","0","0","0","0","0","-2"
"237640","Ohio Valley University","2020","First major","'99'","Grand total","Associate's degree","9","0","9","0","0","0","0","0","0","0","0","0","0","0","0","0","0","0","8","0","8","0","0","0","0","0","0","1","0","1","-2"
"237640","Ohio Valley University","2020","First major","'99'","Grand total","Bachelor's degree","67","35","32","0","0","0","0","0","0","5","0","5","4","2","2","0","0","0","46","27","19","1","1","0","5","1","4","6","4","2","-2"
"237640","Ohio Valley University","2020","First major","'99'","Grand total","Master's degree","4","2","2","0","0","0","0","0","0","0","0","0","1","1","0","0","0","0","3","1","2","0","0","0","0","0","0","0","0","0","-2"
"237640","Ohio Valley University","2020","Second major","'99'","Grand total","Bachelor's degree","4","3","1","0","0","0","0","0","0","0","0","0","0","0","0","0","0","0","4","3","1","0","0","0","0","0","0","0","0","0","-2"
"237686","West Virginia University at Parkersburg","2020","First major","'99'","Grand total","Associate's degree","301","130","171","0","0","0","4","0","4","7","4","3","3","3","0","0","0","0","279","120","159","7","3","4","1","0","1","0","0","0","-2"
"237686","West Virginia University at Parkersburg","2020","First major","'99'","Grand total","Bachelor's degree","239","80","159","0","0","0","0","0","0","4","3","1","2","0","2","0","0","0","228","74","154","4","3","1","1","0","1","0","0","0","-2"
"237701","Potomac State College of West Virginia University","2020","First major","'99'","Grand total","Associate's degree","218","102","116","0","0","0","3","0","3","7","5","2","2","2","0","0","0","0","193","85","108","10","8","2","2","2","0","1","0","1","-2"
"237701","Potomac State College of West Virginia University","2020","First major","'99'","Grand total","Bachelor's degree","48","20","28","0","0","0","0","0","0","1","1","0","1","1","0","0","0","0","45","17","28","1","1","0","0","0","0","0","0","0","-2"
"237783","Salem University","2020","First major","'99'","Grand total","Associate's degree","159","75","84","0","0","0","1","1","0","20","12","8","10","5","5","2","0","2","55","25","30","0","0","0","31","11","20","40","21","19","-2"
"237783","Salem University","2020","First major","'99'","Grand total","Bachelor's degree","108","63","45","1","0","1","1","1","0","14","10","4","7","3","4","1","1","0","46","26","20","0","0","0","14","5","9","24","17","7","-2"
"237783","Salem University","2020","First major","'99'","Grand total","Master's degree","108","51","57","0","0","0","0","0","0","17","6","11","2","1","1","0","0","0","46","21","25","2","0","2","33","16","17","8","7","1","-2"
"237783","Salem University","2020","First major","'99'","Grand total","Doctor's degree - research/scholarship","0","0","0","0","0","0","0","0","0","0","0","0","0","0","0","0","0","0","0","0","0","0","0","0","0","0","0","0","0","0","-2"
"237792","Shepherd University","2020","First major","'99'","Grand total","Bachelor's degree","626","242","384","2","0","2","3","1","2","51","26","25","43","9","34","0","0","0","491","195","296","24","5","19","5","3","2","7","3","4","-2"
"237792","Shepherd University","2020","First major","'99'","Grand total","Master's degree","48","15","33","0","0","0","3","0","3","2","1","1","2","0","2","0","0","0","36","11","25","1","1","0","1","1","0","3","1","2","-2"
"237792","Shepherd University","2020","First major","'99'","Grand total","Doctor's degree - professional practice","8","2","6","0","0","0","0","0","0","1","1","0","0","0","0","0","0","0","4","1","3","0","0","0","3","0","3","0","0","0","-2"
"237792","Shepherd University","2020","Second major","'99'","Grand total","Bachelor's degree","6","2","4","0","0","0","0","0","0","0","0","0","0","0","0","0","0","0","5","2","3","0","0","0","0","0","0","1","0","1","-2"
"237817","Southern West Virginia Community and Technical College","2020","First major","'99'","Grand total","Associate's degree","259","85","174","0","0","0","0","0","0","3","2","1","0","0","0","0","0","0","255","83","172","1","0","1","0","0","0","0","0","0","-2"
"237880","West Virginia School of Osteopathic Medicine","2020","First major","'99'","Grand total","Doctor's degree - professional practice","194","99","95","0","0","0","40","19","21","9","5","4","4","0","4","1","1","0","134","70","64","0","0","0","6","4","2","0","0","0","-2"
"237899","West Virginia State University","2020","First major","'99'","Grand total","Bachelor's degree","352","151","201","2","1","1","2","0","2","38","18","20","8","4","4","0","0","0","248","102","146","29","17","12","17","6","11","8","3","5","-2"
"237899","West Virginia State University","2020","First major","'99'","Grand total","Master's degree","61","23","38","0","0","0","1","1","0","7","5","2","1","0","1","0","0","0","29","8","21","2","1","1","17","6","11","4","2","2","-2"
"237899","West Virginia State University","2020","Second major","'99'","Grand total","Bachelor's degree","13","9","4","0","0","0","0","0","0","3","3","0","0","0","0","0","0","0","9","6","3","1","0","1","0","0","0","0","0","0","-2"
"237932","West Liberty University","2020","First major","'99'","Grand total","Associate's degree","37","0","37","0","0","0","1","0","1","0","0","0","1","0","1","0","0","0","27","0","27","0","0","0","8","0","8","0","0","0","-2"
"237932","West Liberty University","2020","First major","'99'","Grand total","Bachelor's degree","400","147","253","0","0","0","2","1","1","12","7","5","2","1","1","0","0","0","296","103","193","6","2","4","70","26","44","12","7","5","-2"
"237932","West Liberty University","2020","First major","'99'","Grand total","Master's degree","126","52","74","0","0","0","2","1","1","2","2","0","2","1","1","0","0","0","98","36","62","1","1","0","13","6","7","8","5","3","-2"
"237950","West Virginia University Institute of Technology","2020","First major","'99'","Grand total","Bachelor's degree","165","110","55","1","1","0","0","0","0","8","7","1","8","4","4","0","0","0","122","78","44","4","3","1","0","0","0","22","17","5","-2"
"237969","West Virginia Wesleyan College","2020","First major","'99'","Grand total","Bachelor's degree","234","83","151","3","2","1","0","0","0","9","4","5","3","0","3","0","0","0","200","65","135","6","2","4","0","0","0","13","10","3","-2"
"237969","West Virginia Wesleyan College","2020","First major","'99'","Grand total","Master's degree","45","17","28","0","0","0","0","0","0","0","0","0","0","0","0","0","0","0","43","16","27","0","0","0","2","1","1","0","0","0","-2"
"237969","West Virginia Wesleyan College","2020","First major","'99'","Grand total","Doctor's degree - professional practice","2","0","2","0","0","0","0","0","0","0","0","0","0","0","0","0","0","0","1","0","1","0","0","0","1","0","1","0","0","0","-2"
"237969","West Virginia Wesleyan College","2020","Second major","'99'","Grand total","Bachelor's degree","32","10","22","0","0","0","0","0","0","2","1","1","0","0","0","0","0","0","23","6","17","5","1","4","0","0","0","2","2","0","-2"
"237987","West Virginia Junior College-Charleston","2020","First major","'99'","Grand total","Associate's degree","51","14","37","0","0","0","1","0","1","2","0","2","0","0","0","0","0","0","46","12","34","2","2","0","0","0","0","0","0","0","-2"
"237996","West Virginia Junior College-Morgantown","2020","First major","'99'","Grand total","Associate's degree","301","46","255","0","0","0","2","0","2","17","4","13","2","1","1","0","0","0","279","40","239","0","0","0","1","1","0","0","0","0","-2"
"238014","West Virginia Northern Community College","2020","First major","'99'","Grand total","Associate's degree","197","67","130","2","1","1","1","0","1","5","2","3","1","0","1","0","0","0","184","62","122","3","1","2","1","1","0","0","0","0","-2"
"238032","West Virginia University","2020","First major","'99'","Grand total","Bachelor's degree","4649","2361","2288","4","4","0","76","43","33","178","109","69","163","85","78","3","1","2","3737","1834","1903","161","59","102","11","6","5","316","220","96","-2"
"238032","West Virginia University","2020","First major","'99'","Grand total","Master's degree","1340","533","807","1","0","1","23","7","16","56","24","32","36","17","19","1","0","1","1071","411","660","34","15","19","5","4","1","113","55","58","-2"
"238032","West Virginia University","2020","First major","'99'","Grand total","Doctor's degree - research/scholarship","199","120","79","0","0","0","3","3","0","6","5","1","2","0","2","0","0","0","114","66","48","3","1","2","2","2","0","69","43","26","-2"
"238032","West Virginia University","2020","First major","'99'","Grand total","Doctor's degree - professional practice","389","163","226","1","0","1","17","9","8","9","3","6","17","13","4","0","0","0","335","136","199","7","1","6","1","1","0","2","0","2","-2"
"238078","Wheeling University","2020","First major","'99'","Grand total","Bachelor's degree","80","34","46","0","0","0","1","0","1","9","6","3","4","1","3","2","1","1","53","23","30","2","0","2","9","3","6","0","0","0","-2"
"238078","Wheeling University","2020","First major","'99'","Grand total","Master's degree","51","12","39","0","0","0","1","1","0","3","1","2","0","0","0","0","0","0","41","10","31","0","0","0","6","0","6","0","0","0","-2"
"238078","Wheeling University","2020","First major","'99'","Grand total","Doctor's degree - professional practice","54","18","36","0","0","0","2","2","0","1","1","0","2","0","2","0","0","0","48","15","33","0","0","0","1","0","1","0","0","0","-2"
"238193","Alverno College","2020","First major","'99'","Grand total","Associate's degree","14","1","13","0","0","0","0","0","0","7","0","7","5","1","4","0","0","0","2","0","2","0","0","0","0","0","0","0","0","0","-2"
"238193","Alverno College","2020","First major","'99'","Grand total","Bachelor's degree","282","2","280","2","0","2","10","0","10","32","1","31","74","1","73","0","0","0","148","0","148","16","0","16","0","0","0","0","0","0","-2"
"238193","Alverno College","2020","First major","'99'","Grand total","Master's degree","188","16","172","0","0","0","7","1","6","21","3","18","17","1","16","0","0","0","137","10","127","5","1","4","0","0","0","1","0","1","-2"
"238193","Alverno College","2020","First major","'99'","Grand total","Doctor's degree - professional practice","3","0","3","0","0","0","0","0","0","0","0","0","0","0","0","0","0","0","3","0","3","0","0","0","0","0","0","0","0","0","-2"
"238193","Alverno College","2020","Second major","'99'","Grand total","Bachelor's degree","8","0","8","1","0","1","0","0","0","0","0","0","3","0","3","0","0","0","4","0","4","0","0","0","0","0","0","0","0","0","-2"
"238193","Alverno College","2020","Second major","'99'","Grand total","Master's degree","15","6","9","0","0","0","1","0","1","5","3","2","1","0","1","0","0","0","5","2","3","2","1","1","0","0","0","1","0","1","-2"
"238263","Madison Area Technical College","2020","First major","'99'","Grand total","Associate's degree","1423","583","840","6","4","2","56","28","28","69","34","35","120","51","69","3","1","2","1030","396","634","77","37","40","31","16","15","31","16","15","-2"
"238324","Bellin College","2020","First major","'99'","Grand total","Bachelor's degree","143","14","129","0","0","0","2","1","1","3","0","3","2","1","1","0","0","0","131","11","120","4","0","4","1","1","0","0","0","0","-2"
"238324","Bellin College","2020","First major","'99'","Grand total","Master's degree","17","2","15","0","0","0","0","0","0","0","0","0","0","0","0","1","0","1","16","2","14","0","0","0","0","0","0","0","0","0","-2"
"238324","Bellin College","2020","First major","'99'","Grand total","Doctor's degree - research/scholarship","0","0","0","0","0","0","0","0","0","0","0","0","0","0","0","0","0","0","0","0","0","0","0","0","0","0","0","0","0","0","-2"
"238333","Beloit College","2020","First major","'99'","Grand total","Bachelor's degree","307","139","168","0","0","0","14","6","8","16","8","8","35","18","17","0","0","0","168","69","99","6","3","3","11","6","5","57","29","28","-2"
"238333","Beloit College","2020","Second major","'99'","Grand total","Bachelor's degree","103","51","52","0","0","0","4","1","3","4","2","2","8","3","5","0","0","0","56","28","28","1","1","0","4","2","2","26","14","12","-2"
"238397","Blackhawk Technical College","2020","First major","'99'","Grand total","Associate's degree","188","55","133","0","0","0","4","1","3","6","3","3","25","10","15","0","0","0","141","38","103","5","2","3","1","0","1","6","1","5","-2"
"238430","Cardinal Stritch University","2020","First major","'99'","Grand total","Associate's degree","0","0","0","0","0","0","0","0","0","0","0","0","0","0","0","0","0","0","0","0","0","0","0","0","0","0","0","0","0","0","-2"
"238430","Cardinal Stritch University","2020","First major","'99'","Grand total","Bachelor's degree","251","74","177","1","0","1","9","1","8","41","8","33","40","9","31","3","2","1","113","33","80","10","4","6","1","1","0","33","16","17","-2"
"238430","Cardinal Stritch University","2020","First major","'99'","Grand total","Master's degree","298","86","212","1","0","1","13","3","10","66","12","54","13","5","8","1","1","0","191","59","132","2","1","1","1","0","1","10","5","5","-2"
"238430","Cardinal Stritch University","2020","First major","'99'","Grand total","Doctor's degree - research/scholarship","25","11","14","0","0","0","1","1","0","3","2","1","0","0","0","0","0","0","18","7","11","1","0","1","0","0","0","2","1","1","-2"
"238430","Cardinal Stritch University","2020","Second major","'99'","Grand total","Bachelor's degree","27","8","19","0","0","0","2","0","2","3","1","2","6","1","5","0","0","0","7","2","5","1","0","1","0","0","0","8","4","4","-2"
"238458","Carroll University","2020","First major","'99'","Grand total","Bachelor's degree","543","181","362","1","0","1","23","8","15","10","7","3","39","14","25","2","1","1","431","138","293","16","6","10","3","2","1","18","5","13","-2"
"238458","Carroll University","2020","First major","'99'","Grand total","Master's degree","127","36","91","0","0","0","4","1","3","0","0","0","3","1","2","0","0","0","113","30","83","4","3","1","2","0","2","1","1","0","-2"
"238458","Carroll University","2020","First major","'99'","Grand total","Doctor's degree - professional practice","77","22","55","0","0","0","5","3","2","0","0","0","4","1","3","0","0","0","64","16","48","3","1","2","0","0","0","1","1","0","-2"
"238458","Carroll University","2020","Second major","'99'","Grand total","Bachelor's degree","56","18","38","0","0","0","2","0","2","2","2","0","3","0","3","0","0","0","43","13","30","2","1","1","0","0","0","4","2","2","-2"
"238476","Carthage College","2020","First major","'99'","Grand total","Bachelor's degree","615","247","368","4","3","1","16","5","11","28","16","12","79","30","49","1","0","1","415","160","255","14","5","9","52","24","28","6","4","2","-2"
"238476","Carthage College","2020","First major","'99'","Grand total","Master's degree","32","12","20","0","0","0","1","0","1","6","4","2","0","0","0","0","0","0","14","2","12","0","0","0","5","4","1","6","2","4","-2"
"238476","Carthage College","2020","Second major","'99'","Grand total","Bachelor's degree","123","48","75","2","1","1","2","0","2","2","1","1","13","4","9","1","0","1","89","32","57","1","1","0","13","9","4","0","0","0","-2"
"238573","Columbia College of Nursing","2020","First major","'99'","Grand total","Bachelor's degree","62","4","58","0","0","0","6","0","6","3","0","3","1","0","1","0","0","0","45","4","41","0","0","0","7","0","7","0","0","0","-2"
"238573","Columbia College of Nursing","2020","First major","'99'","Grand total","Master's degree","1","0","1","0","0","0","0","0","0","0","0","0","0","0","0","0","0","0","1","0","1","0","0","0","0","0","0","0","0","0","-2"
"238616","Concordia University-Wisconsin","2020","First major","'99'","Grand total","Associate's degree","10","6","4","0","0","0","0","0","0","5","3","2","0","0","0","0","0","0","4","2","2","0","0","0","1","1","0","0","0","0","-2"
"238616","Concordia University-Wisconsin","2020","First major","'99'","Grand total","Bachelor's degree","599","216","383","1","0","1","14","5","9","21","5","16","6","4","2","0","0","0","500","173","327","19","10","9","16","6","10","22","13","9","-2"
"238616","Concordia University-Wisconsin","2020","First major","'99'","Grand total","Master's degree","523","164","359","4","1","3","12","2","10","20","4","16","5","1","4","0","0","0","285","78","207","10","0","10","50","17","33","137","61","76","-2"
"238616","Concordia University-Wisconsin","2020","First major","'99'","Grand total","Doctor's degree - research/scholarship","2","1","1","0","0","0","0","0","0","0","0","0","0","0","0","0","0","0","2","1","1","0","0","0","0","0","0","0","0","0","-2"
"238616","Concordia University-Wisconsin","2020","First major","'99'","Grand total","Doctor's degree - professional practice","101","31","70","0","0","0","4","0","4","3","2","1","1","1","0","0","0","0","52","13","39","0","0","0","39","15","24","2","0","2","-2"
"238616","Concordia University-Wisconsin","2020","Second major","'99'","Grand total","Bachelor's degree","3","0","3","0","0","0","0","0","0","1","0","1","0","0","0","0","0","0","2","0","2","0","0","0","0","0","0","0","0","0","-2"
"238616","Concordia University-Wisconsin","2020","Second major","'99'","Grand total","Master's degree","2","1","1","0","0","0","1","0","1","0","0","0","1","1","0","0","0","0","0","0","0","0","0","0","0","0","0","0","0","0","-2"
"238661","Edgewood College","2020","First major","'99'","Grand total","Bachelor's degree","341","74","267","0","0","0","13","2","11","8","4","4","20","5","15","1","1","0","262","56","206","14","1","13","11","3","8","12","2","10","-2"
"238661","Edgewood College","2020","First major","'99'","Grand total","Master's degree","148","43","105","1","1","0","3","1","2","4","1","3","12","1","11","0","0","0","109","31","78","3","1","2","2","0","2","14","7","7","-2"
"238661","Edgewood College","2020","First major","'99'","Grand total","Doctor's degree - research/scholarship","30","12","18","0","0","0","0","0","0","3","2","1","0","0","0","0","0","0","27","10","17","0","0","0","0","0","0","0","0","0","-2"
"238661","Edgewood College","2020","First major","'99'","Grand total","Doctor's degree - professional practice","3","0","3","0","0","0","0","0","0","0","0","0","0","0","0","0","0","0","3","0","3","0","0","0","0","0","0","0","0","0","-2"
"238661","Edgewood College","2020","Second major","'99'","Grand total","Bachelor's degree","11","0","11","0","0","0","1","0","1","0","0","0","0","0","0","0","0","0","8","0","8","1","0","1","1","0","1","0","0","0","-2"
"238722","Fox Valley Technical College","2020","First major","'99'","Grand total","Associate's degree","1026","504","522","5","4","1","44","24","20","21","14","7","34","19","15","1","0","1","839","405","434","6","1","5","61","29","32","15","8","7","-2"
"238759","Gateway Technical College","2020","First major","'99'","Grand total","Associate's degree","761","288","473","0","0","0","7","2","5","59","21","38","128","55","73","1","0","1","536","196","340","28","13","15","0","0","0","2","1","1","-2"
"238980","Lakeland University","2020","First major","'99'","Grand total","Associate's degree","5","4","1","1","1","0","0","0","0","0","0","0","0","0","0","0","0","0","1","0","1","0","0","0","1","1","0","2","2","0","-2"
"238980","Lakeland University","2020","First major","'99'","Grand total","Bachelor's degree","505","201","304","6","3","3","27","11","16","22","8","14","25","10","15","0","0","0","394","151","243","8","4","4","8","7","1","15","7","8","-2"
"238980","Lakeland University","2020","First major","'99'","Grand total","Master's degree","211","62","149","9","2","7","3","1","2","9","3","6","7","2","5","0","0","0","170","50","120","1","1","0","9","2","7","3","1","2","-2"
"238980","Lakeland University","2020","Second major","'99'","Grand total","Bachelor's degree","29","11","18","0","0","0","0","0","0","2","0","2","2","0","2","0","0","0","25","11","14","0","0","0","0","0","0","0","0","0","-2"
"239008","Lakeshore Technical College","2020","First major","'99'","Grand total","Associate's degree","371","164","207","2","0","2","33","20","13","2","1","1","13","5","8","0","0","0","312","134","178","7","2","5","2","2","0","0","0","0","-2"
"239017","Lawrence University","2020","First major","'99'","Grand total","Bachelor's degree","309","145","164","0","0","0","21","11","10","12","5","7","26","15","11","1","0","1","201","96","105","9","5","4","0","0","0","39","13","26","-2"
"239017","Lawrence University","2020","Second major","'99'","Grand total","Bachelor's degree","85","35","50","0","0","0","9","5","4","1","0","1","9","3","6","0","0","0","47","22","25","1","0","1","0","0","0","18","5","13","-2"
"239071","Maranatha Baptist University","2020","First major","'99'","Grand total","Associate's degree","20","6","14","0","0","0","0","0","0","0","0","0","0","0","0","0","0","0","17","5","12","1","0","1","2","1","1","0","0","0","-2"
"239071","Maranatha Baptist University","2020","First major","'99'","Grand total","Bachelor's degree","119","53","66","0","0","0","1","1","0","0","0","0","2","0","2","1","0","1","108","47","61","5","4","1","0","0","0","2","1","1","-2"
"239071","Maranatha Baptist University","2020","First major","'99'","Grand total","Master's degree","77","41","36","0","0","0","1","0","1","2","1","1","1","1","0","0","0","0","68","37","31","2","0","2","1","0","1","2","2","0","-2"
"239071","Maranatha Baptist University","2020","First major","'99'","Grand total","Doctor's degree - other","1","1","0","0","0","0","0","0","0","0","0","0","0","0","0","0","0","0","1","1","0","0","0","0","0","0","0","0","0","0","-2"
"239080","Marian University","2020","First major","'99'","Grand total","Bachelor's degree","293","93","200","2","0","2","6","2","4","12","6","6","19","6","13","1","0","1","240","76","164","4","0","4","6","0","6","3","3","0","-2"
"239080","Marian University","2020","First major","'99'","Grand total","Master's degree","142","26","116","0","0","0","2","1","1","9","0","9","4","3","1","0","0","0","115","21","94","2","0","2","10","1","9","0","0","0","-2"
"239080","Marian University","2020","First major","'99'","Grand total","Doctor's degree - research/scholarship","3","2","1","0","0","0","0","0","0","0","0","0","0","0","0","0","0","0","3","2","1","0","0","0","0","0","0","0","0","0","-2"
"239105","Marquette University","2020","First major","'99'","Grand total","Bachelor's degree","1838","824","1014","1","0","1","144","62","82","64","27","37","212","95","117","0","0","0","1286","586","700","51","19","32","6","2","4","74","33","41","-2"
"239105","Marquette University","2020","First major","'99'","Grand total","Master's degree","702","252","450","3","1","2","22","10","12","12","7","5","37","14","23","0","0","0","485","167","318","26","9","17","59","14","45","58","30","28","-2"
"239105","Marquette University","2020","First major","'99'","Grand total","Doctor's degree - research/scholarship","59","40","19","0","0","0","3","2","1","2","2","0","3","1","2","0","0","0","29","19","10","0","0","0","12","8","4","10","8","2","-2"
"239105","Marquette University","2020","First major","'99'","Grand total","Doctor's degree - professional practice","336","157","179","1","0","1","20","5","15","16","9","7","28","15","13","0","0","0","255","123","132","13","4","9","2","1","1","1","0","1","-2"
"239105","Marquette University","2020","Second major","'99'","Grand total","Bachelor's degree","467","199","268","1","0","1","20","11","9","21","13","8","61","22","39","0","0","0","307","132","175","17","4","13","0","0","0","40","17","23","-2"
"239169","Medical College of Wisconsin","2020","First major","'99'","Grand total","Master's degree","50","21","29","0","0","0","7","4","3","1","0","1","3","1","2","0","0","0","33","11","22","1","1","0","2","2","0","3","2","1","-2"
"239169","Medical College of Wisconsin","2020","First major","'99'","Grand total","Doctor's degree - research/scholarship","33","21","12","0","0","0","0","0","0","0","0","0","1","1","0","0","0","0","25","18","7","1","0","1","2","0","2","4","2","2","-2"
"239169","Medical College of Wisconsin","2020","First major","'99'","Grand total","Doctor's degree - professional practice","283","162","121","0","0","0","47","28","19","10","4","6","12","7","5","0","0","0","197","113","84","8","4","4","3","2","1","6","4","2","-2"
"239220","Mid-State Technical College","2020","First major","'99'","Grand total","Associate's degree","292","117","175","1","1","0","12","5","7","1","1","0","12","3","9","0","0","0","258","106","152","6","1","5","2","0","2","0","0","0","-2"
"239248","Milwaukee Area Technical College","2020","First major","'99'","Grand total","Associate's degree","1108","429","679","10","3","7","67","29","38","221","63","158","180","67","113","2","1","1","557","237","320","38","15","23","23","9","14","10","5","5","-2"
"239309","Milwaukee Institute of Art & Design","2020","First major","'99'","Grand total","Bachelor's degree","135","47","88","0","0","0","6","2","4","11","8","3","22","7","15","0","0","0","85","26","59","7","2","5","2","2","0","2","0","2","-2"
"239318","Milwaukee School of Engineering","2020","First major","'99'","Grand total","Bachelor's degree","588","414","174","0","0","0","18","12","6","9","4","5","33","21","12","0","0","0","388","273","115","15","12","3","54","43","11","71","49","22","-2"
"239318","Milwaukee School of Engineering","2020","First major","'99'","Grand total","Master's degree","121","86","35","0","0","0","3","2","1","1","0","1","8","6","2","0","0","0","86","58","28","2","1","1","12","11","1","9","8","1","-2"
"239372","Moraine Park Technical College","2020","First major","'99'","Grand total","Associate's degree","391","125","266","1","0","1","2","0","2","6","1","5","16","6","10","0","0","0","362","116","246","4","2","2","0","0","0","0","0","0","-2"
"239390","Mount Mary University","2020","First major","'99'","Grand total","Bachelor's degree","145","0","145","1","0","1","11","0","11","21","0","21","25","0","25","0","0","0","79","0","79","4","0","4","0","0","0","4","0","4","-2"
"239390","Mount Mary University","2020","First major","'99'","Grand total","Master's degree","184","15","169","0","0","0","6","5","1","10","1","9","6","0","6","1","0","1","157","9","148","2","0","2","1","0","1","1","0","1","-2"
"239390","Mount Mary University","2020","First major","'99'","Grand total","Doctor's degree - professional practice","19","0","19","0","0","0","1","0","1","1","0","1","0","0","0","0","0","0","17","0","17","0","0","0","0","0","0","0","0","0","-2"
"239390","Mount Mary University","2020","Second major","'99'","Grand total","Bachelor's degree","14","0","14","0","0","0","1","0","1","0","0","0","3","0","3","0","0","0","9","0","9","0","0","0","0","0","0","1","0","1","-2"
"239424","Nashotah House","2020","First major","'99'","Grand total","Master's degree","16","11","5","0","0","0","0","0","0","0","0","0","0","0","0","0","0","0","16","11","5","0","0","0","0","0","0","0","0","0","-2"
"239424","Nashotah House","2020","First major","'99'","Grand total","Doctor's degree - professional practice","3","2","1","0","0","0","0","0","0","0","0","0","1","1","0","0","0","0","2","1","1","0","0","0","0","0","0","0","0","0","-2"
"239442","Nicolet Area Technical College","2020","First major","'99'","Grand total","Associate's degree","121","38","83","1","1","0","0","0","0","0","0","0","2","0","2","0","0","0","109","35","74","8","2","6","0","0","0","1","0","1","-2"
"239460","Northcentral Technical College","2020","First major","'99'","Grand total","Associate's degree","505","176","329","1","0","1","33","16","17","6","2","4","16","7","9","1","0","1","430","145","285","6","2","4","12","4","8","0","0","0","-2"
"239488","Northeast Wisconsin Technical College","2020","First major","'99'","Grand total","Associate's degree","1050","396","654","18","5","13","48","20","28","16","5","11","57","20","37","1","0","1","890","337","553","20","9","11","0","0","0","0","0","0","-2"
"239512","Northland College","2020","First major","'99'","Grand total","Bachelor's degree","112","49","63","0","0","0","1","0","1","3","2","1","2","0","2","0","0","0","92","38","54","4","2","2","0","0","0","10","7","3","-2"
"239512","Northland College","2020","Second major","'99'","Grand total","Bachelor's degree","15","4","11","0","0","0","0","0","0","0","0","0","0","0","0","0","0","0","13","3","10","0","0","0","0","0","0","2","1","1","-2"
"239628","Ripon College","2020","First major","'99'","Grand total","Bachelor's degree","129","57","72","0","0","0","2","1","1","3","1","2","12","5","7","0","0","0","100","45","55","7","3","4","1","0","1","4","2","2","-2"
"239628","Ripon College","2020","Second major","'99'","Grand total","Bachelor's degree","36","15","21","0","0","0","0","0","0","1","0","1","1","0","1","0","0","0","31","13","18","2","1","1","0","0","0","1","1","0","-2"
"239637","Sacred Heart Seminary and School of Theology","2020","First major","'99'","Grand total","Master's degree","36","26","10","0","0","0","0","0","0","2","1","1","2","2","0","0","0","0","24","16","8","0","0","0","0","0","0","8","7","1","-2"
"239716","Saint Norbert College","2020","First major","'99'","Grand total","Bachelor's degree","457","190","267","3","0","3","5","0","5","7","4","3","15","8","7","1","0","1","400","166","234","11","4","7","2","1","1","13","7","6","-2"
"239716","Saint Norbert College","2020","First major","'99'","Grand total","Master's degree","33","16","17","1","1","0","0","0","0","0","0","0","0","0","0","0","0","0","30","13","17","0","0","0","1","1","0","1","1","0","-2"
"239716","Saint Norbert College","2020","Second major","'99'","Grand total","Bachelor's degree","48","15","33","0","0","0","1","0","1","0","0","0","3","0","3","0","0","0","42","14","28","0","0","0","0","0","0","2","1","1","-2"
"239910","Southwest Wisconsin Technical College","2020","First major","'99'","Grand total","Associate's degree","244","80","164","0","0","0","1","0","1","5","2","3","5","0","5","0","0","0","229","76","153","4","2","2","0","0","0","0","0","0","-2"
"240107","Viterbo University","2020","First major","'99'","Grand total","Associate's degree","1","0","1","0","0","0","0","0","0","0","0","0","0","0","0","0","0","0","1","0","1","0","0","0","0","0","0","0","0","0","-2"
"240107","Viterbo University","2020","First major","'99'","Grand total","Bachelor's degree","436","114","322","1","1","0","2","0","2","4","2","2","9","3","6","1","0","1","398","93","305","7","2","5","2","2","0","12","11","1","-2"
"240107","Viterbo University","2020","First major","'99'","Grand total","Master's degree","240","75","165","0","0","0","2","2","0","0","0","0","1","1","0","0","0","0","216","61","155","3","2","1","3","1","2","15","8","7","-2"
"240107","Viterbo University","2020","First major","'99'","Grand total","Doctor's degree - professional practice","19","1","18","0","0","0","1","0","1","0","0","0","0","0","0","0","0","0","18","1","17","0","0","0","0","0","0","0","0","0","-2"
"240107","Viterbo University","2020","Second major","'99'","Grand total","Bachelor's degree","6","1","5","0","0","0","0","0","0","0","0","0","0","0","0","0","0","0","5","1","4","0","0","0","0","0","0","1","0","1","-2"
"240116","Chippewa Valley Technical College","2020","First major","'99'","Grand total","Associate's degree","788","290","498","4","2","2","27","10","17","10","6","4","10","5","5","0","0","0","706","259","447","26","4","22","5","4","1","0","0","0","-2"
"240125","Waukesha County Technical College","2020","First major","'99'","Grand total","Associate's degree","699","325","374","2","0","2","18","8","10","33","12","21","51","26","25","1","1","0","563","265","298","24","11","13","7","2","5","0","0","0","-2"
"240170","Western Technical College","2020","First major","'99'","Grand total","Associate's degree","620","271","349","4","1","3","27","13","14","8","3","5","7","3","4","0","0","0","538","238","300","24","9","15","12","4","8","0","0","0","-2"
"240189","University of Wisconsin-Whitewater","2020","First major","'99'","Grand total","Associate's degree","185","87","98","0","0","0","2","1","1","8","3","5","32","16","16","0","0","0","132","64","68","9","3","6","2","0","2","0","0","0","-2"
"240189","University of Wisconsin-Whitewater","2020","First major","'99'","Grand total","Bachelor's degree","2266","1103","1163","1","1","0","37","14","23","67","29","38","142","63","79","2","2","0","1869","922","947","126","62","64","2","0","2","20","10","10","-2"
"240189","University of Wisconsin-Whitewater","2020","First major","'99'","Grand total","Master's degree","519","212","307","2","0","2","9","2","7","24","12","12","30","12","18","0","0","0","433","180","253","8","0","8","0","0","0","13","6","7","-2"
"240189","University of Wisconsin-Whitewater","2020","First major","'99'","Grand total","Doctor's degree - professional practice","10","6","4","0","0","0","1","1","0","2","0","2","0","0","0","0","0","0","6","5","1","0","0","0","0","0","0","1","0","1","-2"
"240189","University of Wisconsin-Whitewater","2020","Second major","'99'","Grand total","Bachelor's degree","131","79","52","0","0","0","1","0","1","2","1","1","8","4","4","0","0","0","107","67","40","12","7","5","0","0","0","1","0","1","-2"
"240198","Wisconsin Indianhead Technical College","2020","First major","'99'","Grand total","Associate's degree","334","95","239","5","2","3","4","1","3","3","1","2","3","1","2","0","0","0","315","90","225","4","0","4","0","0","0","0","0","0","-2"
"240213","Wisconsin School of Professional Psychology","2020","First major","'99'","Grand total","Master's degree","2","0","2","0","0","0","0","0","0","1","0","1","0","0","0","0","0","0","1","0","1","0","0","0","0","0","0","0","0","0","-2"
"240213","Wisconsin School of Professional Psychology","2020","First major","'99'","Grand total","Doctor's degree - professional practice","6","1","5","0","0","0","0","0","0","1","0","1","0","0","0","0","0","0","5","1","4","0","0","0","0","0","0","0","0","0","-2"
"240268","University of Wisconsin-Eau Claire","2020","First major","'99'","Grand total","Associate's degree","52","20","32","0","0","0","2","0","2","2","0","2","1","1","0","0","0","0","43","17","26","4","2","2","0","0","0","0","0","0","-2"
"240268","University of Wisconsin-Eau Claire","2020","First major","'99'","Grand total","Bachelor's degree","2148","765","1383","5","4","1","74","21","53","20","12","8","53","24","29","1","0","1","1874","650","1224","47","20","27","3","0","3","71","34","37","-2"
"240268","University of Wisconsin-Eau Claire","2020","First major","'99'","Grand total","Master's degree","147","63","84","0","0","0","5","2","3","2","2","0","2","0","2","0","0","0","130","53","77","4","3","1","2","1","1","2","2","0","-2"
"240268","University of Wisconsin-Eau Claire","2020","First major","'99'","Grand total","Doctor's degree - professional practice","18","2","16","0","0","0","0","0","0","1","0","1","0","0","0","0","0","0","17","2","15","0","0","0","0","0","0","0","0","0","-2"
"240268","University of Wisconsin-Eau Claire","2020","Second major","'99'","Grand total","Bachelor's degree","173","68","105","0","0","0","4","1","3","0","0","0","8","2","6","0","0","0","152","61","91","2","0","2","0","0","0","7","4","3","-2"
"240277","University of Wisconsin-Green Bay","2020","First major","'99'","Grand total","Associate's degree","164","67","97","0","0","0","5","1","4","2","1","1","7","3","4","0","0","0","135","52","83","8","6","2","7","4","3","0","0","0","-2"
"240277","University of Wisconsin-Green Bay","2020","First major","'99'","Grand total","Bachelor's degree","1177","383","794","14","2","12","40","19","21","20","10","10","71","26","45","0","0","0","967","305","662","40","8","32","2","0","2","23","13","10","-2"
"240277","University of Wisconsin-Green Bay","2020","First major","'99'","Grand total","Master's degree","185","60","125","1","0","1","4","3","1","5","4","1","12","5","7","0","0","0","148","39","109","4","2","2","0","0","0","11","7","4","-2"
"240277","University of Wisconsin-Green Bay","2020","First major","'99'","Grand total","Doctor's degree - professional practice","0","0","0","0","0","0","0","0","0","0","0","0","0","0","0","0","0","0","0","0","0","0","0","0","0","0","0","0","0","0","-2"
"240277","University of Wisconsin-Green Bay","2020","Second major","'99'","Grand total","Bachelor's degree","157","54","103","2","0","2","2","2","0","1","1","0","12","6","6","0","0","0","130","43","87","7","1","6","0","0","0","3","1","2","-2"
"240329","University of Wisconsin-La Crosse","2020","First major","'99'","Grand total","Associate's degree","3","0","3","0","0","0","0","0","0","0","0","0","1","0","1","0","0","0","2","0","2","0","0","0","0","0","0","0","0","0","-2"
"240329","University of Wisconsin-La Crosse","2020","First major","'99'","Grand total","Bachelor's degree","2054","847","1207","2","2","0","38","14","24","14","8","6","67","28","39","0","0","0","1854","758","1096","64","27","37","0","0","0","15","10","5","-2"
"240329","University of Wisconsin-La Crosse","2020","First major","'99'","Grand total","Master's degree","272","97","175","0","0","0","14","5","9","4","2","2","7","2","5","0","0","0","227","77","150","8","3","5","1","1","0","11","7","4","-2"
"240329","University of Wisconsin-La Crosse","2020","First major","'99'","Grand total","Doctor's degree - professional practice","51","22","29","0","0","0","0","0","0","1","1","0","1","0","1","0","0","0","45","19","26","4","2","2","0","0","0","0","0","0","-2"
"240329","University of Wisconsin-La Crosse","2020","Second major","'99'","Grand total","Bachelor's degree","206","97","109","0","0","0","2","0","2","1","0","1","10","5","5","0","0","0","189","89","100","3","3","0","0","0","0","1","0","1","-2"
"240338","Wisconsin Lutheran College","2020","First major","'99'","Grand total","Bachelor's degree","219","95","124","1","0","1","1","0","1","7","3","4","12","6","6","0","0","0","191","80","111","5","4","1","0","0","0","2","2","0","-2"
"240338","Wisconsin Lutheran College","2020","First major","'99'","Grand total","Master's degree","34","16","18","1","0","1","1","0","1","1","0","1","2","0","2","0","0","0","28","15","13","0","0","0","1","1","0","0","0","0","-2"
"240338","Wisconsin Lutheran College","2020","Second major","'99'","Grand total","Bachelor's degree","42","21","21","0","0","0","0","0","0","0","0","0","2","1","1","0","0","0","39","19","20","0","0","0","0","0","0","1","1","0","-2"
"240338","Wisconsin Lutheran College","2020","Second major","'99'","Grand total","Master's degree","4","1","3","0","0","0","0","0","0","0","0","0","0","0","0","0","0","0","4","1","3","0","0","0","0","0","0","0","0","0","-2"
"240365","University of Wisconsin-Oshkosh","2020","First major","'99'","Grand total","Associate's degree","261","96","165","0","0","0","10","3","7","5","2","3","15","7","8","0","0","0","217","79","138","11","4","7","0","0","0","3","1","2","-2"
"240365","University of Wisconsin-Oshkosh","2020","First major","'99'","Grand total","Bachelor's degree","1821","697","1124","8","5","3","76","25","51","37","15","22","91","41","50","2","2","0","1554","583","971","38","19","19","3","0","3","12","7","5","-2"
"240365","University of Wisconsin-Oshkosh","2020","First major","'99'","Grand total","Master's degree","300","104","196","5","0","5","11","6","5","5","2","3","5","1","4","1","1","0","262","84","178","1","0","1","2","2","0","8","8","0","-2"
"240365","University of Wisconsin-Oshkosh","2020","First major","'99'","Grand total","Doctor's degree - professional practice","37","2","35","0","0","0","0","0","0","1","0","1","0","0","0","0","0","0","36","2","34","0","0","0","0","0","0","0","0","0","-2"
"240365","University of Wisconsin-Oshkosh","2020","Second major","'99'","Grand total","Bachelor's degree","150","59","91","1","1","0","5","1","4","1","0","1","8","3","5","0","0","0","129","52","77","2","1","1","1","0","1","3","1","2","-2"
"240374","University of Wisconsin-Parkside","2020","First major","'99'","Grand total","Associate's degree","0","0","0","0","0","0","0","0","0","0","0","0","0","0","0","0","0","0","0","0","0","0","0","0","0","0","0","0","0","0","-2"
"240374","University of Wisconsin-Parkside","2020","First major","'99'","Grand total","Bachelor's degree","800","371","429","4","2","2","41","19","22","59","23","36","133","53","80","2","2","0","521","251","270","26","14","12","0","0","0","14","7","7","-2"
"240374","University of Wisconsin-Parkside","2020","First major","'99'","Grand total","Master's degree","146","80","66","1","0","1","8","5","3","4","4","0","10","7","3","0","0","0","98","48","50","5","3","2","0","0","0","20","13","7","-2"
"240374","University of Wisconsin-Parkside","2020","Second major","'99'","Grand total","Bachelor's degree","84","47","37","0","0","0","4","1","3","4","1","3","18","6","12","0","0","0","54","36","18","3","2","1","0","0","0","1","1","0","-2"
"240392","Herzing University-Madison","2020","First major","'99'","Grand total","Associate's degree","173","22","151","4","0","4","5","3","2","60","6","54","9","1","8","0","0","0","80","11","69","5","0","5","10","1","9","0","0","0","-2"
"240392","Herzing University-Madison","2020","First major","'99'","Grand total","Bachelor's degree","264","87","177","1","1","0","16","4","12","42","8","34","14","6","8","0","0","0","167","61","106","5","0","5","19","7","12","0","0","0","-2"
"240392","Herzing University-Madison","2020","First major","'99'","Grand total","Master's degree","239","40","199","4","0","4","6","2","4","70","7","63","24","5","19","0","0","0","106","20","86","4","1","3","25","5","20","0","0","0","-2"
"240417","University of Wisconsin-Stout","2020","First major","'99'","Grand total","Bachelor's degree","1564","807","757","4","4","0","58","34","24","22","13","9","40","19","21","0","0","0","1374","695","679","37","23","14","1","0","1","28","19","9","-2"
"240417","University of Wisconsin-Stout","2020","First major","'99'","Grand total","Master's degree","309","102","207","3","0","3","9","3","6","8","3","5","8","2","6","0","0","0","265","87","178","3","2","1","0","0","0","13","5","8","-2"
"240417","University of Wisconsin-Stout","2020","First major","'99'","Grand total","Doctor's degree - professional practice","5","3","2","0","0","0","0","0","0","0","0","0","0","0","0","0","0","0","5","3","2","0","0","0","0","0","0","0","0","0","-2"
"240417","University of Wisconsin-Stout","2020","Second major","'99'","Grand total","Bachelor's degree","28","17","11","0","0","0","1","1","0","0","0","0","1","1","0","0","0","0","26","15","11","0","0","0","0","0","0","0","0","0","-2"
"240426","University of Wisconsin-Superior","2020","First major","'99'","Grand total","Associate's degree","20","8","12","1","1","0","0","0","0","0","0","0","0","0","0","0","0","0","18","7","11","1","0","1","0","0","0","0","0","0","-2"
"240426","University of Wisconsin-Superior","2020","First major","'99'","Grand total","Bachelor's degree","444","169","275","7","2","5","3","1","2","11","6","5","8","4","4","0","0","0","332","115","217","22","8","14","3","0","3","58","33","25","-2"
"240426","University of Wisconsin-Superior","2020","First major","'99'","Grand total","Master's degree","143","36","107","2","0","2","0","0","0","2","0","2","6","2","4","0","0","0","129","33","96","1","1","0","0","0","0","3","0","3","-2"
"240426","University of Wisconsin-Superior","2020","Second major","'99'","Grand total","Bachelor's degree","34","15","19","0","0","0","0","0","0","1","0","1","1","0","1","0","0","0","16","10","6","1","0","1","1","0","1","14","5","9","-2"
"240444","University of Wisconsin-Madison","2020","First major","'99'","Grand total","Bachelor's degree","7540","3563","3977","11","6","5","463","191","272","146","62","84","340","165","175","13","9","4","5336","2475","2861","266","124","142","89","48","41","876","483","393","-2"
"240444","University of Wisconsin-Madison","2020","First major","'99'","Grand total","Master's degree","2345","1111","1234","4","3","1","87","45","42","43","20","23","109","51","58","2","1","1","1362","604","758","63","18","45","49","21","28","626","348","278","-2"
"240444","University of Wisconsin-Madison","2020","First major","'99'","Grand total","Doctor's degree - research/scholarship","743","384","359","1","0","1","19","8","11","22","7","15","41","23","18","0","0","0","344","175","169","14","6","8","32","10","22","270","155","115","-2"
"240444","University of Wisconsin-Madison","2020","First major","'99'","Grand total","Doctor's degree - professional practice","602","263","339","5","2","3","51","23","28","18","11","7","32","11","21","0","0","0","461","201","260","19","7","12","12","8","4","4","0","4","-2"
"240444","University of Wisconsin-Madison","2020","Second major","'99'","Grand total","Bachelor's degree","2106","994","1112","2","2","0","116","50","66","27","12","15","78","34","44","3","3","0","1432","657","775","76","32","44","29","14","15","343","190","153","-2"
"240444","University of Wisconsin-Madison","2020","Second major","'99'","Grand total","Doctor's degree - research/scholarship","6","4","2","0","0","0","0","0","0","0","0","0","0","0","0","0","0","0","2","2","0","0","0","0","1","0","1","3","2","1","-2"
"240453","University of Wisconsin-Milwaukee","2020","First major","'99'","Grand total","Associate's degree","327","150","177","1","0","1","9","3","6","5","4","1","27","9","18","1","1","0","275","130","145","4","1","3","3","1","2","2","1","1","-2"
"240453","University of Wisconsin-Milwaukee","2020","First major","'99'","Grand total","Bachelor's degree","4270","1917","2353","14","6","8","274","132","142","276","105","171","450","205","245","6","5","1","2889","1275","1614","167","64","103","12","4","8","182","121","61","-2"
"240453","University of Wisconsin-Milwaukee","2020","First major","'99'","Grand total","Master's degree","1245","442","803","9","1","8","50","16","34","55","13","42","65","26","39","1","0","1","880","295","585","30","10","20","15","4","11","140","77","63","-2"
"240453","University of Wisconsin-Milwaukee","2020","First major","'99'","Grand total","Doctor's degree - research/scholarship","142","67","75","1","0","1","5","1","4","2","0","2","7","3","4","0","0","0","80","36","44","1","0","1","4","2","2","42","25","17","-2"
"240453","University of Wisconsin-Milwaukee","2020","First major","'99'","Grand total","Doctor's degree - professional practice","59","10","49","1","0","1","1","1","0","3","0","3","2","1","1","0","0","0","49","8","41","1","0","1","1","0","1","1","0","1","-2"
"240453","University of Wisconsin-Milwaukee","2020","Second major","'99'","Grand total","Bachelor's degree","372","182","190","1","0","1","21","7","14","13","6","7","34","14","20","0","0","0","273","138","135","13","5","8","0","0","0","17","12","5","-2"
"240462","University of Wisconsin-Platteville","2020","First major","'99'","Grand total","Associate's degree","101","43","58","1","1","0","0","0","0","2","0","2","4","2","2","0","0","0","87","34","53","1","1","0","0","0","0","6","5","1","-2"
"240462","University of Wisconsin-Platteville","2020","First major","'99'","Grand total","Bachelor's degree","1526","950","576","1","1","0","19","14","5","9","4","5","61","42","19","0","0","0","1369","846","523","37","20","17","9","4","5","21","19","2","-2"
"240462","University of Wisconsin-Platteville","2020","First major","'99'","Grand total","Master's degree","259","143","116","0","0","0","16","10","6","25","19","6","14","3","11","2","1","1","168","99","69","8","3","5","6","3","3","20","5","15","-2"
"240462","University of Wisconsin-Platteville","2020","Second major","'99'","Grand total","Bachelor's degree","71","27","44","0","0","0","0","0","0","0","0","0","4","2","2","0","0","0","64","24","40","3","1","2","0","0","0","0","0","0","-2"
"240471","University of Wisconsin-River Falls","2020","First major","'99'","Grand total","Associate's degree","14","1","13","0","0","0","0","0","0","0","0","0","0","0","0","0","0","0","14","1","13","0","0","0","0","0","0","0","0","0","-2"
"240471","University of Wisconsin-River Falls","2020","First major","'99'","Grand total","Bachelor's degree","1171","436","735","0","0","0","36","19","17","17","11","6","49","21","28","0","0","0","1029","365","664","24","10","14","2","0","2","14","10","4","-2"
"240471","University of Wisconsin-River Falls","2020","First major","'99'","Grand total","Master's degree","161","50","111","0","0","0","4","1","3","9","6","3","4","2","2","0","0","0","123","30","93","0","0","0","0","0","0","21","11","10","-2"
"240471","University of Wisconsin-River Falls","2020","Second major","'99'","Grand total","Bachelor's degree","110","34","76","0","0","0","6","3","3","1","0","1","4","0","4","0","0","0","98","30","68","1","1","0","0","0","0","0","0","0","-2"
"240480","University of Wisconsin-Stevens Point","2020","First major","'99'","Grand total","Associate's degree","116","47","69","0","0","0","4","2","2","2","1","1","1","0","1","0","0","0","104","43","61","5","1","4","0","0","0","0","0","0","-2"
"240480","University of Wisconsin-Stevens Point","2020","First major","'99'","Grand total","Bachelor's degree","1663","739","924","3","1","2","51","20","31","28","13","15","54","20","34","1","1","0","1461","659","802","41","13","28","2","0","2","22","12","10","-2"
"240480","University of Wisconsin-Stevens Point","2020","First major","'99'","Grand total","Master's degree","129","30","99","1","0","1","2","1","1","0","0","0","2","0","2","0","0","0","120","28","92","1","0","1","0","0","0","3","1","2","-2"
"240480","University of Wisconsin-Stevens Point","2020","First major","'99'","Grand total","Doctor's degree - professional practice","10","1","9","0","0","0","0","0","0","0","0","0","0","0","0","0","0","0","10","1","9","0","0","0","0","0","0","0","0","0","-2"
"240480","University of Wisconsin-Stevens Point","2020","Second major","'99'","Grand total","Bachelor's degree","242","92","150","0","0","0","7","2","5","7","3","4","12","4","8","0","0","0","207","81","126","5","1","4","0","0","0","4","1","3","-2"
"240505","Casper College","2020","First major","'99'","Grand total","Associate's degree","595","217","378","7","2","5","2","0","2","8","5","3","42","14","28","0","0","0","498","178","320","12","5","7","15","9","6","11","4","7","-2"
"240514","Central Wyoming College","2020","First major","'99'","Grand total","Associate's degree","213","83","130","28","8","20","0","0","0","1","1","0","13","5","8","1","0","1","138","56","82","4","2","2","23","8","15","5","3","2","-2"
"240596","Eastern Wyoming College","2020","First major","'99'","Grand total","Associate's degree","160","60","100","1","1","0","0","0","0","2","2","0","13","7","6","1","1","0","134","45","89","0","0","0","0","0","0","9","4","5","-2"
"240620","Laramie County Community College","2020","First major","'99'","Grand total","Associate's degree","537","165","372","8","6","2","3","1","2","9","5","4","71","23","48","1","1","0","386","115","271","19","4","15","34","10","24","6","0","6","-2"
"240657","Northwest College","2020","First major","'99'","Grand total","Associate's degree","291","121","170","0","0","0","2","0","2","1","1","0","29","12","17","0","0","0","230","94","136","9","2","7","0","0","0","20","12","8","-2"
"240666","Northern Wyoming Community College District","2020","First major","'99'","Grand total","Associate's degree","470","146","324","5","3","2","4","1","3","4","3","1","32","12","20","2","0","2","397","119","278","19","4","15","0","0","0","7","4","3","-2"
"240693","Western Wyoming Community College","2020","First major","'99'","Grand total","Associate's degree","258","106","152","0","0","0","3","1","2","7","4","3","41","16","25","1","1","0","185","75","110","9","4","5","2","2","0","10","3","7","-2"
"240718","WyoTech","2020","First major","'99'","Grand total","Associate's degree","11","11","0","0","0","0","0","0","0","0","0","0","0","0","0","0","0","0","10","10","0","0","0","0","1","1","0","0","0","0","-2"
"240727","University of Wyoming","2020","First major","'99'","Grand total","Bachelor's degree","2295","1022","1273","12","3","9","21","6","15","20","15","5","166","78","88","3","0","3","1676","740","936","100","38","62","213","88","125","84","54","30","-2"
"240727","University of Wyoming","2020","First major","'99'","Grand total","Master's degree","465","206","259","1","1","0","9","4","5","3","2","1","21","8","13","0","0","0","318","129","189","19","10","9","43","20","23","51","32","19","-2"
"240727","University of Wyoming","2020","First major","'99'","Grand total","Doctor's degree - research/scholarship","95","66","29","0","0","0","2","2","0","0","0","0","1","0","1","0","0","0","35","18","17","3","2","1","11","7","4","43","37","6","-2"
"240727","University of Wyoming","2020","First major","'99'","Grand total","Doctor's degree - professional practice","115","53","62","2","1","1","2","1","1","1","0","1","7","3","4","0","0","0","94","41","53","0","0","0","8","6","2","1","1","0","-2"
"240727","University of Wyoming","2020","Second major","'99'","Grand total","Bachelor's degree","161","74","87","2","1","1","0","0","0","0","0","0","16","6","10","0","0","0","116","53","63","7","4","3","14","7","7","6","3","3","-2"
"240727","University of Wyoming","2020","Second major","'99'","Grand total","Master's degree","12","5","7","0","0","0","0","0","0","0","0","0","0","0","0","0","0","0","5","2","3","0","0","0","5","2","3","2","1","1","-2"
"240736","American Samoa Community College","2020","First major","'99'","Grand total","Associate's degree","168","51","117","0","0","0","2","0","2","0","0","0","0","0","0","150","48","102","1","1","0","0","0","0","0","0","0","15","2","13","-2"
"240736","American Samoa Community College","2020","First major","'99'","Grand total","Bachelor's degree","10","1","9","0","0","0","0","0","0","0","0","0","0","0","0","8","1","7","0","0","0","0","0","0","0","0","0","2","0","2","-2"
"240745","Guam Community College","2020","First major","'99'","Grand total","Associate's degree","241","72","169","0","0","0","118","44","74","2","0","2","1","0","1","115","25","90","4","3","1","1","0","1","0","0","0","0","0","0","-2"
"240754","University of Guam","2020","First major","'99'","Grand total","Bachelor's degree","501","201","300","0","0","0","256","102","154","1","1","0","1","0","1","220","90","130","9","1","8","0","0","0","11","5","6","3","2","1","-2"
"240754","University of Guam","2020","First major","'99'","Grand total","Master's degree","144","53","91","0","0","0","41","17","24","1","1","0","1","1","0","92","31","61","4","2","2","0","0","0","4","1","3","1","0","1","-2"
"240754","University of Guam","2020","Second major","'99'","Grand total","Bachelor's degree","1","1","0","0","0","0","0","0","0","0","0","0","0","0","0","1","1","0","0","0","0","0","0","0","0","0","0","0","0","0","-2"
"240790","Northern Marianas College","2020","First major","'99'","Grand total","Associate's degree","193","71","122","0","0","0","94","43","51","2","1","1","1","1","0","67","19","48","1","0","1","13","5","8","5","0","5","10","2","8","-2"
"240790","Northern Marianas College","2020","First major","'99'","Grand total","Bachelor's degree","44","19","25","0","0","0","20","7","13","0","0","0","0","0","0","15","8","7","2","0","2","4","2","2","0","0","0","3","2","1","-2"
"240985","Educational Technical College-Recinto de Bayamon","2020","First major","'99'","Grand total","Associate's degree","6","0","6","0","0","0","0","0","0","0","0","0","6","0","6","0","0","0","0","0","0","0","0","0","0","0","0","0","0","0","-2"
"241100","American University of Puerto Rico","2020","First major","'99'","Grand total","Associate's degree","9","4","5","0","0","0","0","0","0","0","0","0","9","4","5","0","0","0","0","0","0","0","0","0","0","0","0","0","0","0","-2"
"241100","American University of Puerto Rico","2020","First major","'99'","Grand total","Bachelor's degree","62","34","28","0","0","0","0","0","0","0","0","0","62","34","28","0","0","0","0","0","0","0","0","0","0","0","0","0","0","0","-2"
"241100","American University of Puerto Rico","2020","First major","'99'","Grand total","Master's degree","23","4","19","0","0","0","0","0","0","0","0","0","23","4","19","0","0","0","0","0","0","0","0","0","0","0","0","0","0","0","-2"
"241128","American University of Puerto Rico","2020","First major","'99'","Grand total","Associate's degree","5","3","2","0","0","0","0","0","0","0","0","0","5","3","2","0","0","0","0","0","0","0","0","0","0","0","0","0","0","0","-2"
"241128","American University of Puerto Rico","2020","First major","'99'","Grand total","Bachelor's degree","88","39","49","0","0","0","0","0","0","0","0","0","88","39","49","0","0","0","0","0","0","0","0","0","0","0","0","0","0","0","-2"
"241128","American University of Puerto Rico","2020","First major","'99'","Grand total","Master's degree","6","1","5","0","0","0","0","0","0","0","0","0","6","1","5","0","0","0","0","0","0","0","0","0","0","0","0","0","0","0","-2"
"241191","Universidad Adventista de las Antillas","2020","First major","'99'","Grand total","Associate's degree","0","0","0","0","0","0","0","0","0","0","0","0","0","0","0","0","0","0","0","0","0","0","0","0","0","0","0","0","0","0","-2"
"241191","Universidad Adventista de las Antillas","2020","First major","'99'","Grand total","Bachelor's degree","194","64","130","0","0","0","1","0","1","3","1","2","187","63","124","0","0","0","1","0","1","0","0","0","0","0","0","2","0","2","-2"
"241191","Universidad Adventista de las Antillas","2020","First major","'99'","Grand total","Master's degree","54","25","29","0","0","0","0","0","0","0","0","0","54","25","29","0","0","0","0","0","0","0","0","0","0","0","0","0","0","0","-2"
"241216","Atlantic University College","2020","First major","'99'","Grand total","Associate's degree","5","4","1","0","0","0","0","0","0","0","0","0","5","4","1","0","0","0","0","0","0","0","0","0","0","0","0","0","0","0","-2"
"241216","Atlantic University College","2020","First major","'99'","Grand total","Bachelor's degree","181","122","59","0","0","0","0","0","0","0","0","0","181","122","59","0","0","0","0","0","0","0","0","0","0","0","0","0","0","0","-2"
"241216","Atlantic University College","2020","First major","'99'","Grand total","Master's degree","52","34","18","0","0","0","0","0","0","0","0","0","52","34","18","0","0","0","0","0","0","0","0","0","0","0","0","0","0","0","-2"
"241225","Universidad Central de Bayamon","2020","First major","'99'","Grand total","Associate's degree","24","7","17","0","0","0","0","0","0","0","0","0","24","7","17","0","0","0","0","0","0","0","0","0","0","0","0","0","0","0","-2"
"241225","Universidad Central de Bayamon","2020","First major","'99'","Grand total","Bachelor's degree","134","49","85","0","0","0","0","0","0","0","0","0","132","47","85","0","0","0","0","0","0","0","0","0","0","0","0","2","2","0","-2"
"241225","Universidad Central de Bayamon","2020","First major","'99'","Grand total","Master's degree","67","22","45","0","0","0","0","0","0","0","0","0","65","20","45","0","0","0","0","0","0","0","0","0","0","0","0","2","2","0","-2"
"241304","Columbia Central University-Caguas","2020","First major","'99'","Grand total","Associate's degree","180","75","105","0","0","0","0","0","0","0","0","0","180","75","105","0","0","0","0","0","0","0","0","0","0","0","0","0","0","0","-2"
"241304","Columbia Central University-Caguas","2020","First major","'99'","Grand total","Bachelor's degree","189","59","130","0","0","0","0","0","0","0","0","0","189","59","130","0","0","0","0","0","0","0","0","0","0","0","0","0","0","0","-2"
"241304","Columbia Central University-Caguas","2020","First major","'99'","Grand total","Master's degree","82","16","66","0","0","0","0","0","0","0","0","0","82","16","66","0","0","0","0","0","0","0","0","0","0","0","0","0","0","0","-2"
"241331","Albizu University-San Juan","2020","First major","'99'","Grand total","Bachelor's degree","72","12","60","0","0","0","0","0","0","0","0","0","72","12","60","0","0","0","0","0","0","0","0","0","0","0","0","0","0","0","-2"
"241331","Albizu University-San Juan","2020","First major","'99'","Grand total","Master's degree","212","38","174","0","0","0","0","0","0","0","0","0","204","37","167","0","0","0","3","1","2","0","0","0","5","0","5","0","0","0","-2"
"241331","Albizu University-San Juan","2020","First major","'99'","Grand total","Doctor's degree - research/scholarship","49","7","42","0","0","0","0","0","0","0","0","0","48","6","42","0","0","0","0","0","0","0","0","0","1","1","0","0","0","0","-2"
"241377","Caribbean University-Bayamon","2020","First major","'99'","Grand total","Associate's degree","8","1","7","0","0","0","0","0","0","0","0","0","8","1","7","0","0","0","0","0","0","0","0","0","0","0","0","0","0","0","-2"
"241377","Caribbean University-Bayamon","2020","First major","'99'","Grand total","Bachelor's degree","112","26","86","0","0","0","0","0","0","0","0","0","112","26","86","0","0","0","0","0","0","0","0","0","0","0","0","0","0","0","-2"
"241377","Caribbean University-Bayamon","2020","First major","'99'","Grand total","Master's degree","62","10","52","0","0","0","0","0","0","0","0","0","62","10","52","0","0","0","0","0","0","0","0","0","0","0","0","0","0","0","-2"
"241377","Caribbean University-Bayamon","2020","First major","'99'","Grand total","Doctor's degree - research/scholarship","1","0","1","0","0","0","0","0","0","0","0","0","1","0","1","0","0","0","0","0","0","0","0","0","0","0","0","0","0","0","-2"
"241386","Caribbean University-Carolina","2020","First major","'99'","Grand total","Associate's degree","3","2","1","0","0","0","0","0","0","0","0","0","3","2","1","0","0","0","0","0","0","0","0","0","0","0","0","0","0","0","-2"
"241386","Caribbean University-Carolina","2020","First major","'99'","Grand total","Bachelor's degree","25","5","20","0","0","0","0","0","0","0","0","0","25","5","20","0","0","0","0","0","0","0","0","0","0","0","0","0","0","0","-2"
"241386","Caribbean University-Carolina","2020","First major","'99'","Grand total","Master's degree","3","1","2","0","0","0","0","0","0","0","0","0","3","1","2","0","0","0","0","0","0","0","0","0","0","0","0","0","0","0","-2"
"241395","Pontifical Catholic University of Puerto Rico-Arecibo","2020","First major","'99'","Grand total","Associate's degree","5","2","3","0","0","0","0","0","0","0","0","0","5","2","3","0","0","0","0","0","0","0","0","0","0","0","0","0","0","0","-2"
"241395","Pontifical Catholic University of Puerto Rico-Arecibo","2020","First major","'99'","Grand total","Bachelor's degree","73","26","47","0","0","0","0","0","0","0","0","0","71","26","45","0","0","0","1","0","1","0","0","0","1","0","1","0","0","0","-2"
"241395","Pontifical Catholic University of Puerto Rico-Arecibo","2020","First major","'99'","Grand total","Master's degree","34","7","27","0","0","0","0","0","0","0","0","0","33","6","27","0","0","0","1","1","0","0","0","0","0","0","0","0","0","0","-2"
"241395","Pontifical Catholic University of Puerto Rico-Arecibo","2020","First major","'99'","Grand total","Doctor's degree - research/scholarship","21","6","15","0","0","0","0","0","0","0","0","0","20","6","14","0","0","0","0","0","0","0","0","0","1","0","1","0","0","0","-2"
"241410","Pontifical Catholic University of Puerto Rico-Ponce","2020","First major","'99'","Grand total","Associate's degree","11","0","11","0","0","0","0","0","0","0","0","0","11","0","11","0","0","0","0","0","0","0","0","0","0","0","0","0","0","0","-2"
"241410","Pontifical Catholic University of Puerto Rico-Ponce","2020","First major","'99'","Grand total","Bachelor's degree","697","269","428","0","0","0","1","0","1","0","0","0","686","265","421","0","0","0","2","1","1","0","0","0","7","2","5","1","1","0","-2"
"241410","Pontifical Catholic University of Puerto Rico-Ponce","2020","First major","'99'","Grand total","Master's degree","155","41","114","0","0","0","0","0","0","0","0","0","153","41","112","0","0","0","0","0","0","0","0","0","1","0","1","1","0","1","-2"
"241410","Pontifical Catholic University of Puerto Rico-Ponce","2020","First major","'99'","Grand total","Doctor's degree - research/scholarship","42","9","33","0","0","0","0","0","0","0","0","0","42","9","33","0","0","0","0","0","0","0","0","0","0","0","0","0","0","0","-2"
"241410","Pontifical Catholic University of Puerto Rico-Ponce","2020","First major","'99'","Grand total","Doctor's degree - professional practice","141","59","82","0","0","0","0","0","0","0","0","0","137","57","80","0","0","0","1","0","1","0","0","0","3","2","1","0","0","0","-2"
"241517","CEM College-San Juan","2020","First major","'99'","Grand total","Associate's degree","45","24","21","0","0","0","0","0","0","0","0","0","45","24","21","0","0","0","0","0","0","0","0","0","0","0","0","0","0","0","-2"
"241517","CEM College-San Juan","2020","First major","'99'","Grand total","Bachelor's degree","58","18","40","0","0","0","0","0","0","0","0","0","58","18","40","0","0","0","0","0","0","0","0","0","0","0","0","0","0","0","-2"
"241614","Universidad Teologica del Caribe","2020","First major","'99'","Grand total","Associate's degree","3","1","2","0","0","0","0","0","0","0","0","0","3","1","2","0","0","0","0","0","0","0","0","0","0","0","0","0","0","0","-2"
"241614","Universidad Teologica del Caribe","2020","First major","'99'","Grand total","Bachelor's degree","67","36","31","0","0","0","0","0","0","0","0","0","67","36","31","0","0","0","0","0","0","0","0","0","0","0","0","0","0","0","-2"
"241614","Universidad Teologica del Caribe","2020","First major","'99'","Grand total","Master's degree","9","3","6","0","0","0","0","0","0","0","0","0","9","3","6","0","0","0","0","0","0","0","0","0","0","0","0","0","0","0","-2"
"241720","Colegio Universitario de San Juan","2020","First major","'99'","Grand total","Associate's degree","128","49","79","0","0","0","0","0","0","0","0","0","128","49","79","0","0","0","0","0","0","0","0","0","0","0","0","0","0","0","-2"
"241720","Colegio Universitario de San Juan","2020","First major","'99'","Grand total","Bachelor's degree","164","51","113","0","0","0","0","0","0","0","0","0","164","51","113","0","0","0","0","0","0","0","0","0","0","0","0","0","0","0","-2"
"241739","Universidad Ana G. Mendez-Cupey Campus","2020","First major","'99'","Grand total","Associate's degree","246","78","168","0","0","0","0","0","0","0","0","0","246","78","168","0","0","0","0","0","0","0","0","0","0","0","0","0","0","0","-2"
"241739","Universidad Ana G. Mendez-Cupey Campus","2020","First major","'99'","Grand total","Bachelor's degree","1179","396","783","0","0","0","0","0","0","0","0","0","1179","396","783","0","0","0","0","0","0","0","0","0","0","0","0","0","0","0","-2"
"241739","Universidad Ana G. Mendez-Cupey Campus","2020","First major","'99'","Grand total","Master's degree","582","181","401","0","0","0","0","0","0","0","0","0","582","181","401","0","0","0","0","0","0","0","0","0","0","0","0","0","0","0","-2"
"241739","Universidad Ana G. Mendez-Cupey Campus","2020","First major","'99'","Grand total","Doctor's degree - research/scholarship","16","6","10","0","0","0","0","0","0","0","0","0","16","6","10","0","0","0","0","0","0","0","0","0","0","0","0","0","0","0","-2"
"241766","Conservatory of Music of Puerto Rico","2020","First major","'99'","Grand total","Bachelor's degree","41","24","17","0","0","0","0","0","0","0","0","0","39","22","17","0","0","0","0","0","0","0","0","0","0","0","0","2","2","0","-2"
"241766","Conservatory of Music of Puerto Rico","2020","First major","'99'","Grand total","Master's degree","9","6","3","0","0","0","0","0","0","0","0","0","8","5","3","0","0","0","0","0","0","0","0","0","0","0","0","1","1","0","-2"
"241793","Center for Advanced Studies On Puerto Rico and the Caribbean","2020","First major","'99'","Grand total","Master's degree","25","12","13","0","0","0","0","0","0","0","0","0","25","12","13","0","0","0","0","0","0","0","0","0","0","0","0","0","0","0","-2"
"241793","Center for Advanced Studies On Puerto Rico and the Caribbean","2020","First major","'99'","Grand total","Doctor's degree - other","40","25","15","0","0","0","0","0","0","0","0","0","40","25","15","0","0","0","0","0","0","0","0","0","0","0","0","0","0","0","-2"
"241836","EDP University of Puerto Rico Inc-San Sebastian","2020","First major","'99'","Grand total","Associate's degree","213","67","146","0","0","0","0","0","0","0","0","0","213","67","146","0","0","0","0","0","0","0","0","0","0","0","0","0","0","0","-2"
"241836","EDP University of Puerto Rico Inc-San Sebastian","2020","First major","'99'","Grand total","Bachelor's degree","91","29","62","0","0","0","0","0","0","0","0","0","91","29","62","0","0","0","0","0","0","0","0","0","0","0","0","0","0","0","-2"
"241836","EDP University of Puerto Rico Inc-San Sebastian","2020","First major","'99'","Grand total","Master's degree","22","8","14","0","0","0","0","0","0","0","0","0","22","8","14","0","0","0","0","0","0","0","0","0","0","0","0","0","0","0","-2"
"241951","Escuela de Artes Plasticas y Diseno de Puerto Rico","2020","First major","'99'","Grand total","Bachelor's degree","36","10","26","0","0","0","0","0","0","0","0","0","36","10","26","0","0","0","0","0","0","0","0","0","0","0","0","0","0","0","-2"
"242042","Instituto Tecnologico de Puerto Rico-Recinto de Manati","2020","First major","'99'","Grand total","Associate's degree","152","67","85","0","0","0","0","0","0","0","0","0","152","67","85","0","0","0","0","0","0","0","0","0","0","0","0","0","0","0","-2"
"242112","Huertas College","2020","First major","'99'","Grand total","Associate's degree","142","48","94","0","0","0","0","0","0","0","0","0","142","48","94","0","0","0","0","0","0","0","0","0","0","0","0","0","0","0","-2"
"242112","Huertas College","2020","First major","'99'","Grand total","Bachelor's degree","55","9","46","0","0","0","0","0","0","0","0","0","55","9","46","0","0","0","0","0","0","0","0","0","0","0","0","0","0","0","-2"
"242121","Humacao Community College","2020","First major","'99'","Grand total","Associate's degree","71","26","45","0","0","0","0","0","0","0","0","0","71","26","45","0","0","0","0","0","0","0","0","0","0","0","0","0","0","0","-2"
"242121","Humacao Community College","2020","First major","'99'","Grand total","Bachelor's degree","17","8","9","0","0","0","0","0","0","0","0","0","17","8","9","0","0","0","0","0","0","0","0","0","0","0","0","0","0","0","-2"
"242130","ICPR Junior College-Arecibo","2020","First major","'99'","Grand total","Associate's degree","32","8","24","0","0","0","0","0","0","0","0","0","32","8","24","0","0","0","0","0","0","0","0","0","0","0","0","0","0","0","-2"
"242149","ICPR Junior College-Mayaguez","2020","First major","'99'","Grand total","Associate's degree","73","24","49","0","0","0","0","0","0","0","0","0","73","24","49","0","0","0","0","0","0","0","0","0","0","0","0","0","0","0","-2"
"242556","Instituto Tecnologico de Puerto Rico-Recinto de Guayama","2020","First major","'99'","Grand total","Associate's degree","88","48","40","0","0","0","0","0","0","0","0","0","88","48","40","0","0","0","0","0","0","0","0","0","0","0","0","0","0","0","-2"
"242565","Instituto Tecnologico de Puerto Rico-Recinto de Ponce","2020","First major","'99'","Grand total","Associate's degree","176","121","55","1","1","0","0","0","0","0","0","0","175","120","55","0","0","0","0","0","0","0","0","0","0","0","0","0","0","0","-2"
"242583","Instituto Tecnologico de Puerto Rico-Recinto de San Juan","2020","First major","'99'","Grand total","Associate's degree","77","45","32","0","0","0","0","0","0","0","0","0","77","45","32","0","0","0","0","0","0","0","0","0","0","0","0","0","0","0","-2"
"242617","Inter American University of Puerto Rico-San German","2020","First major","'99'","Grand total","Associate's degree","36","11","25","0","0","0","0","0","0","0","0","0","36","11","25","0","0","0","0","0","0","0","0","0","0","0","0","0","0","0","-2"
"242617","Inter American University of Puerto Rico-San German","2020","First major","'99'","Grand total","Bachelor's degree","415","193","222","1","0","1","0","0","0","3","0","3","408","190","218","0","0","0","3","3","0","0","0","0","0","0","0","0","0","0","-2"
"242617","Inter American University of Puerto Rico-San German","2020","First major","'99'","Grand total","Master's degree","82","25","57","1","0","1","0","0","0","0","0","0","81","25","56","0","0","0","0","0","0","0","0","0","0","0","0","0","0","0","-2"
"242617","Inter American University of Puerto Rico-San German","2020","First major","'99'","Grand total","Doctor's degree - research/scholarship","12","7","5","0","0","0","0","0","0","0","0","0","12","7","5","0","0","0","0","0","0","0","0","0","0","0","0","0","0","0","-2"
"242626","Inter American University of Puerto Rico-Aguadilla","2020","First major","'99'","Grand total","Associate's degree","174","51","123","0","0","0","0","0","0","0","0","0","174","51","123","0","0","0","0","0","0","0","0","0","0","0","0","0","0","0","-2"
"242626","Inter American University of Puerto Rico-Aguadilla","2020","First major","'99'","Grand total","Bachelor's degree","358","126","232","0","0","0","0","0","0","0","0","0","358","126","232","0","0","0","0","0","0","0","0","0","0","0","0","0","0","0","-2"
"242626","Inter American University of Puerto Rico-Aguadilla","2020","First major","'99'","Grand total","Master's degree","51","15","36","0","0","0","0","0","0","0","0","0","51","15","36","0","0","0","0","0","0","0","0","0","0","0","0","0","0","0","-2"
"242635","Inter American University of Puerto Rico-Arecibo","2020","First major","'99'","Grand total","Associate's degree","73","16","57","1","0","1","0","0","0","0","0","0","72","16","56","0","0","0","0","0","0","0","0","0","0","0","0","0","0","0","-2"
"242635","Inter American University of Puerto Rico-Arecibo","2020","First major","'99'","Grand total","Bachelor's degree","427","143","284","0","0","0","0","0","0","0","0","0","423","143","280","0","0","0","4","0","4","0","0","0","0","0","0","0","0","0","-2"
"242635","Inter American University of Puerto Rico-Arecibo","2020","First major","'99'","Grand total","Master's degree","101","22","79","0","0","0","1","1","0","1","0","1","97","21","76","0","0","0","2","0","2","0","0","0","0","0","0","0","0","0","-2"
"242644","Inter American University of Puerto Rico-Barranquitas","2020","First major","'99'","Grand total","Associate's degree","71","19","52","0","0","0","0","0","0","0","0","0","71","19","52","0","0","0","0","0","0","0","0","0","0","0","0","0","0","0","-2"
"242644","Inter American University of Puerto Rico-Barranquitas","2020","First major","'99'","Grand total","Bachelor's degree","178","46","132","0","0","0","0","0","0","0","0","0","178","46","132","0","0","0","0","0","0","0","0","0","0","0","0","0","0","0","-2"
"242644","Inter American University of Puerto Rico-Barranquitas","2020","First major","'99'","Grand total","Master's degree","30","8","22","0","0","0","0","0","0","0","0","0","30","8","22","0","0","0","0","0","0","0","0","0","0","0","0","0","0","0","-2"
"242653","Inter American University of Puerto Rico-Metro","2020","First major","'99'","Grand total","Associate's degree","85","22","63","0","0","0","2","0","2","4","0","4","72","19","53","0","0","0","7","3","4","0","0","0","0","0","0","0","0","0","-2"
"242653","Inter American University of Puerto Rico-Metro","2020","First major","'99'","Grand total","Bachelor's degree","705","263","442","3","2","1","3","1","2","15","1","14","678","258","420","1","0","1","5","1","4","0","0","0","0","0","0","0","0","0","-2"
"242653","Inter American University of Puerto Rico-Metro","2020","First major","'99'","Grand total","Master's degree","400","116","284","0","0","0","1","0","1","0","0","0","397","115","282","0","0","0","2","1","1","0","0","0","0","0","0","0","0","0","-2"
"242653","Inter American University of Puerto Rico-Metro","2020","First major","'99'","Grand total","Doctor's degree - research/scholarship","18","4","14","0","0","0","0","0","0","0","0","0","18","4","14","0","0","0","0","0","0","0","0","0","0","0","0","0","0","0","-2"
"242662","Inter American University of Puerto Rico-Ponce","2020","First major","'99'","Grand total","Associate's degree","155","41","114","0","0","0","0","0","0","0","0","0","154","41","113","0","0","0","1","0","1","0","0","0","0","0","0","0","0","0","-2"
"242662","Inter American University of Puerto Rico-Ponce","2020","First major","'99'","Grand total","Bachelor's degree","492","172","320","0","0","0","0","0","0","0","0","0","491","172","319","0","0","0","1","0","1","0","0","0","0","0","0","0","0","0","-2"
"242662","Inter American University of Puerto Rico-Ponce","2020","First major","'99'","Grand total","Master's degree","37","16","21","0","0","0","0","0","0","0","0","0","37","16","21","0","0","0","0","0","0","0","0","0","0","0","0","0","0","0","-2"
"242662","Inter American University of Puerto Rico-Ponce","2020","First major","'99'","Grand total","Doctor's degree - research/scholarship","0","0","0","0","0","0","0","0","0","0","0","0","0","0","0","0","0","0","0","0","0","0","0","0","0","0","0","0","0","0","-2"
"242680","Inter American University of Puerto Rico-Fajardo","2020","First major","'99'","Grand total","Associate's degree","22","10","12","0","0","0","0","0","0","1","0","1","21","10","11","0","0","0","0","0","0","0","0","0","0","0","0","0","0","0","-2"
"242680","Inter American University of Puerto Rico-Fajardo","2020","First major","'99'","Grand total","Bachelor's degree","186","47","139","0","0","0","0","0","0","1","0","1","185","47","138","0","0","0","0","0","0","0","0","0","0","0","0","0","0","0","-2"
"242680","Inter American University of Puerto Rico-Fajardo","2020","First major","'99'","Grand total","Master's degree","37","9","28","0","0","0","0","0","0","0","0","0","37","9","28","0","0","0","0","0","0","0","0","0","0","0","0","0","0","0","-2"
"242699","Inter American University of Puerto Rico-Guayama","2020","First major","'99'","Grand total","Associate's degree","79","21","58","0","0","0","0","0","0","0","0","0","79","21","58","0","0","0","0","0","0","0","0","0","0","0","0","0","0","0","-2"
"242699","Inter American University of Puerto Rico-Guayama","2020","First major","'99'","Grand total","Bachelor's degree","170","40","130","0","0","0","0","0","0","1","0","1","169","40","129","0","0","0","0","0","0","0","0","0","0","0","0","0","0","0","-2"
"242699","Inter American University of Puerto Rico-Guayama","2020","First major","'99'","Grand total","Master's degree","34","8","26","0","0","0","0","0","0","0","0","0","34","8","26","0","0","0","0","0","0","0","0","0","0","0","0","0","0","0","-2"
"242705","Inter American University of Puerto Rico-Bayamon","2020","First major","'99'","Grand total","Associate's degree","15","12","3","0","0","0","0","0","0","0","0","0","15","12","3","0","0","0","0","0","0","0","0","0","0","0","0","0","0","0","-2"
"242705","Inter American University of Puerto Rico-Bayamon","2020","First major","'99'","Grand total","Bachelor's degree","473","256","217","4","3","1","0","0","0","3","1","2","459","247","212","0","0","0","7","5","2","0","0","0","0","0","0","0","0","0","-2"
"242705","Inter American University of Puerto Rico-Bayamon","2020","First major","'99'","Grand total","Master's degree","33","11","22","0","0","0","0","0","0","0","0","0","32","11","21","0","0","0","1","0","1","0","0","0","0","0","0","0","0","0","-2"
"242723","Inter American University of Puerto Rico-School of Law","2020","First major","'99'","Grand total","Master's degree","16","8","8","0","0","0","0","0","0","0","0","0","16","8","8","0","0","0","0","0","0","0","0","0","0","0","0","0","0","0","-2"
"242723","Inter American University of Puerto Rico-School of Law","2020","First major","'99'","Grand total","Doctor's degree - research/scholarship","0","0","0","0","0","0","0","0","0","0","0","0","0","0","0","0","0","0","0","0","0","0","0","0","0","0","0","0","0","0","-2"
"242723","Inter American University of Puerto Rico-School of Law","2020","First major","'99'","Grand total","Doctor's degree - professional practice","179","65","114","0","0","0","0","0","0","0","0","0","178","64","114","0","0","0","1","1","0","0","0","0","0","0","0","0","0","0","-2"
"242972","NUC University","2020","First major","'99'","Grand total","Associate's degree","1489","376","1113","9","1","8","1","0","1","45","14","31","1358","343","1015","1","0","1","45","14","31","24","3","21","5","1","4","1","0","1","-2"
"242972","NUC University","2020","First major","'99'","Grand total","Bachelor's degree","1679","505","1174","14","2","12","2","0","2","46","15","31","1523","454","1069","3","1","2","34","12","22","40","13","27","17","8","9","0","0","0","-2"
"242972","NUC University","2020","First major","'99'","Grand total","Master's degree","359","92","267","2","0","2","0","0","0","0","0","0","352","91","261","0","0","0","0","0","0","3","1","2","2","0","2","0","0","0","-2"
"243081","Ponce Health Sciences University","2020","First major","'99'","Grand total","Master's degree","94","31","63","0","0","0","0","0","0","2","0","2","87","31","56","0","0","0","0","0","0","0","0","0","5","0","5","0","0","0","-2"
"243081","Ponce Health Sciences University","2020","First major","'99'","Grand total","Doctor's degree - research/scholarship","7","3","4","0","0","0","0","0","0","0","0","0","7","3","4","0","0","0","0","0","0","0","0","0","0","0","0","0","0","0","-2"
"243081","Ponce Health Sciences University","2020","First major","'99'","Grand total","Doctor's degree - professional practice","70","34","36","0","0","0","1","1","0","0","0","0","66","31","35","0","0","0","0","0","0","0","0","0","3","2","1","0","0","0","-2"
"243106","University of Puerto Rico-Aguadilla","2020","First major","'99'","Grand total","Associate's degree","66","60","6","0","0","0","0","0","0","1","1","0","61","56","5","0","0","0","4","3","1","0","0","0","0","0","0","0","0","0","-2"
"243106","University of Puerto Rico-Aguadilla","2020","First major","'99'","Grand total","Bachelor's degree","429","167","262","2","2","0","0","0","0","0","0","0","411","160","251","0","0","0","14","4","10","1","0","1","1","1","0","0","0","0","-2"
"243115","University of Puerto Rico-Arecibo","2020","First major","'99'","Grand total","Associate's degree","84","19","65","0","0","0","0","0","0","0","0","0","84","19","65","0","0","0","0","0","0","0","0","0","0","0","0","0","0","0","-2"
"243115","University of Puerto Rico-Arecibo","2020","First major","'99'","Grand total","Bachelor's degree","588","210","378","0","0","0","0","0","0","0","0","0","588","210","378","0","0","0","0","0","0","0","0","0","0","0","0","0","0","0","-2"
"243133","University of Puerto Rico-Bayamon","2020","First major","'99'","Grand total","Associate's degree","13","11","2","0","0","0","0","0","0","0","0","0","13","11","2","0","0","0","0","0","0","0","0","0","0","0","0","0","0","0","-2"
"243133","University of Puerto Rico-Bayamon","2020","First major","'99'","Grand total","Bachelor's degree","483","208","275","0","0","0","0","0","0","0","0","0","483","208","275","0","0","0","0","0","0","0","0","0","0","0","0","0","0","0","-2"
"243142","University of Puerto Rico-Carolina","2020","First major","'99'","Grand total","Associate's degree","44","38","6","1","1","0","0","0","0","3","2","1","37","33","4","0","0","0","0","0","0","0","0","0","3","2","1","0","0","0","-2"
"243142","University of Puerto Rico-Carolina","2020","First major","'99'","Grand total","Bachelor's degree","577","196","381","0","0","0","0","0","0","1","1","0","575","195","380","0","0","0","0","0","0","0","0","0","1","0","1","0","0","0","-2"
"243151","University of Puerto Rico-Cayey","2020","First major","'99'","Grand total","Bachelor's degree","493","158","335","0","0","0","0","0","0","0","0","0","493","158","335","0","0","0","0","0","0","0","0","0","0","0","0","0","0","0","-2"
"243179","University of Puerto Rico-Humacao","2020","First major","'99'","Grand total","Associate's degree","64","23","41","0","0","0","0","0","0","3","0","3","59","22","37","0","0","0","0","0","0","0","0","0","2","1","1","0","0","0","-2"
"243179","University of Puerto Rico-Humacao","2020","First major","'99'","Grand total","Bachelor's degree","541","179","362","0","0","0","0","0","0","0","0","0","491","150","341","0","0","0","4","2","2","7","5","2","39","22","17","0","0","0","-2"
"243188","University of Puerto Rico-Utuado","2020","First major","'99'","Grand total","Associate's degree","92","45","47","0","0","0","0","0","0","3","1","2","76","34","42","0","0","0","0","0","0","0","0","0","13","10","3","0","0","0","-2"
"243188","University of Puerto Rico-Utuado","2020","First major","'99'","Grand total","Bachelor's degree","35","16","19","0","0","0","0","0","0","0","0","0","26","11","15","0","0","0","1","1","0","1","0","1","7","4","3","0","0","0","-2"
"243197","University of Puerto Rico-Mayaguez","2020","First major","'99'","Grand total","Bachelor's degree","1701","822","879","0","0","0","0","0","0","0","0","0","1612","776","836","0","0","0","0","0","0","0","0","0","86","46","40","3","0","3","-2"
"243197","University of Puerto Rico-Mayaguez","2020","First major","'99'","Grand total","Master's degree","181","99","82","0","0","0","0","0","0","0","0","0","130","65","65","0","0","0","0","0","0","0","0","0","13","8","5","38","26","12","-2"
"243197","University of Puerto Rico-Mayaguez","2020","First major","'99'","Grand total","Doctor's degree - research/scholarship","13","9","4","0","0","0","0","0","0","0","0","0","5","4","1","0","0","0","0","0","0","0","0","0","2","0","2","6","5","1","-2"
"243203","University of Puerto Rico-Medical Sciences","2020","First major","'99'","Grand total","Associate's degree","46","10","36","0","0","0","0","0","0","0","0","0","46","10","36","0","0","0","0","0","0","0","0","0","0","0","0","0","0","0","-2"
"243203","University of Puerto Rico-Medical Sciences","2020","First major","'99'","Grand total","Bachelor's degree","99","21","78","0","0","0","0","0","0","0","0","0","99","21","78","0","0","0","0","0","0","0","0","0","0","0","0","0","0","0","-2"
"243203","University of Puerto Rico-Medical Sciences","2020","First major","'99'","Grand total","Master's degree","257","72","185","0","0","0","0","0","0","0","0","0","254","71","183","0","0","0","3","1","2","0","0","0","0","0","0","0","0","0","-2"
"243203","University of Puerto Rico-Medical Sciences","2020","First major","'99'","Grand total","Doctor's degree - research/scholarship","7","2","5","0","0","0","0","0","0","0","0","0","7","2","5","0","0","0","0","0","0","0","0","0","0","0","0","0","0","0","-2"
"243203","University of Puerto Rico-Medical Sciences","2020","First major","'99'","Grand total","Doctor's degree - professional practice","225","93","132","0","0","0","0","0","0","0","0","0","225","93","132","0","0","0","0","0","0","0","0","0","0","0","0","0","0","0","-2"
"243203","University of Puerto Rico-Medical Sciences","2020","First major","'99'","Grand total","Doctor's degree - other","6","1","5","0","0","0","0","0","0","0","0","0","6","1","5","0","0","0","0","0","0","0","0","0","0","0","0","0","0","0","-2"
"243212","University of Puerto Rico-Ponce","2020","First major","'99'","Grand total","Associate's degree","25","19","6","0","0","0","0","0","0","0","0","0","25","19","6","0","0","0","0","0","0","0","0","0","0","0","0","0","0","0","-2"
"243212","University of Puerto Rico-Ponce","2020","First major","'99'","Grand total","Bachelor's degree","404","148","256","0","0","0","0","0","0","0","0","0","404","148","256","0","0","0","0","0","0","0","0","0","0","0","0","0","0","0","-2"
"243221","University of Puerto Rico-Rio Piedras","2020","First major","'99'","Grand total","Bachelor's degree","1807","621","1186","2","0","2","1","0","1","4","1","3","1461","516","945","0","0","0","17","7","10","7","2","5","315","95","220","0","0","0","-2"
"243221","University of Puerto Rico-Rio Piedras","2020","First major","'99'","Grand total","Master's degree","315","106","209","1","0","1","0","0","0","0","0","0","193","72","121","0","0","0","0","0","0","0","0","0","121","34","87","0","0","0","-2"
"243221","University of Puerto Rico-Rio Piedras","2020","First major","'99'","Grand total","Doctor's degree - research/scholarship","96","45","51","0","0","0","0","0","0","1","1","0","87","40","47","0","0","0","0","0","0","0","0","0","8","4","4","0","0","0","-2"
"243221","University of Puerto Rico-Rio Piedras","2020","First major","'99'","Grand total","Doctor's degree - professional practice","180","70","110","0","0","0","0","0","0","0","0","0","113","46","67","0","0","0","1","1","0","0","0","0","66","23","43","0","0","0","-2"
"243221","University of Puerto Rico-Rio Piedras","2020","Second major","'99'","Grand total","Bachelor's degree","129","39","90","0","0","0","0","0","0","0","0","0","111","38","73","0","0","0","0","0","0","0","0","0","18","1","17","0","0","0","-2"
"243346","Universidad Ana G. Mendez-Carolina Campus","2020","First major","'99'","Grand total","Associate's degree","374","128","246","0","0","0","0","0","0","0","0","0","374","128","246","0","0","0","0","0","0","0","0","0","0","0","0","0","0","0","-2"
"243346","Universidad Ana G. Mendez-Carolina Campus","2020","First major","'99'","Grand total","Bachelor's degree","922","291","631","0","0","0","0","0","0","0","0","0","922","291","631","0","0","0","0","0","0","0","0","0","0","0","0","0","0","0","-2"
"243346","Universidad Ana G. Mendez-Carolina Campus","2020","First major","'99'","Grand total","Master's degree","410","112","298","0","0","0","0","0","0","0","0","0","410","112","298","0","0","0","0","0","0","0","0","0","0","0","0","0","0","0","-2"
"243443","Universidad del Sagrado Corazon","2020","First major","'99'","Grand total","Associate's degree","33","20","13","0","0","0","0","0","0","0","0","0","33","20","13","0","0","0","0","0","0","0","0","0","0","0","0","0","0","0","-2"
"243443","Universidad del Sagrado Corazon","2020","First major","'99'","Grand total","Bachelor's degree","866","302","564","0","0","0","0","0","0","0","0","0","866","302","564","0","0","0","0","0","0","0","0","0","0","0","0","0","0","0","-2"
"243443","Universidad del Sagrado Corazon","2020","First major","'99'","Grand total","Master's degree","128","33","95","0","0","0","0","0","0","0","0","0","128","33","95","0","0","0","0","0","0","0","0","0","0","0","0","0","0","0","-2"
"243498","Seminario Evangelico de Puerto Rico","2020","First major","'99'","Grand total","Master's degree","19","14","5","0","0","0","0","0","0","0","0","0","19","14","5","0","0","0","0","0","0","0","0","0","0","0","0","0","0","0","-2"
"243498","Seminario Evangelico de Puerto Rico","2020","First major","'99'","Grand total","Doctor's degree - research/scholarship","0","0","0","0","0","0","0","0","0","0","0","0","0","0","0","0","0","0","0","0","0","0","0","0","0","0","0","0","0","0","-2"
"243568","Universidad Central Del Caribe","2020","First major","'99'","Grand total","Associate's degree","3","1","2","0","0","0","0","0","0","0","0","0","3","1","2","0","0","0","0","0","0","0","0","0","0","0","0","0","0","0","-2"
"243568","Universidad Central Del Caribe","2020","First major","'99'","Grand total","Bachelor's degree","9","1","8","0","0","0","0","0","0","0","0","0","5","0","5","0","0","0","0","0","0","0","0","0","4","1","3","0","0","0","-2"
"243568","Universidad Central Del Caribe","2020","First major","'99'","Grand total","Master's degree","7","2","5","0","0","0","0","0","0","0","0","0","7","2","5","0","0","0","0","0","0","0","0","0","0","0","0","0","0","0","-2"
"243568","Universidad Central Del Caribe","2020","First major","'99'","Grand total","Doctor's degree - research/scholarship","1","0","1","0","0","0","0","0","0","0","0","0","1","0","1","0","0","0","0","0","0","0","0","0","0","0","0","0","0","0","-2"
"243568","Universidad Central Del Caribe","2020","First major","'99'","Grand total","Doctor's degree - professional practice","66","31","35","0","0","0","0","0","0","0","0","0","40","19","21","0","0","0","1","1","0","0","0","0","25","11","14","0","0","0","-2"
"243577","Universidad Politecnica de Puerto Rico","2020","First major","'99'","Grand total","Associate's degree","5","3","2","0","0","0","0","0","0","0","0","0","5","3","2","0","0","0","0","0","0","0","0","0","0","0","0","0","0","0","-2"
"243577","Universidad Politecnica de Puerto Rico","2020","First major","'99'","Grand total","Bachelor's degree","348","259","89","0","0","0","0","0","0","0","0","0","347","258","89","0","0","0","1","1","0","0","0","0","0","0","0","0","0","0","-2"
"243577","Universidad Politecnica de Puerto Rico","2020","First major","'99'","Grand total","Master's degree","163","97","66","0","0","0","0","0","0","0","0","0","163","97","66","0","0","0","0","0","0","0","0","0","0","0","0","0","0","0","-2"
"243577","Universidad Politecnica de Puerto Rico","2020","First major","'99'","Grand total","Doctor's degree - other","1","0","1","0","0","0","0","0","0","0","0","0","1","0","1","0","0","0","0","0","0","0","0","0","0","0","0","0","0","0","-2"
"243586","Pontifical Catholic University of Puerto Rico-Mayaguez","2020","First major","'99'","Grand total","Associate's degree","25","5","20","0","0","0","0","0","0","0","0","0","25","5","20","0","0","0","0","0","0","0","0","0","0","0","0","0","0","0","-2"
"243586","Pontifical Catholic University of Puerto Rico-Mayaguez","2020","First major","'99'","Grand total","Bachelor's degree","151","42","109","0","0","0","0","0","0","0","0","0","151","42","109","0","0","0","0","0","0","0","0","0","0","0","0","0","0","0","-2"
"243586","Pontifical Catholic University of Puerto Rico-Mayaguez","2020","First major","'99'","Grand total","Master's degree","31","8","23","0","0","0","0","0","0","0","0","0","29","7","22","0","0","0","0","0","0","0","0","0","2","1","1","0","0","0","-2"
"243601","Universidad Ana G. Mendez-Gurabo Campus","2020","First major","'99'","Grand total","Associate's degree","447","200","247","0","0","0","0","0","0","0","0","0","447","200","247","0","0","0","0","0","0","0","0","0","0","0","0","0","0","0","-2"
"243601","Universidad Ana G. Mendez-Gurabo Campus","2020","First major","'99'","Grand total","Bachelor's degree","1249","452","797","0","0","0","0","0","0","0","0","0","1249","452","797","0","0","0","0","0","0","0","0","0","0","0","0","0","0","0","-2"
"243601","Universidad Ana G. Mendez-Gurabo Campus","2020","First major","'99'","Grand total","Master's degree","820","270","550","0","0","0","0","0","0","0","0","0","820","270","550","0","0","0","0","0","0","0","0","0","0","0","0","0","0","0","-2"
"243601","Universidad Ana G. Mendez-Gurabo Campus","2020","First major","'99'","Grand total","Doctor's degree - research/scholarship","35","13","22","0","0","0","0","0","0","0","0","0","35","13","22","0","0","0","0","0","0","0","0","0","0","0","0","0","0","0","-2"
"243601","Universidad Ana G. Mendez-Gurabo Campus","2020","First major","'99'","Grand total","Doctor's degree - professional practice","8","1","7","0","0","0","0","0","0","0","0","0","8","1","7","0","0","0","0","0","0","0","0","0","0","0","0","0","0","0","-2"
"243638","College of Micronesia-FSM","2020","First major","'99'","Grand total","Associate's degree","243","94","149","0","0","0","0","0","0","0","0","0","0","0","0","243","94","149","0","0","0","0","0","0","0","0","0","0","0","0","-2"
"243638","College of Micronesia-FSM","2020","First major","'99'","Grand total","Bachelor's degree","8","2","6","0","0","0","0","0","0","0","0","0","0","0","0","8","2","6","0","0","0","0","0","0","0","0","0","0","0","0","-2"
"243647","Palau Community College","2020","First major","'99'","Grand total","Associate's degree","84","34","50","0","0","0","1","1","0","0","0","0","0","0","0","83","33","50","0","0","0","0","0","0","0","0","0","0","0","0","-2"
"243665","University of the Virgin Islands","2020","First major","'99'","Grand total","Associate's degree","35","20","15","0","0","0","0","0","0","27","16","11","2","1","1","0","0","0","4","3","1","1","0","1","1","0","1","0","0","0","-2"
"243665","University of the Virgin Islands","2020","First major","'99'","Grand total","Bachelor's degree","220","59","161","0","0","0","3","1","2","153","42","111","16","4","12","0","0","0","17","4","13","3","1","2","9","3","6","19","4","15","-2"
"243665","University of the Virgin Islands","2020","First major","'99'","Grand total","Master's degree","45","8","37","0","0","0","0","0","0","30","4","26","2","1","1","0","0","0","8","2","6","1","0","1","1","0","1","3","1","2","-2"
"243665","University of the Virgin Islands","2020","First major","'99'","Grand total","Doctor's degree - research/scholarship","9","1","8","0","0","0","0","0","0","7","0","7","0","0","0","0","0","0","2","1","1","0","0","0","0","0","0","0","0","0","-2"
"243665","University of the Virgin Islands","2020","Second major","'99'","Grand total","Associate's degree","1","0","1","0","0","0","0","0","0","1","0","1","0","0","0","0","0","0","0","0","0","0","0","0","0","0","0","0","0","0","-2"
"243744","Stanford University","2020","First major","'99'","Grand total","Bachelor's degree","1697","831","866","5","4","1","377","158","219","117","62","55","278","145","133","2","0","2","595","299","296","143","66","77","13","5","8","167","92","75","-2"
"243744","Stanford University","2020","First major","'99'","Grand total","Master's degree","2372","1311","1061","4","2","2","380","180","200","59","33","26","171","90","81","4","2","2","765","435","330","97","49","48","12","10","2","880","510","370","-2"
"243744","Stanford University","2020","First major","'99'","Grand total","Doctor's degree - research/scholarship","770","496","274","0","0","0","98","53","45","13","7","6","42","25","17","1","1","0","311","193","118","27","17","10","6","5","1","272","195","77","-2"
"243744","Stanford University","2020","First major","'99'","Grand total","Doctor's degree - professional practice","274","140","134","0","0","0","51","24","27","14","10","4","37","19","18","0","0","0","142","76","66","18","6","12","5","1","4","7","4","3","-2"
"243744","Stanford University","2020","Second major","'99'","Grand total","Bachelor's degree","74","33","41","1","1","0","12","3","9","4","1","3","9","3","6","0","0","0","29","10","19","6","5","1","0","0","0","13","10","3","-2"
"243780","Purdue University-Main Campus","2020","First major","'99'","Grand total","Associate's degree","61","19","42","0","0","0","1","0","1","1","1","0","1","1","0","0","0","0","57","17","40","1","0","1","0","0","0","0","0","0","-2"
"243780","Purdue University-Main Campus","2020","First major","'99'","Grand total","Bachelor's degree","7688","4366","3322","6","3","3","585","382","203","228","112","116","379","196","183","7","5","2","4794","2614","2180","215","112","103","223","138","85","1251","804","447","-2"
"243780","Purdue University-Main Campus","2020","First major","'99'","Grand total","Master's degree","2284","1224","1060","1","1","0","115","64","51","74","28","46","96","46","50","1","1","0","1084","522","562","39","17","22","21","9","12","853","536","317","-2"
"243780","Purdue University-Main Campus","2020","First major","'99'","Grand total","Doctor's degree - research/scholarship","796","531","265","1","0","1","37","21","16","17","8","9","27","12","15","1","1","0","234","143","91","8","5","3","13","7","6","458","334","124","-2"
"243780","Purdue University-Main Campus","2020","First major","'99'","Grand total","Doctor's degree - professional practice","240","60","180","0","0","0","25","3","22","4","1","3","7","3","4","0","0","0","165","44","121","6","2","4","30","6","24","3","1","2","-2"
"243780","Purdue University-Main Campus","2020","Second major","'99'","Grand total","Bachelor's degree","271","154","117","1","0","1","15","12","3","9","2","7","11","7","4","1","1","0","161","97","64","9","4","5","12","7","5","52","24","28","-2"
"243823","Parker University","2020","First major","'99'","Grand total","Associate's degree","98","20","78","0","0","0","7","3","4","28","5","23","17","4","13","1","0","1","37","7","30","2","0","2","6","1","5","0","0","0","-2"
"243823","Parker University","2020","First major","'99'","Grand total","Bachelor's degree","154","79","75","2","2","0","3","3","0","27","11","16","31","21","10","0","0","0","88","40","48","1","0","1","2","2","0","0","0","0","-2"
"243823","Parker University","2020","First major","'99'","Grand total","Master's degree","23","12","11","0","0","0","0","0","0","5","2","3","2","0","2","0","0","0","15","9","6","0","0","0","1","1","0","0","0","0","-2"
"243823","Parker University","2020","First major","'99'","Grand total","Doctor's degree - professional practice","205","119","86","2","2","0","8","6","2","22","10","12","37","20","17","0","0","0","127","73","54","4","3","1","3","3","0","2","2","0","-2"
"243832","EDP University of Puerto Rico Inc-San Juan","2020","First major","'99'","Grand total","Associate's degree","276","90","186","0","0","0","0","0","0","0","0","0","276","90","186","0","0","0","0","0","0","0","0","0","0","0","0","0","0","0","-2"
"243832","EDP University of Puerto Rico Inc-San Juan","2020","First major","'99'","Grand total","Bachelor's degree","78","27","51","0","0","0","0","0","0","0","0","0","78","27","51","0","0","0","0","0","0","0","0","0","0","0","0","0","0","0","-2"
"243832","EDP University of Puerto Rico Inc-San Juan","2020","First major","'99'","Grand total","Master's degree","43","19","24","0","0","0","0","0","0","0","0","0","43","19","24","0","0","0","0","0","0","0","0","0","0","0","0","0","0","0","-2"
"243841","ICPR Junior College","2020","First major","'99'","Grand total","Associate's degree","24","4","20","0","0","0","0","0","0","0","0","0","24","4","20","0","0","0","0","0","0","0","0","0","0","0","0","0","0","0","-2"
"244233","City College-Fort Lauderdale","2020","First major","'99'","Grand total","Associate's degree","49","12","37","0","0","0","0","0","0","28","8","20","11","1","10","0","0","0","9","3","6","1","0","1","0","0","0","0","0","0","-2"
"244233","City College-Fort Lauderdale","2020","First major","'99'","Grand total","Bachelor's degree","33","11","22","0","0","0","0","0","0","14","3","11","5","2","3","0","0","0","13","6","7","1","0","1","0","0","0","0","0","0","-2"
"244279","Meridian College","2020","First major","'99'","Grand total","Associate's degree","27","2","25","0","0","0","0","0","0","5","0","5","5","0","5","1","0","1","16","2","14","0","0","0","0","0","0","0","0","0","-2"
"244437","Georgia State University-Perimeter College","2020","First major","'99'","Grand total","Associate's degree","2411","787","1624","4","1","3","222","91","131","1060","292","768","288","79","209","2","1","1","514","215","299","150","46","104","8","2","6","163","60","103","-2"
"244437","Georgia State University-Perimeter College","2020","Second major","'99'","Grand total","Associate's degree","6","1","5","0","0","0","0","0","0","3","1","2","0","0","0","0","0","0","2","0","2","0","0","0","0","0","0","1","0","1","-2"
"244446","Georgia Piedmont Technical College","2020","First major","'99'","Grand total","Associate's degree","268","103","165","1","0","1","12","6","6","201","72","129","14","2","12","1","0","1","23","14","9","8","5","3","3","3","0","5","1","4","-2"
"245625","Warren County Community College","2020","First major","'99'","Grand total","Associate's degree","190","62","128","0","0","0","1","0","1","10","3","7","25","6","19","0","0","0","147","50","97","6","2","4","1","1","0","0","0","0","-2"
"245652","St. John's College","2020","First major","'99'","Grand total","Bachelor's degree","74","41","33","0","0","0","2","1","1","0","0","0","10","7","3","0","0","0","38","21","17","4","2","2","0","0","0","20","10","10","-2"
"245652","St. John's College","2020","First major","'99'","Grand total","Master's degree","35","20","15","0","0","0","2","1","1","0","0","0","3","1","2","0","0","0","25","16","9","1","0","1","0","0","0","4","2","2","-2"
"245777","Bais Medrash Elyon","2020","First major","'99'","Grand total","Bachelor's degree","8","8","0","0","0","0","0","0","0","0","0","0","0","0","0","0","0","0","8","8","0","0","0","0","0","0","0","0","0","0","-2"
"245838","Antioch University-Los Angeles","2020","First major","'99'","Grand total","Bachelor's degree","44","7","37","0","0","0","0","0","0","2","0","2","7","3","4","0","0","0","24","1","23","4","1","3","6","2","4","1","0","1","-2"
"245838","Antioch University-Los Angeles","2020","First major","'99'","Grand total","Master's degree","275","69","206","1","0","1","7","3","4","29","9","20","49","4","45","0","0","0","135","33","102","10","5","5","40","15","25","4","0","4","-2"
"245847","Antioch University-Santa Barbara","2020","First major","'99'","Grand total","Bachelor's degree","33","10","23","0","0","0","0","0","0","0","0","0","10","1","9","0","0","0","12","3","9","0","0","0","4","2","2","7","4","3","-2"
"245847","Antioch University-Santa Barbara","2020","First major","'99'","Grand total","Master's degree","91","25","66","0","0","0","1","0","1","4","1","3","26","8","18","0","0","0","47","14","33","4","0","4","8","2","6","1","0","1","-2"
"245847","Antioch University-Santa Barbara","2020","First major","'99'","Grand total","Doctor's degree - professional practice","7","5","2","0","0","0","0","0","0","0","0","0","0","0","0","0","0","0","4","4","0","0","0","0","1","0","1","2","1","1","-2"
"245865","Antioch University-New England","2020","First major","'99'","Grand total","Master's degree","172","35","137","1","0","1","1","1","0","3","0","3","11","3","8","1","0","1","118","22","96","5","3","2","26","4","22","6","2","4","-2"
"245865","Antioch University-New England","2020","First major","'99'","Grand total","Doctor's degree - research/scholarship","9","3","6","0","0","0","0","0","0","0","0","0","0","0","0","0","0","0","6","0","6","0","0","0","0","0","0","3","3","0","-2"
"245865","Antioch University-New England","2020","First major","'99'","Grand total","Doctor's degree - professional practice","28","4","24","1","0","1","0","0","0","4","1","3","0","0","0","0","0","0","19","2","17","0","0","0","4","1","3","0","0","0","-2"
"245883","Antioch University-Seattle","2020","First major","'99'","Grand total","Bachelor's degree","16","5","11","0","0","0","0","0","0","0","0","0","1","0","1","0","0","0","12","3","9","2","2","0","1","0","1","0","0","0","-2"
"245883","Antioch University-Seattle","2020","First major","'99'","Grand total","Master's degree","141","23","118","2","0","2","7","2","5","7","2","5","13","1","12","0","0","0","84","13","71","7","1","6","19","3","16","2","1","1","-2"
"245883","Antioch University-Seattle","2020","First major","'99'","Grand total","Doctor's degree - professional practice","12","3","9","0","0","0","0","0","0","0","0","0","0","0","0","0","0","0","7","2","5","2","1","1","1","0","1","2","0","2","-2"
"245892","Antioch University-Midwest","2020","First major","'99'","Grand total","Bachelor's degree","4","1","3","0","0","0","0","0","0","1","1","0","0","0","0","0","0","0","3","0","3","0","0","0","0","0","0","0","0","0","-2"
"245892","Antioch University-Midwest","2020","First major","'99'","Grand total","Master's degree","10","3","7","0","0","0","1","0","1","0","0","0","0","0","0","0","0","0","8","2","6","0","0","0","0","0","0","1","1","0","-2"
"245953","Mid-America Christian University","2020","First major","'99'","Grand total","Associate's degree","34","15","19","1","1","0","0","0","0","3","0","3","15","5","10","0","0","0","11","6","5","1","0","1","0","0","0","3","3","0","-2"
"245953","Mid-America Christian University","2020","First major","'99'","Grand total","Bachelor's degree","338","141","197","16","7","9","7","2","5","40","10","30","82","30","52","0","0","0","150","63","87","7","4","3","21","11","10","15","14","1","-2"
"245953","Mid-America Christian University","2020","First major","'99'","Grand total","Master's degree","129","39","90","6","2","4","0","0","0","30","9","21","41","19","22","1","0","1","42","9","33","6","0","6","2","0","2","1","0","1","-2"
"245962","Platt College","2020","First major","'99'","Grand total","Associate's degree","0","0","0","0","0","0","0","0","0","0","0","0","0","0","0","0","0","0","0","0","0","0","0","0","0","0","0","0","0","0","-2"
"246345","Houston Graduate School of Theology","2020","First major","'99'","Grand total","Master's degree","18","6","12","0","0","0","0","0","0","11","2","9","3","3","0","0","0","0","4","1","3","0","0","0","0","0","0","0","0","0","-2"
"246345","Houston Graduate School of Theology","2020","First major","'99'","Grand total","Doctor's degree - professional practice","5","3","2","0","0","0","0","0","0","4","2","2","0","0","0","0","0","0","1","1","0","0","0","0","0","0","0","0","0","0","-2"
"246354","Palo Alto College","2020","First major","'99'","Grand total","Associate's degree","1562","494","1068","3","1","2","2","1","1","28","15","13","1315","404","911","0","0","0","201","67","134","13","6","7","0","0","0","0","0","0","-2"
"246789","Unification Theological Seminary","2020","First major","'99'","Grand total","Master's degree","10","4","6","0","0","0","3","0","3","3","2","1","0","0","0","0","0","0","1","1","0","0","0","0","0","0","0","3","1","2","-2"
"246789","Unification Theological Seminary","2020","First major","'99'","Grand total","Doctor's degree - professional practice","2","1","1","0","0","0","1","0","1","0","0","0","0","0","0","0","0","0","0","0","0","0","0","0","0","0","0","1","1","0","-2"
"246813","Athens Technical College","2020","First major","'99'","Grand total","Associate's degree","511","166","345","1","0","1","20","10","10","61","16","45","33","11","22","1","1","0","365","118","247","4","1","3","20","5","15","6","4","2","-2"
"246974","Carrington College-San Leandro Campus","2020","First major","'99'","Grand total","Associate's degree","18","1","17","0","0","0","2","0","2","0","0","0","11","0","11","0","0","0","4","1","3","0","0","0","1","0","1","0","0","0","-2"
"247065","Beckfield College-Florence","2020","First major","'99'","Grand total","Associate's degree","138","15","123","0","0","0","1","0","1","12","3","9","0","0","0","0","0","0","123","12","111","1","0","1","1","0","1","0","0","0","-2"
"247065","Beckfield College-Florence","2020","First major","'99'","Grand total","Bachelor's degree","27","3","24","0","0","0","1","0","1","5","0","5","0","0","0","0","0","0","21","3","18","0","0","0","0","0","0","0","0","0","-2"
"247162","Ecumenical Theological Seminary","2020","First major","'99'","Grand total","Master's degree","7","3","4","0","0","0","0","0","0","4","3","1","1","0","1","0","0","0","1","0","1","0","0","0","0","0","0","1","0","1","-2"
"247162","Ecumenical Theological Seminary","2020","First major","'99'","Grand total","Doctor's degree - research/scholarship","8","4","4","0","0","0","0","0","0","4","2","2","0","0","0","0","0","0","4","2","2","0","0","0","0","0","0","0","0","0","-2"
"247603","Sussex County Community College","2020","First major","'99'","Grand total","Associate's degree","400","185","215","0","0","0","10","4","6","9","3","6","10","3","7","0","0","0","336","162","174","6","4","2","21","5","16","8","4","4","-2"
"247649","Landmark College","2020","First major","'99'","Grand total","Associate's degree","56","38","18","0","0","0","3","2","1","3","3","0","2","2","0","0","0","0","41","27","14","0","0","0","7","4","3","0","0","0","-2"
"247649","Landmark College","2020","First major","'99'","Grand total","Bachelor's degree","24","15","9","0","0","0","0","0","0","1","1","0","1","1","0","0","0","0","16","10","6","1","1","0","4","1","3","1","1","0","-2"
"247773","Yeshiva Gedolah of Greater Detroit","2020","First major","'99'","Grand total","Bachelor's degree","3","3","0","0","0","0","0","0","0","0","0","0","0","0","0","0","0","0","3","3","0","0","0","0","0","0","0","0","0","0","-2"
"247773","Yeshiva Gedolah of Greater Detroit","2020","First major","'99'","Grand total","Master's degree","2","2","0","0","0","0","0","0","0","0","0","0","0","0","0","0","0","0","2","2","0","0","0","0","0","0","0","0","0","0","-2"
"247773","Yeshiva Gedolah of Greater Detroit","2020","First major","'99'","Grand total","Doctor's degree - research/scholarship","0","0","0","0","0","0","0","0","0","0","0","0","0","0","0","0","0","0","0","0","0","0","0","0","0","0","0","0","0","0","-2"
"247825","Austin Graduate School of Theology","2020","First major","'99'","Grand total","Bachelor's degree","6","4","2","0","0","0","0","0","0","0","0","0","2","2","0","0","0","0","4","2","2","0","0","0","0","0","0","0","0","0","-2"
"247825","Austin Graduate School of Theology","2020","First major","'99'","Grand total","Master's degree","3","1","2","0","0","0","1","1","0","1","0","1","0","0","0","0","0","0","1","0","1","0","0","0","0","0","0","0","0","0","-2"
"247834","Collin County Community College District","2020","First major","'99'","Grand total","Associate's degree","3892","1571","2321","17","7","10","430","187","243","401","139","262","784","294","490","3","0","3","1896","809","1087","170","63","107","54","20","34","137","52","85","-2"
"247834","Collin County Community College District","2020","First major","'99'","Grand total","Bachelor's degree","0","0","0","0","0","0","0","0","0","0","0","0","0","0","0","0","0","0","0","0","0","0","0","0","0","0","0","0","0","0","-2"
"247940","Owensboro Community and Technical College","2020","First major","'99'","Grand total","Associate's degree","743","302","441","0","0","0","10","5","5","18","13","5","17","9","8","0","0","0","673","266","407","22","7","15","3","2","1","0","0","0","-2"
"248934","ECPI University","2020","First major","'99'","Grand total","Associate's degree","1921","632","1289","10","4","6","77","22","55","702","204","498","234","78","156","6","2","4","820","298","522","64","18","46","8","6","2","0","0","0","-2"
"248934","ECPI University","2020","First major","'99'","Grand total","Bachelor's degree","1144","672","472","11","6","5","69","41","28","311","160","151","124","71","53","11","6","5","581","372","209","35","16","19","2","0","2","0","0","0","-2"
"248934","ECPI University","2020","First major","'99'","Grand total","Master's degree","149","81","68","2","0","2","11","8","3","35","15","20","14","8","6","1","1","0","79","44","35","3","2","1","0","0","0","4","3","1","-2"
"249609","Fortis Institute-Forty Fort","2020","First major","'99'","Grand total","Associate's degree","18","3","15","0","0","0","0","0","0","1","1","0","3","0","3","0","0","0","14","2","12","0","0","0","0","0","0","0","0","0","-2"
"250027","Laurel Business Institute","2020","First major","'99'","Grand total","Associate's degree","57","33","24","1","0","1","0","0","0","2","2","0","0","0","0","0","0","0","54","31","23","0","0","0","0","0","0","0","0","0","-2"
"251260","Southern Union State Community College","2020","First major","'99'","Grand total","Associate's degree","649","218","431","2","0","2","8","3","5","115","19","96","15","6","9","1","0","1","480","180","300","12","3","9","13","4","9","3","3","0","-2"
"251312","South University-Columbia","2020","First major","'99'","Grand total","Associate's degree","40","4","36","0","0","0","1","0","1","16","0","16","3","0","3","0","0","0","19","4","15","0","0","0","1","0","1","0","0","0","-2"
"251312","South University-Columbia","2020","First major","'99'","Grand total","Bachelor's degree","86","17","69","2","0","2","2","0","2","58","12","46","4","0","4","1","0","1","17","4","13","0","0","0","2","1","1","0","0","0","-2"
"251312","South University-Columbia","2020","First major","'99'","Grand total","Master's degree","97","25","72","1","0","1","0","0","0","73","15","58","8","4","4","0","0","0","14","6","8","0","0","0","1","0","1","0","0","0","-2"
"251312","South University-Columbia","2020","First major","'99'","Grand total","Doctor's degree - professional practice","36","7","29","0","0","0","3","1","2","15","2","13","3","1","2","0","0","0","15","3","12","0","0","0","0","0","0","0","0","0","-2"
"260372","Lac Courte Oreilles Ojibwe College","2020","First major","'99'","Grand total","Associate's degree","35","9","26","22","3","19","0","0","0","10","3","7","0","0","0","0","0","0","3","3","0","0","0","0","0","0","0","0","0","0","-2"
"260691","Pima Medical Institute-Mesa","2020","First major","'99'","Grand total","Associate's degree","186","56","130","4","2","2","10","4","6","12","3","9","29","10","19","0","0","0","121","34","87","9","2","7","1","1","0","0","0","0","-2"
"260789","Platt College-Los Angeles","2020","First major","'99'","Grand total","Associate's degree","228","68","160","0","0","0","38","15","23","12","4","8","135","42","93","2","1","1","23","2","21","13","2","11","5","2","3","0","0","0","-2"
"260789","Platt College-Los Angeles","2020","First major","'99'","Grand total","Bachelor's degree","37","10","27","0","0","0","5","3","2","2","0","2","21","5","16","1","0","1","4","2","2","4","0","4","0","0","0","0","0","0","-2"
"260813","Platt College-Aurora","2020","First major","'99'","Grand total","Bachelor's degree","66","10","56","1","0","1","1","0","1","4","0","4","6","0","6","0","0","0","51","9","42","2","1","1","1","0","1","0","0","0","-2"
"260992","Northwestern College","2020","First major","'99'","Grand total","Associate's degree","112","12","100","0","0","0","3","2","1","52","7","45","24","3","21","0","0","0","29","0","29","0","0","0","4","0","4","0","0","0","-2"
"260992","Northwestern College","2020","First major","'99'","Grand total","Bachelor's degree","4","0","4","0","0","0","1","0","1","1","0","1","0","0","0","0","0","0","2","0","2","0","0","0","0","0","0","0","0","0","-2"
"261861","West Virginia Junior College-United Career Institute","2020","First major","'99'","Grand total","Associate's degree","26","2","24","0","0","0","0","0","0","2","0","2","0","0","0","0","0","0","22","2","20","2","0","2","0","0","0","0","0","0","-2"
"262022","Bethel Seminary-San Diego","2020","First major","'99'","Grand total","Master's degree","15","5","10","0","0","0","2","0","2","1","1","0","2","0","2","0","0","0","9","4","5","1","0","1","0","0","0","0","0","0","-2"
"262031","St Charles Community College","2020","First major","'99'","Grand total","Associate's degree","804","327","477","0","0","0","16","3","13","37","14","23","32","17","15","1","0","1","646","256","390","33","16","17","32","16","16","7","5","2","-2"
"262086","Brandman University","2020","First major","'99'","Grand total","Associate's degree","135","60","75","1","0","1","1","1","0","16","8","8","17","7","10","0","0","0","88","39","49","6","2","4","6","3","3","0","0","0","-2"
"262086","Brandman University","2020","First major","'99'","Grand total","Bachelor's degree","1179","409","770","8","5","3","48","21","27","110","47","63","259","77","182","19","10","9","617","207","410","28","12","16","90","30","60","0","0","0","-2"
"262086","Brandman University","2020","First major","'99'","Grand total","Master's degree","1416","458","958","20","5","15","91","40","51","114","42","72","253","78","175","13","10","3","800","243","557","21","10","11","104","30","74","0","0","0","-2"
"262086","Brandman University","2020","First major","'99'","Grand total","Doctor's degree - research/scholarship","90","25","65","1","1","0","5","1","4","17","9","8","5","0","5","0","0","0","55","10","45","2","1","1","5","3","2","0","0","0","-2"
"262086","Brandman University","2020","First major","'99'","Grand total","Doctor's degree - professional practice","96","15","81","2","0","2","15","4","11","62","8","54","2","0","2","1","0","1","10","1","9","2","2","0","2","0","2","0","0","0","-2"
"262129","New College of Florida","2020","First major","'99'","Grand total","Bachelor's degree","183","72","111","0","0","0","8","3","5","8","2","6","32","9","23","0","0","0","126","56","70","6","1","5","0","0","0","3","1","2","-2"
"262129","New College of Florida","2020","First major","'99'","Grand total","Master's degree","9","6","3","0","0","0","1","0","1","0","0","0","1","0","1","0","0","0","7","6","1","0","0","0","0","0","0","0","0","0","-2"
"262165","Montana Bible College","2020","First major","'99'","Grand total","Bachelor's degree","9","5","4","0","0","0","0","0","0","0","0","0","0","0","0","0","0","0","8","5","3","1","0","1","0","0","0","0","0","0","-2"
"262457","San Joaquin Valley College-Fresno","2020","First major","'99'","Grand total","Associate's degree","50","17","33","1","0","1","2","1","1","2","1","1","32","12","20","0","0","0","9","2","7","1","0","1","3","1","2","0","0","0","-2"
"363439","Hussian College-Daymar College Bowling Green","2020","First major","'99'","Grand total","Associate's degree","21","3","18","0","0","0","0","0","0","4","0","4","1","1","0","0","0","0","15","2","13","1","0","1","0","0","0","0","0","0","-2"
"363439","Hussian College-Daymar College Bowling Green","2020","First major","'99'","Grand total","Bachelor's degree","2","0","2","0","0","0","0","0","0","1","0","1","0","0","0","0","0","0","1","0","1","0","0","0","0","0","0","0","0","0","-2"
"363633","Luna Community College","2020","First major","'99'","Grand total","Associate's degree","47","14","33","0","0","0","0","0","0","2","2","0","38","10","28","0","0","0","7","2","5","0","0","0","0","0","0","0","0","0","-2"
"363712","Yeshivah Gedolah Rabbinical College","2020","First major","'99'","Grand total","Bachelor's degree","3","3","0","0","0","0","0","0","0","0","0","0","0","0","0","0","0","0","3","3","0","0","0","0","0","0","0","0","0","0","-2"
"363712","Yeshivah Gedolah Rabbinical College","2020","First major","'99'","Grand total","Master's degree","0","0","0","0","0","0","0","0","0","0","0","0","0","0","0","0","0","0","0","0","0","0","0","0","0","0","0","0","0","0","-2"
"363721","University of the District of Columbia-David A Clarke School of Law","2020","First major","'99'","Grand total","Doctor's degree - professional practice","78","24","54","0","0","0","8","2","6","33","7","26","10","2","8","0","0","0","20","10","10","3","2","1","3","1","2","1","0","1","-2"
"363907","Caribbean University-Ponce","2020","First major","'99'","Grand total","Associate's degree","6","2","4","0","0","0","0","0","0","0","0","0","6","2","4","0","0","0","0","0","0","0","0","0","0","0","0","0","0","0","-2"
"363907","Caribbean University-Ponce","2020","First major","'99'","Grand total","Bachelor's degree","35","10","25","0","0","0","0","0","0","0","0","0","35","10","25","0","0","0","0","0","0","0","0","0","0","0","0","0","0","0","-2"
"363907","Caribbean University-Ponce","2020","First major","'99'","Grand total","Master's degree","31","6","25","0","0","0","0","0","0","0","0","0","31","6","25","0","0","0","0","0","0","0","0","0","0","0","0","0","0","0","-2"
"363907","Caribbean University-Ponce","2020","First major","'99'","Grand total","Doctor's degree - research/scholarship","11","0","11","0","0","0","0","0","0","0","0","0","11","0","11","0","0","0","0","0","0","0","0","0","0","0","0","0","0","0","-2"
"363916","Caribbean University-Vega Baja","2020","First major","'99'","Grand total","Associate's degree","2","0","2","0","0","0","0","0","0","0","0","0","2","0","2","0","0","0","0","0","0","0","0","0","0","0","0","0","0","0","-2"
"363916","Caribbean University-Vega Baja","2020","First major","'99'","Grand total","Bachelor's degree","16","0","16","0","0","0","0","0","0","0","0","0","16","0","16","0","0","0","0","0","0","0","0","0","0","0","0","0","0","0","-2"
"363916","Caribbean University-Vega Baja","2020","First major","'99'","Grand total","Master's degree","5","0","5","0","0","0","0","0","0","0","0","0","5","0","5","0","0","0","0","0","0","0","0","0","0","0","0","0","0","0","-2"
"363934","University of Advancing Technology","2020","First major","'99'","Grand total","Associate's degree","16","15","1","0","0","0","0","0","0","2","2","0","1","1","0","0","0","0","12","11","1","0","0","0","1","1","0","0","0","0","-2"
"363934","University of Advancing Technology","2020","First major","'99'","Grand total","Bachelor's degree","89","73","16","0","0","0","1","0","1","9","8","1","11","8","3","0","0","0","48","39","9","12","12","0","8","6","2","0","0","0","-2"
"363934","University of Advancing Technology","2020","First major","'99'","Grand total","Master's degree","13","10","3","0","0","0","0","0","0","3","3","0","1","1","0","0","0","0","8","5","3","0","0","0","1","1","0","0","0","0","-2"
"364016","Paradise Valley Community College","2020","First major","'99'","Grand total","Associate's degree","766","316","450","15","4","11","9","3","6","21","8","13","151","50","101","0","0","0","482","212","270","29","14","15","55","24","31","4","1","3","-2"
"364025","Chandler-Gilbert Community College","2020","First major","'99'","Grand total","Associate's degree","1271","549","722","25","2","23","76","38","38","30","14","16","320","113","207","2","1","1","700","330","370","62","21","41","41","22","19","15","8","7","-2"
"365204","Vista College","2020","First major","'99'","Grand total","Associate's degree","219","121","98","2","2","0","4","4","0","50","29","21","94","47","47","1","1","0","52","30","22","6","3","3","10","5","5","0","0","0","-2"
"366003","South Florida Bible College and Theological Seminary","2020","First major","'99'","Grand total","Associate's degree","23","6","17","0","0","0","0","0","0","5","3","2","2","0","2","0","0","0","1","1","0","0","0","0","0","0","0","15","2","13","-2"
"366003","South Florida Bible College and Theological Seminary","2020","First major","'99'","Grand total","Bachelor's degree","12","5","7","0","0","0","0","0","0","2","0","2","2","1","1","0","0","0","4","3","1","0","0","0","0","0","0","4","1","3","-2"
"366003","South Florida Bible College and Theological Seminary","2020","First major","'99'","Grand total","Master's degree","16","3","13","0","0","0","0","0","0","1","0","1","1","0","1","0","0","0","0","0","0","0","0","0","1","0","1","13","3","10","-2"
"366003","South Florida Bible College and Theological Seminary","2020","First major","'99'","Grand total","Doctor's degree - professional practice","0","0","0","0","0","0","0","0","0","0","0","0","0","0","0","0","0","0","0","0","0","0","0","0","0","0","0","0","0","0","-2"
"366003","South Florida Bible College and Theological Seminary","2020","First major","'99'","Grand total","Doctor's degree - other","0","0","0","0","0","0","0","0","0","0","0","0","0","0","0","0","0","0","0","0","0","0","0","0","0","0","0","0","0","0","-2"
"366252","Pennsylvania College of Technology","2020","First major","'99'","Grand total","Associate's degree","800","533","267","0","0","0","3","1","2","14","10","4","25","13","12","0","0","0","739","495","244","14","10","4","5","4","1","0","0","0","-2"
"366252","Pennsylvania College of Technology","2020","First major","'99'","Grand total","Bachelor's degree","674","433","241","1","0","1","10","6","4","11","8","3","26","13","13","0","0","0","607","392","215","9","5","4","8","7","1","2","2","0","-2"
"366252","Pennsylvania College of Technology","2020","First major","'99'","Grand total","Master's degree","0","0","0","0","0","0","0","0","0","0","0","0","0","0","0","0","0","0","0","0","0","0","0","0","0","0","0","0","0","0","-2"
"366261","Commonwealth Institute of Funeral Service","2020","First major","'99'","Grand total","Associate's degree","145","54","91","2","1","1","0","0","0","24","11","13","24","5","19","0","0","0","95","37","58","0","0","0","0","0","0","0","0","0","-2"
"366270","Delta College of Arts & Technology","2020","First major","'99'","Grand total","Associate's degree","7","3","4","0","0","0","0","0","0","6","3","3","0","0","0","0","0","0","1","0","1","0","0","0","0","0","0","0","0","0","-2"
"366289","InterCoast Colleges-Santa Ana","2020","First major","'99'","Grand total","Associate's degree","26","6","20","0","0","0","1","0","1","2","1","1","14","2","12","0","0","0","8","3","5","1","0","1","0","0","0","0","0","0","-2"
"366340","Stone Child College","2020","First major","'99'","Grand total","Associate's degree","32","8","24","32","8","24","0","0","0","0","0","0","0","0","0","0","0","0","0","0","0","0","0","0","0","0","0","0","0","0","-2"
"366340","Stone Child College","2020","First major","'99'","Grand total","Bachelor's degree","4","2","2","4","2","2","0","0","0","0","0","0","0","0","0","0","0","0","0","0","0","0","0","0","0","0","0","0","0","0","-2"
"366340","Stone Child College","2020","Second major","'99'","Grand total","Associate's degree","1","0","1","1","0","1","0","0","0","0","0","0","0","0","0","0","0","0","0","0","0","0","0","0","0","0","0","0","0","0","-2"
"366368","New York Academy of Art","2020","First major","'99'","Grand total","Master's degree","45","16","29","1","1","0","4","0","4","1","0","1","5","3","2","0","0","0","27","8","19","0","0","0","1","0","1","6","4","2","-2"
"366395","Suffolk County Community College","2020","First major","'99'","Grand total","Associate's degree","3276","1465","1811","5","2","3","104","48","56","210","75","135","836","341","495","4","2","2","1873","873","1000","52","24","28","181","95","86","11","5","6","-2"
"366401","Las Positas College","2020","First major","'99'","Grand total","Associate's degree","920","390","530","2","1","1","206","88","118","17","12","5","273","91","182","4","0","4","340","168","172","60","24","36","3","3","0","15","3","12","-2"
"366465","Ogeechee Technical College","2020","First major","'99'","Grand total","Associate's degree","224","68","156","0","0","0","0","0","0","57","20","37","14","2","12","0","0","0","150","46","104","2","0","2","0","0","0","1","0","1","-2"
"366535","Remington College-Mobile Campus","2020","First major","'99'","Grand total","Associate's degree","29","12","17","0","0","0","0","0","0","14","5","9","1","0","1","0","0","0","13","7","6","1","0","1","0","0","0","0","0","0","-2"
"366535","Remington College-Mobile Campus","2020","First major","'99'","Grand total","Bachelor's degree","0","0","0","0","0","0","0","0","0","0","0","0","0","0","0","0","0","0","0","0","0","0","0","0","0","0","0","0","0","0","-2"
"366553","Southern Technical College","2020","First major","'99'","Grand total","Associate's degree","152","17","135","0","0","0","1","0","1","37","5","32","42","4","38","0","0","0","62","8","54","8","0","8","2","0","2","0","0","0","-2"
"366553","Southern Technical College","2020","First major","'99'","Grand total","Bachelor's degree","2","0","2","0","0","0","0","0","0","0","0","0","1","0","1","0","0","0","0","0","0","1","0","1","0","0","0","0","0","0","-2"
"366605","Southwest Acupuncture College-Santa Fe","2020","First major","'99'","Grand total","Master's degree","5","3","2","0","0","0","0","0","0","0","0","0","0","0","0","0","0","0","2","1","1","1","1","0","2","1","1","0","0","0","-2"
"366711","California State University-San Marcos","2020","First major","'99'","Grand total","Bachelor's degree","3876","1433","2443","10","4","6","388","151","237","118","56","62","1511","498","1013","7","4","3","1139","451","688","195","67","128","332","124","208","176","78","98","-2"
"366711","California State University-San Marcos","2020","First major","'99'","Grand total","Master's degree","403","116","287","1","0","1","36","16","20","11","5","6","119","20","99","1","1","0","145","41","104","17","6","11","45","12","33","28","15","13","-2"
"366711","California State University-San Marcos","2020","First major","'99'","Grand total","Doctor's degree - other","0","0","0","0","0","0","0","0","0","0","0","0","0","0","0","0","0","0","0","0","0","0","0","0","0","0","0","0","0","0","-2"
"366711","California State University-San Marcos","2020","Second major","'99'","Grand total","Bachelor's degree","73","23","50","2","0","2","4","2","2","2","1","1","43","12","31","0","0","0","12","7","5","2","0","2","2","0","2","6","1","5","-2"
"367103","Interactive College of Technology-Newport","2020","First major","'99'","Grand total","Associate's degree","0","0","0","0","0","0","0","0","0","0","0","0","0","0","0","0","0","0","0","0","0","0","0","0","0","0","0","0","0","0","-2"
"367112","Platt College-McCann-Monroe","2020","First major","'99'","Grand total","Associate's degree","45","8","37","0","0","0","0","0","0","33","6","27","2","1","1","0","0","0","9","1","8","0","0","0","1","0","1","0","0","0","-2"
"367361","Interactive College of Technology","2020","First major","'99'","Grand total","Associate's degree","1","0","1","0","0","0","0","0","0","0","0","0","1","0","1","0","0","0","0","0","0","0","0","0","0","0","0","0","0","0","-2"
"367459","NorthWest Arkansas Community College","2020","First major","'99'","Grand total","Associate's degree","1001","377","624","10","2","8","28","12","16","24","8","16","215","76","139","3","1","2","619","231","388","51","22","29","22","8","14","29","17","12","-2"
"367884","Hodges University","2020","First major","'99'","Grand total","Associate's degree","78","32","46","0","0","0","1","1","0","6","2","4","37","14","23","1","1","0","32","14","18","0","0","0","1","0","1","0","0","0","-2"
"367884","Hodges University","2020","First major","'99'","Grand total","Bachelor's degree","104","48","56","0","0","0","2","1","1","13","4","9","34","14","20","0","0","0","51","28","23","1","0","1","3","1","2","0","0","0","-2"
"367884","Hodges University","2020","First major","'99'","Grand total","Master's degree","74","14","60","0","0","0","1","0","1","13","4","9","17","3","14","0","0","0","42","6","36","1","1","0","0","0","0","0","0","0","-2"
"367954","University of St. Augustine for Health Sciences","2020","First major","'99'","Grand total","Master's degree","423","59","364","1","0","1","36","7","29","24","3","21","57","7","50","3","1","2","193","27","166","12","1","11","96","13","83","1","0","1","-2"
"367954","University of St. Augustine for Health Sciences","2020","First major","'99'","Grand total","Doctor's degree - research/scholarship","11","2","9","0","0","0","0","0","0","0","0","0","0","0","0","0","0","0","10","2","8","1","0","1","0","0","0","0","0","0","-2"
"367954","University of St. Augustine for Health Sciences","2020","First major","'99'","Grand total","Doctor's degree - professional practice","904","382","522","2","0","2","125","73","52","54","17","37","125","60","65","3","3","0","498","186","312","42","23","19","54","19","35","1","1","0","-2"
"367954","University of St. Augustine for Health Sciences","2020","First major","'99'","Grand total","Doctor's degree - other","4","3","1","0","0","0","0","0","0","1","1","0","0","0","0","0","0","0","3","2","1","0","0","0","0","0","0","0","0","0","-2"
"368443","Hussian College-Daymar College Clarksville","2020","First major","'99'","Grand total","Associate's degree","128","31","97","1","0","1","2","1","1","53","13","40","10","3","7","1","0","1","49","12","37","7","1","6","2","0","2","3","1","2","-2"
"368443","Hussian College-Daymar College Clarksville","2020","First major","'99'","Grand total","Bachelor's degree","29","9","20","0","0","0","0","0","0","10","2","8","1","1","0","0","0","0","14","5","9","1","0","1","2","1","1","1","0","1","-2"
"368452","Nossi College of Art","2020","First major","'99'","Grand total","Associate's degree","19","7","12","0","0","0","0","0","0","2","1","1","0","0","0","0","0","0","17","6","11","0","0","0","0","0","0","0","0","0","-2"
"368452","Nossi College of Art","2020","First major","'99'","Grand total","Bachelor's degree","43","16","27","0","0","0","0","0","0","2","1","1","3","2","1","0","0","0","37","13","24","1","0","1","0","0","0","0","0","0","-2"
"368629","Pima Medical Institute-Seattle","2020","First major","'99'","Grand total","Associate's degree","94","31","63","1","1","0","7","4","3","1","0","1","10","5","5","1","0","1","62","17","45","11","4","7","1","0","1","0","0","0","-2"
"368911","Southeastern Technical College","2020","First major","'99'","Grand total","Associate's degree","131","24","107","0","0","0","1","0","1","15","1","14","7","2","5","0","0","0","108","21","87","0","0","0","0","0","0","0","0","0","-2"
"369002","Massachusetts School of Law","2020","First major","'99'","Grand total","Doctor's degree - professional practice","71","33","38","0","0","0","7","5","2","13","6","7","7","4","3","0","0","0","44","18","26","0","0","0","0","0","0","0","0","0","-2"
"369400","Universal Technical Institute-Auto Motorcycle & Marine Mechanics Institute Division-Orlando","2020","First major","'99'","Grand total","Associate's degree","157","151","6","1","1","0","2","2","0","25","24","1","48","47","1","2","2","0","65","61","4","12","12","0","2","2","0","0","0","0","-2"
"369455","Worsham College of Mortuary Science","2020","First major","'99'","Grand total","Associate's degree","48","15","33","1","0","1","1","0","1","6","0","6","5","1","4","0","0","0","35","14","21","0","0","0","0","0","0","0","0","0","-2"
"369516","Bryan University","2020","First major","'99'","Grand total","Associate's degree","66","18","48","0","0","0","1","0","1","7","2","5","5","2","3","1","0","1","47","11","36","2","2","0","3","1","2","0","0","0","-2"
"369516","Bryan University","2020","First major","'99'","Grand total","Bachelor's degree","19","2","17","1","0","1","1","1","0","4","0","4","3","0","3","1","0","1","8","1","7","0","0","0","1","0","1","0","0","0","-2"
"369516","Bryan University","2020","First major","'99'","Grand total","Master's degree","3","1","2","0","0","0","0","0","0","0","0","0","0","0","0","0","0","0","1","0","1","0","0","0","2","1","1","0","0","0","-2"
"369659","Oregon College of Oriental Medicine","2020","First major","'99'","Grand total","Master's degree","44","15","29","0","0","0","3","2","1","0","0","0","2","1","1","0","0","0","35","11","24","3","0","3","0","0","0","1","1","0","-2"
"369659","Oregon College of Oriental Medicine","2020","First major","'99'","Grand total","Doctor's degree - other","7","2","5","0","0","0","2","0","2","0","0","0","0","0","0","0","0","0","5","2","3","0","0","0","0","0","0","0","0","0","-2"
"369668","Central Pennsylvania Institute of Science and Technology","2020","First major","'99'","Grand total","Associate's degree","8","8","0","0","0","0","1","1","0","0","0","0","0","0","0","0","0","0","7","7","0","0","0","0","0","0","0","0","0","0","-2"
"371964","National Career Education","2020","First major","'99'","Grand total","Associate's degree","8","1","7","0","0","0","0","0","0","0","0","0","3","0","3","0","0","0","3","0","3","2","1","1","0","0","0","0","0","0","-2"
"372073","Fremont College","2020","First major","'99'","Grand total","Associate's degree","45","14","31","0","0","0","3","2","1","11","4","7","24","5","19","0","0","0","3","2","1","1","0","1","3","1","2","0","0","0","-2"
"372073","Fremont College","2020","First major","'99'","Grand total","Bachelor's degree","20","5","15","0","0","0","4","2","2","4","1","3","7","1","6","0","0","0","2","1","1","2","0","2","1","0","1","0","0","0","-2"
"372073","Fremont College","2020","First major","'99'","Grand total","Master's degree","23","4","19","0","0","0","0","0","0","7","2","5","9","1","8","0","0","0","3","0","3","1","0","1","3","1","2","0","0","0","-2"
"372329","IBMC College","2020","First major","'99'","Grand total","Associate's degree","40","1","39","0","0","0","0","0","0","0","0","0","24","0","24","0","0","0","15","1","14","1","0","1","0","0","0","0","0","0","-2"
"372921","Fortis College-Smyrna","2020","First major","'99'","Grand total","Associate's degree","60","3","57","1","0","1","0","0","0","34","2","32","16","0","16","0","0","0","5","0","5","3","0","3","1","1","0","0","0","0","-2"
"373085","Ross College-Quad Cities","2020","First major","'99'","Grand total","Associate's degree","16","2","14","0","0","0","0","0","0","2","0","2","3","1","2","0","0","0","11","1","10","0","0","0","0","0","0","0","0","0","-2"
"374024","Adler Graduate School","2020","First major","'99'","Grand total","Master's degree","125","16","109","2","1","1","6","1","5","9","2","7","4","1","3","0","0","0","104","11","93","0","0","0","0","0","0","0","0","0","-2"
"375230","Yeshiva Gedolah Imrei Yosef D'spinka","2020","First major","'99'","Grand total","Bachelor's degree","21","21","0","0","0","0","0","0","0","0","0","0","0","0","0","0","0","0","21","21","0","0","0","0","0","0","0","0","0","0","-2"
"375416","Remington College-Cleveland Campus","2020","First major","'99'","Grand total","Associate's degree","65","13","52","0","0","0","1","1","0","48","7","41","5","0","5","0","0","0","10","5","5","1","0","1","0","0","0","0","0","0","-2"
"375939","YTI Career Institute-Altoona","2020","First major","'99'","Grand total","Associate's degree","20","3","17","0","0","0","1","0","1","0","0","0","0","0","0","0","0","0","19","3","16","0","0","0","0","0","0","0","0","0","-2"
"376224","CEM College-Humacao","2020","First major","'99'","Grand total","Associate's degree","24","5","19","0","0","0","0","0","0","0","0","0","24","5","19","0","0","0","0","0","0","0","0","0","0","0","0","0","0","0","-2"
"376224","CEM College-Humacao","2020","First major","'99'","Grand total","Bachelor's degree","53","8","45","0","0","0","0","0","0","0","0","0","53","8","45","0","0","0","0","0","0","0","0","0","0","0","0","0","0","0","-2"
"376321","EDIC College","2020","First major","'99'","Grand total","Associate's degree","172","46","126","0","0","0","0","0","0","0","0","0","172","46","126","0","0","0","0","0","0","0","0","0","0","0","0","0","0","0","-2"
"376321","EDIC College","2020","First major","'99'","Grand total","Bachelor's degree","17","4","13","0","0","0","0","0","0","0","0","0","17","4","13","0","0","0","0","0","0","0","0","0","0","0","0","0","0","0","-2"
"376385","Universal Technology College of Puerto Rico","2020","First major","'99'","Grand total","Associate's degree","76","17","59","0","0","0","0","0","0","0","0","0","76","17","59","0","0","0","0","0","0","0","0","0","0","0","0","0","0","0","-2"
"376385","Universal Technology College of Puerto Rico","2020","First major","'99'","Grand total","Bachelor's degree","41","8","33","0","0","0","0","0","0","0","0","0","41","8","33","0","0","0","0","0","0","0","0","0","0","0","0","0","0","0","-2"
"376695","College of the Marshall Islands","2020","First major","'99'","Grand total","Associate's degree","136","71","65","0","0","0","1","1","0","0","0","0","0","0","0","135","70","65","0","0","0","0","0","0","0","0","0","0","0","0","-2"
"376695","College of the Marshall Islands","2020","First major","'99'","Grand total","Bachelor's degree","7","5","2","0","0","0","0","0","0","0","0","0","0","0","0","7","5","2","0","0","0","0","0","0","0","0","0","0","0","0","-2"
"376695","College of the Marshall Islands","2020","Second major","'99'","Grand total","Associate's degree","4","2","2","0","0","0","0","0","0","0","0","0","0","0","0","4","2","2","0","0","0","0","0","0","0","0","0","0","0","0","-2"
"377111","Remington College-Fort Worth Campus","2020","First major","'99'","Grand total","Associate's degree","53","15","38","0","0","0","0","0","0","25","7","18","13","4","9","0","0","0","12","4","8","3","0","3","0","0","0","0","0","0","-2"
"377111","Remington College-Fort Worth Campus","2020","First major","'99'","Grand total","Bachelor's degree","5","1","4","1","1","0","0","0","0","2","0","2","1","0","1","0","0","0","0","0","0","1","0","1","0","0","0","0","0","0","-2"
"377218","School of Automotive Machinists & Technology","2020","First major","'99'","Grand total","Associate's degree","16","16","0","1","1","0","0","0","0","2","2","0","3","3","0","0","0","0","10","10","0","0","0","0","0","0","0","0","0","0","-2"
"377342","Vista College-Online","2020","First major","'99'","Grand total","Associate's degree","119","24","95","3","1","2","0","0","0","36","9","27","21","3","18","0","0","0","41","6","35","5","2","3","13","3","10","0","0","0","-2"
"377342","Vista College-Online","2020","First major","'99'","Grand total","Bachelor's degree","44","11","33","0","0","0","0","0","0","21","7","14","10","2","8","1","1","0","8","1","7","0","0","0","4","0","4","0","0","0","-2"
"377449","Centura College-Newport News","2020","First major","'99'","Grand total","Associate's degree","25","5","20","0","0","0","0","0","0","15","5","10","3","0","3","0","0","0","5","0","5","1","0","1","1","0","1","0","0","0","-2"
"377458","Centura College-Norfolk","2020","First major","'99'","Grand total","Associate's degree","31","2","29","0","0","0","0","0","0","22","1","21","0","0","0","0","0","0","6","1","5","3","0","3","0","0","0","0","0","0","-2"
"377546","Northwest College of Art & Design","2020","First major","'99'","Grand total","Bachelor's degree","20","10","10","0","0","0","0","0","0","0","0","0","2","1","1","0","0","0","18","9","9","0","0","0","0","0","0","0","0","0","-2"
"377555","University of Washington-Bothell Campus","2020","First major","'99'","Grand total","Bachelor's degree","1796","836","960","9","3","6","472","231","241","128","55","73","165","62","103","9","2","7","671","314","357","97","39","58","28","13","15","217","117","100","-2"
"377555","University of Washington-Bothell Campus","2020","First major","'99'","Grand total","Master's degree","228","83","145","2","0","2","58","19","39","8","4","4","18","7","11","1","0","1","79","28","51","8","4","4","9","3","6","45","18","27","-2"
"377555","University of Washington-Bothell Campus","2020","Second major","'99'","Grand total","Bachelor's degree","63","15","48","0","0","0","8","2","6","10","2","8","14","2","12","0","0","0","17","4","13","8","1","7","1","0","1","5","4","1","-2"
"377564","University of Washington-Tacoma Campus","2020","First major","'99'","Grand total","Bachelor's degree","1517","708","809","10","4","6","285","150","135","138","54","84","196","76","120","16","3","13","652","311","341","123","54","69","30","14","16","67","42","25","-2"
"377564","University of Washington-Tacoma Campus","2020","First major","'99'","Grand total","Master's degree","395","145","250","3","1","2","46","19","27","23","10","13","27","7","20","2","0","2","175","65","110","21","5","16","19","9","10","79","29","50","-2"
"377564","University of Washington-Tacoma Campus","2020","First major","'99'","Grand total","Doctor's degree - other","7","3","4","0","0","0","1","1","0","1","1","0","4","1","3","0","0","0","1","0","1","0","0","0","0","0","0","0","0","0","-2"
"377564","University of Washington-Tacoma Campus","2020","Second major","'99'","Grand total","Bachelor's degree","20","11","9","0","0","0","3","1","2","3","2","1","1","0","1","1","0","1","7","6","1","3","2","1","1","0","1","1","0","1","-2"
"377661","Valley College-Martinsburg","2020","First major","'99'","Grand total","Associate's degree","73","16","57","0","0","0","0","0","0","7","3","4","0","0","0","0","0","0","65","12","53","1","1","0","0","0","0","0","0","0","-2"
"377661","Valley College-Martinsburg","2020","First major","'99'","Grand total","Bachelor's degree","19","4","15","0","0","0","0","0","0","2","1","1","0","0","0","0","0","0","16","3","13","1","0","1","0","0","0","0","0","0","-2"
"378105","Central Coast College","2020","First major","'99'","Grand total","Associate's degree","4","0","4","0","0","0","0","0","0","0","0","0","4","0","4","0","0","0","0","0","0","0","0","0","0","0","0","0","0","0","-2"
"378576","Pacific College of Health and Science","2020","First major","'99'","Grand total","Associate's degree","9","3","6","0","0","0","0","0","0","0","0","0","2","1","1","0","0","0","2","0","2","2","1","1","3","1","2","0","0","0","-2"
"378576","Pacific College of Health and Science","2020","First major","'99'","Grand total","Master's degree","42","9","33","0","0","0","6","1","5","1","0","1","4","1","3","2","1","1","21","5","16","5","0","5","3","1","2","0","0","0","-2"
"378576","Pacific College of Health and Science","2020","First major","'99'","Grand total","Doctor's degree - professional practice","400","95","305","0","0","0","49","12","37","15","4","11","33","13","20","16","3","13","231","50","181","25","7","18","29","6","23","2","0","2","-2"
"379782","Center for Advanced Legal Studies","2020","First major","'99'","Grand total","Associate's degree","35","6","29","0","0","0","0","0","0","7","1","6","12","1","11","0","0","0","16","4","12","0","0","0","0","0","0","0","0","0","-2"
"380359","Bay Mills Community College","2020","First major","'99'","Grand total","Associate's degree","45","7","38","22","4","18","1","0","1","2","0","2","1","0","1","0","0","0","19","3","16","0","0","0","0","0","0","0","0","0","-2"
"380359","Bay Mills Community College","2020","First major","'99'","Grand total","Bachelor's degree","1","0","1","1","0","1","0","0","0","0","0","0","0","0","0","0","0","0","0","0","0","0","0","0","0","0","0","0","0","0","-2"
"380368","Fond du Lac Tribal and Community College","2020","First major","'99'","Grand total","Associate's degree","149","55","94","18","5","13","4","0","4","8","8","0","4","1","3","0","0","0","101","39","62","14","2","12","0","0","0","0","0","0","-2"
"380377","Northwest Indian College","2020","First major","'99'","Grand total","Associate's degree","55","16","39","55","16","39","0","0","0","0","0","0","0","0","0","0","0","0","0","0","0","0","0","0","0","0","0","0","0","0","-2"
"380377","Northwest Indian College","2020","First major","'99'","Grand total","Bachelor's degree","49","10","39","47","10","37","0","0","0","0","0","0","0","0","0","0","0","0","2","0","2","0","0","0","0","0","0","0","0","0","-2"
"380438","Provo College","2020","First major","'99'","Grand total","Associate's degree","24","8","16","0","0","0","0","0","0","0","0","0","1","0","1","0","0","0","21","7","14","1","1","0","1","0","1","0","0","0","-2"
"380438","Provo College","2020","First major","'99'","Grand total","Bachelor's degree","86","14","72","0","0","0","3","0","3","1","1","0","9","2","7","1","0","1","71","11","60","1","0","1","0","0","0","0","0","0","-2"
"380465","University of Phoenix-Utah","2020","First major","'99'","Grand total","Bachelor's degree","6","2","4","0","0","0","0","0","0","0","0","0","0","0","0","0","0","0","2","0","2","0","0","0","4","2","2","0","0","0","-2"
"380465","University of Phoenix-Utah","2020","First major","'99'","Grand total","Master's degree","40","13","27","0","0","0","0","0","0","0","0","0","2","0","2","0","0","0","23","8","15","1","0","1","14","5","9","0","0","0","-2"
"381352","Colorado School of Traditional Chinese Medicine","2020","First major","'99'","Grand total","Master's degree","33","8","25","1","0","1","6","3","3","0","0","0","3","1","2","0","0","0","22","3","19","0","0","0","1","1","0","0","0","0","-2"
"381459","Phoenix Seminary","2020","First major","'99'","Grand total","Master's degree","44","24","20","0","0","0","3","3","0","4","1","3","0","0","0","0","0","0","36","20","16","1","0","1","0","0","0","0","0","0","-2"
"381459","Phoenix Seminary","2020","First major","'99'","Grand total","Doctor's degree - research/scholarship","1","1","0","0","0","0","0","0","0","0","0","0","0","0","0","0","0","0","1","1","0","0","0","0","0","0","0","0","0","0","-2"
"382911","Southwest Collegiate Institute for the Deaf","2020","First major","'99'","Grand total","Associate's degree","12","3","9","0","0","0","0","0","0","0","0","0","4","1","3","0","0","0","6","2","4","0","0","0","0","0","0","2","0","2","-2"
"382957","Fortis College-Richmond","2020","First major","'99'","Grand total","Associate's degree","28","3","25","0","0","0","1","0","1","15","1","14","0","0","0","0","0","0","9","2","7","2","0","2","1","0","1","0","0","0","-2"
"383020","Midwest College of Oriental Medicine-Racine","2020","First major","'99'","Grand total","Master's degree","4","1","3","0","0","0","0","0","0","0","0","0","0","0","0","0","0","0","4","1","3","0","0","0","0","0","0","0","0","0","-2"
"383084","Hacienda La Puente Adult Education","2020","First major","'99'","Grand total","Associate's degree","4","0","4","0","0","0","0","0","0","0","0","0","4","0","4","0","0","0","0","0","0","0","0","0","0","0","0","0","0","0","-2"
"383190","Hawaii Community College","2020","First major","'99'","Grand total","Associate's degree","374","148","226","1","0","1","63","27","36","1","0","1","67","24","43","27","11","16","40","16","24","167","69","98","0","0","0","8","1","7","-2"
"383996","Eastern New Mexico University Ruidoso Branch Community College","2020","First major","'99'","Grand total","Associate's degree","32","7","25","6","0","6","0","0","0","0","0","0","8","1","7","0","0","0","16","5","11","1","1","0","0","0","0","1","0","1","-2"
"384254","Beacon College","2020","First major","'99'","Grand total","Associate's degree","18","13","5","0","0","0","1","1","0","2","1","1","2","2","0","0","0","0","13","9","4","0","0","0","0","0","0","0","0","0","-2"
"384254","Beacon College","2020","First major","'99'","Grand total","Bachelor's degree","69","35","34","0","0","0","2","0","2","9","4","5","3","1","2","0","0","0","50","29","21","3","1","2","0","0","0","2","0","2","-2"
"384254","Beacon College","2020","Second major","'99'","Grand total","Bachelor's degree","2","2","0","0","0","0","0","0","0","0","0","0","0","0","0","0","0","0","2","2","0","0","0","0","0","0","0","0","0","0","-2"
"384306","Acupuncture and Integrative Medicine College-Berkeley","2020","First major","'99'","Grand total","Master's degree","13","4","9","0","0","0","4","2","2","0","0","0","0","0","0","0","0","0","9","2","7","0","0","0","0","0","0","0","0","0","-2"
"384306","Acupuncture and Integrative Medicine College-Berkeley","2020","First major","'99'","Grand total","Doctor's degree - other","12","3","9","0","0","0","3","0","3","0","0","0","0","0","0","0","0","0","8","3","5","0","0","0","1","0","1","0","0","0","-2"
"384333","Estrella Mountain Community College","2020","First major","'99'","Grand total","Associate's degree","1111","419","692","11","4","7","46","24","22","70","29","41","546","181","365","4","2","2","358","150","208","51","23","28","20","4","16","5","2","3","-2"
"384342","Heartland Community College","2020","First major","'99'","Grand total","Associate's degree","690","298","392","0","0","0","9","7","2","58","22","36","50","18","32","0","0","0","525","226","299","33","15","18","9","5","4","6","5","1","-2"
"384412","University of the Potomac-Washington DC Campus","2020","First major","'99'","Grand total","Associate's degree","2","1","1","0","0","0","1","1","0","1","0","1","0","0","0","0","0","0","0","0","0","0","0","0","0","0","0","0","0","0","-2"
"384412","University of the Potomac-Washington DC Campus","2020","First major","'99'","Grand total","Bachelor's degree","27","22","5","0","0","0","2","0","2","9","8","1","0","0","0","0","0","0","3","3","0","0","0","0","0","0","0","13","11","2","-2"
"384412","University of the Potomac-Washington DC Campus","2020","First major","'99'","Grand total","Master's degree","44","26","18","0","0","0","2","1","1","7","2","5","0","0","0","0","0","0","5","3","2","0","0","0","0","0","0","30","20","10","-2"
"384421","Rabbi Jacob Joseph School","2020","First major","'99'","Grand total","Bachelor's degree","8","8","0","0","0","0","0","0","0","0","0","0","0","0","0","0","0","0","8","8","0","0","0","0","0","0","0","0","0","0","-2"
"385415","Albert Einstein College of Medicine","2020","First major","'99'","Grand total","Master's degree","45","14","31","0","0","0","7","1","6","4","0","4","5","2","3","0","0","0","18","9","9","3","2","1","6","0","6","2","0","2","-2"
"385415","Albert Einstein College of Medicine","2020","First major","'99'","Grand total","Doctor's degree - research/scholarship","27","16","11","0","0","0","7","5","2","3","2","1","3","1","2","0","0","0","11","6","5","1","1","0","0","0","0","2","1","1","-2"
"385415","Albert Einstein College of Medicine","2020","First major","'99'","Grand total","Doctor's degree - professional practice","179","90","89","0","0","0","54","29","25","5","2","3","7","3","4","0","0","0","106","53","53","1","1","0","6","2","4","0","0","0","-2"
"385503","Fortis Institute-Scranton","2020","First major","'99'","Grand total","Associate's degree","59","2","57","0","0","0","1","0","1","3","1","2","8","0","8","0","0","0","46","1","45","1","0","1","0","0","0","0","0","0","-2"
"385619","Everglades University","2020","First major","'99'","Grand total","Bachelor's degree","287","163","124","3","2","1","3","1","2","52","33","19","61","31","30","1","1","0","141","81","60","5","4","1","21","10","11","0","0","0","-2"
"385619","Everglades University","2020","First major","'99'","Grand total","Master's degree","93","41","52","0","0","0","3","2","1","23","13","10","13","7","6","1","0","1","43","13","30","2","2","0","8","4","4","0","0","0","-2"
"386153","Seminar L'moros Bais Yaakov","2020","First major","'99'","Grand total","Associate's degree","12","0","12","0","0","0","0","0","0","0","0","0","0","0","0","0","0","0","12","0","12","0","0","0","0","0","0","0","0","0","-2"
"386472","Herzing University-Orlando","2020","First major","'99'","Grand total","Associate's degree","165","37","128","0","0","0","9","4","5","64","10","54","33","9","24","0","0","0","52","12","40","1","0","1","6","2","4","0","0","0","-2"
"386472","Herzing University-Orlando","2020","First major","'99'","Grand total","Bachelor's degree","49","7","42","2","0","2","4","0","4","12","2","10","10","0","10","0","0","0","20","5","15","0","0","0","1","0","1","0","0","0","-2"
"386472","Herzing University-Orlando","2020","First major","'99'","Grand total","Master's degree","3","3","0","0","0","0","0","0","0","2","2","0","0","0","0","0","0","0","0","0","0","0","0","0","1","1","0","0","0","0","-2"
"388520","College of Biblical Studies-Houston","2020","First major","'99'","Grand total","Associate's degree","17","7","10","0","0","0","0","0","0","12","5","7","5","2","3","0","0","0","0","0","0","0","0","0","0","0","0","0","0","0","-2"
"388520","College of Biblical Studies-Houston","2020","First major","'99'","Grand total","Bachelor's degree","86","42","44","0","0","0","1","1","0","46","16","30","21","13","8","0","0","0","15","10","5","2","2","0","1","0","1","0","0","0","-2"
"392257","The College of Health Care Professions-Northwest","2020","First major","'99'","Grand total","Associate's degree","272","26","246","1","0","1","6","2","4","104","5","99","105","13","92","1","0","1","43","6","37","9","0","9","3","0","3","0","0","0","-2"
"392257","The College of Health Care Professions-Northwest","2020","First major","'99'","Grand total","Bachelor's degree","52","5","47","0","0","0","0","0","0","17","2","15","20","2","18","0","0","0","9","1","8","4","0","4","2","0","2","0","0","0","-2"
"392415","Fortis College","2020","First major","'99'","Grand total","Associate's degree","13","2","11","0","0","0","0","0","0","7","2","5","3","0","3","0","0","0","2","0","2","0","0","0","1","0","1","0","0","0","-2"
"395362","Copper Mountain Community College","2020","First major","'99'","Grand total","Associate's degree","297","90","207","6","0","6","9","8","1","10","3","7","97","26","71","4","0","4","136","47","89","29","6","23","6","0","6","0","0","0","-2"
"399212","Santiago Canyon College","2020","First major","'99'","Grand total","Associate's degree","1973","920","1053","1","1","0","192","109","83","29","19","10","916","382","534","5","5","0","659","320","339","104","48","56","32","15","17","35","21","14","-2"
"399869","Southern California Institute of Technology","2020","First major","'99'","Grand total","Associate's degree","1","1","0","0","0","0","0","0","0","0","0","0","1","1","0","0","0","0","0","0","0","0","0","0","0","0","0","0","0","0","-2"
"399869","Southern California Institute of Technology","2020","First major","'99'","Grand total","Bachelor's degree","85","85","0","1","1","0","16","16","0","4","4","0","29","29","0","3","3","0","29","29","0","0","0","0","3","3","0","0","0","0","-2"
"399911","Soka University of America","2020","First major","'99'","Grand total","Bachelor's degree","93","34","59","0","0","0","15","3","12","3","2","1","9","4","5","1","1","0","14","4","10","7","2","5","3","1","2","41","17","24","-2"
"399911","Soka University of America","2020","First major","'99'","Grand total","Master's degree","6","2","4","0","0","0","0","0","0","0","0","0","0","0","0","0","0","0","1","0","1","2","1","1","0","0","0","3","1","2","-2"
"400558","Los Angeles Pacific College","2020","First major","'99'","Grand total","Associate's degree","15","5","10","0","0","0","15","5","10","0","0","0","0","0","0","0","0","0","0","0","0","0","0","0","0","0","0","0","0","0","-2"
"401223","World Mission University","2020","First major","'99'","Grand total","Associate's degree","19","9","10","0","0","0","4","2","2","0","0","0","15","7","8","0","0","0","0","0","0","0","0","0","0","0","0","0","0","0","-2"
"401223","World Mission University","2020","First major","'99'","Grand total","Bachelor's degree","19","7","12","0","0","0","15","4","11","0","0","0","0","0","0","0","0","0","0","0","0","0","0","0","0","0","0","4","3","1","-2"
"401223","World Mission University","2020","First major","'99'","Grand total","Master's degree","58","22","36","0","0","0","22","8","14","0","0","0","0","0","0","0","0","0","0","0","0","0","0","0","1","1","0","35","13","22","-2"
"401223","World Mission University","2020","First major","'99'","Grand total","Doctor's degree - other","6","3","3","0","0","0","3","1","2","0","0","0","0","0","0","0","0","0","0","0","0","0","0","0","0","0","0","3","2","1","-2"
"401250","Yo San University of Traditional Chinese Medicine","2020","First major","'99'","Grand total","Master's degree","15","5","10","0","0","0","5","2","3","0","0","0","1","0","1","0","0","0","6","2","4","2","1","1","0","0","0","1","0","1","-2"
"401250","Yo San University of Traditional Chinese Medicine","2020","First major","'99'","Grand total","Doctor's degree - professional practice","1","0","1","0","0","0","0","0","0","0","0","0","0","0","0","0","0","0","0","0","0","1","0","1","0","0","0","0","0","0","-2"
"402776","Southwest University of Visual Arts-Albuquerque","2020","First major","'99'","Grand total","Bachelor's degree","8","5","3","2","1","1","0","0","0","0","0","0","3","3","0","0","0","0","3","1","2","0","0","0","0","0","0","0","0","0","-2"
"402776","Southwest University of Visual Arts-Albuquerque","2020","First major","'99'","Grand total","Master's degree","1","1","0","0","0","0","0","0","0","0","0","0","0","0","0","0","0","0","1","1","0","0","0","0","0","0","0","0","0","0","-2"
"403469","Frontier Community College","2020","First major","'99'","Grand total","Associate's degree","95","34","61","0","0","0","0","0","0","2","1","1","3","0","3","0","0","0","88","33","55","2","0","2","0","0","0","0","0","0","-2"
"403478","Lincoln Trail College","2020","First major","'99'","Grand total","Associate's degree","124","66","58","0","0","0","0","0","0","11","7","4","4","2","2","0","0","0","107","55","52","2","2","0","0","0","0","0","0","0","-2"
"403487","Wabash Valley College","2020","First major","'99'","Grand total","Associate's degree","175","86","89","0","0","0","0","0","0","12","6","6","5","2","3","0","0","0","151","74","77","7","4","3","0","0","0","0","0","0","-2"
"404055","Brookline College-Tempe","2020","First major","'99'","Grand total","Associate's degree","3","2","1","0","0","0","0","0","0","1","1","0","1","1","0","0","0","0","0","0","0","1","0","1","0","0","0","0","0","0","-2"
"404055","Brookline College-Tempe","2020","First major","'99'","Grand total","Bachelor's degree","0","0","0","0","0","0","0","0","0","0","0","0","0","0","0","0","0","0","0","0","0","0","0","0","0","0","0","0","0","0","-2"
"404222","Inter American University of Puerto Rico-School of Optometry","2020","First major","'99'","Grand total","Doctor's degree - professional practice","18","6","12","0","0","0","4","1","3","0","0","0","10","3","7","0","0","0","4","2","2","0","0","0","0","0","0","0","0","0","-2"
"404338","Schiller International University","2020","First major","'99'","Grand total","Associate's degree","1","0","1","0","0","0","0","0","0","0","0","0","0","0","0","0","0","0","1","0","1","0","0","0","0","0","0","0","0","0","-2"
"404338","Schiller International University","2020","First major","'99'","Grand total","Bachelor's degree","4","2","2","0","0","0","0","0","0","0","0","0","0","0","0","0","0","0","2","1","1","0","0","0","2","1","1","0","0","0","-2"
"404338","Schiller International University","2020","First major","'99'","Grand total","Master's degree","14","10","4","0","0","0","3","2","1","2","1","1","1","0","1","0","0","0","4","3","1","0","0","0","4","4","0","0","0","0","-2"
"404426","Coconino Community College","2020","First major","'99'","Grand total","Associate's degree","356","142","214","71","18","53","1","1","0","3","1","2","57","22","35","4","3","1","196","89","107","16","6","10","8","2","6","0","0","0","-2"
"404806","Columbia Central University-Yauco","2020","First major","'99'","Grand total","Associate's degree","57","15","42","0","0","0","0","0","0","0","0","0","57","15","42","0","0","0","0","0","0","0","0","0","0","0","0","0","0","0","-2"
"404806","Columbia Central University-Yauco","2020","First major","'99'","Grand total","Bachelor's degree","33","9","24","0","0","0","0","0","0","0","0","0","33","9","24","0","0","0","0","0","0","0","0","0","0","0","0","0","0","0","-2"
"404912","Pima Medical Institute-Denver","2020","First major","'99'","Grand total","Associate's degree","142","44","98","1","0","1","8","4","4","2","1","1","24","9","15","0","0","0","99","28","71","7","2","5","1","0","1","0","0","0","-2"
"404994","ASA College","2020","First major","'99'","Grand total","Associate's degree","996","361","635","0","0","0","49","21","28","264","112","152","230","45","185","0","0","0","48","17","31","26","7","19","2","0","2","377","159","218","-2"
"404994","ASA College","2020","First major","'99'","Grand total","Bachelor's degree","13","0","13","0","0","0","0","0","0","6","0","6","7","0","7","0","0","0","0","0","0","0","0","0","0","0","0","0","0","0","-2"
"405058","Yeshivas Novominsk","2020","First major","'99'","Grand total","Bachelor's degree","0","0","0","0","0","0","0","0","0","0","0","0","0","0","0","0","0","0","0","0","0","0","0","0","0","0","0","0","0","0","-2"
"405854","Rabbinical College of Ohr Shimon Yisroel","2020","First major","'99'","Grand total","Bachelor's degree","77","77","0","0","0","0","0","0","0","0","0","0","0","0","0","0","0","0","77","77","0","0","0","0","0","0","0","0","0","0","-2"
"405872","Carroll Community College","2020","First major","'99'","Grand total","Associate's degree","492","199","293","0","0","0","17","6","11","11","5","6","29","10","19","0","0","0","411","168","243","4","1","3","19","9","10","1","0","1","-2"
"405997","University of Phoenix-New Mexico","2020","First major","'99'","Grand total","Bachelor's degree","24","10","14","0","0","0","1","1","0","1","1","0","11","3","8","0","0","0","2","2","0","0","0","0","9","3","6","0","0","0","-2"
"405997","University of Phoenix-New Mexico","2020","First major","'99'","Grand total","Master's degree","0","0","0","0","0","0","0","0","0","0","0","0","0","0","0","0","0","0","0","0","0","0","0","0","0","0","0","0","0","0","-2"
"406024","Galen College of Nursing-Tampa Bay","2020","First major","'99'","Grand total","Associate's degree","512","71","441","1","0","1","13","6","7","88","5","83","61","6","55","0","0","0","295","46","249","33","4","29","21","4","17","0","0","0","-2"
"406024","Galen College of Nursing-Tampa Bay","2020","First major","'99'","Grand total","Bachelor's degree","0","0","0","0","0","0","0","0","0","0","0","0","0","0","0","0","0","0","0","0","0","0","0","0","0","0","0","0","0","0","-2"
"406033","Galen College of Nursing-San Antonio","2020","First major","'99'","Grand total","Associate's degree","474","60","414","4","1","3","21","3","18","53","10","43","172","20","152","3","0","3","174","18","156","31","5","26","16","3","13","0","0","0","-2"
"406033","Galen College of Nursing-San Antonio","2020","First major","'99'","Grand total","Bachelor's degree","42","7","35","0","0","0","5","3","2","3","0","3","19","1","18","0","0","0","10","1","9","5","2","3","0","0","0","0","0","0","-2"
"406547","City College-Gainesville","2020","First major","'99'","Grand total","Associate's degree","31","2","29","0","0","0","1","0","1","14","1","13","2","0","2","0","0","0","12","0","12","2","1","1","0","0","0","0","0","0","-2"
"406547","City College-Gainesville","2020","First major","'99'","Grand total","Bachelor's degree","4","1","3","0","0","0","0","0","0","2","1","1","1","0","1","0","0","0","0","0","0","1","0","1","0","0","0","0","0","0","-2"
"407610","Pacific Bible College","2020","First major","'99'","Grand total","Associate's degree","4","0","4","0","0","0","0","0","0","0","0","0","0","0","0","0","0","0","4","0","4","0","0","0","0","0","0","0","0","0","-2"
"407610","Pacific Bible College","2020","First major","'99'","Grand total","Bachelor's degree","0","0","0","0","0","0","0","0","0","0","0","0","0","0","0","0","0","0","0","0","0","0","0","0","0","0","0","0","0","0","-2"
"407629","Lake Erie College of Osteopathic Medicine","2020","First major","'99'","Grand total","Master's degree","335","147","188","0","0","0","79","36","43","19","8","11","37","16","21","0","0","0","188","84","104","12","3","9","0","0","0","0","0","0","-2"
"407629","Lake Erie College of Osteopathic Medicine","2020","First major","'99'","Grand total","Doctor's degree - research/scholarship","1","0","1","0","0","0","0","0","0","0","0","0","0","0","0","0","0","0","1","0","1","0","0","0","0","0","0","0","0","0","-2"
"407629","Lake Erie College of Osteopathic Medicine","2020","First major","'99'","Grand total","Doctor's degree - professional practice","910","464","446","1","1","0","174","93","81","55","20","35","76","28","48","0","0","0","582","311","271","22","11","11","0","0","0","0","0","0","-2"
"408729","Laurel Technical Institute","2020","First major","'99'","Grand total","Associate's degree","35","11","24","0","0","0","0","0","0","0","0","0","1","0","1","0","0","0","31","11","20","1","0","1","2","0","2","0","0","0","-2"
"408844","Florida National University-Main Campus","2020","First major","'99'","Grand total","Associate's degree","339","94","245","1","1","0","1","1","0","11","6","5","311","79","232","0","0","0","3","2","1","0","0","0","0","0","0","12","5","7","-2"
"408844","Florida National University-Main Campus","2020","First major","'99'","Grand total","Bachelor's degree","243","53","190","0","0","0","0","0","0","5","0","5","215","42","173","0","0","0","6","2","4","0","0","0","0","0","0","17","9","8","-2"
"408844","Florida National University-Main Campus","2020","First major","'99'","Grand total","Master's degree","119","46","73","0","0","0","0","0","0","11","8","3","97","29","68","0","0","0","1","0","1","0","0","0","0","0","0","10","9","1","-2"
"409254","Erikson Institute","2020","First major","'99'","Grand total","Master's degree","120","4","116","1","0","1","3","0","3","23","1","22","18","3","15","0","0","0","75","0","75","0","0","0","0","0","0","0","0","0","-2"
"409315","South Texas College","2020","First major","'99'","Grand total","Associate's degree","4350","1595","2755","4","1","3","29","13","16","16","8","8","4169","1514","2655","1","1","0","89","38","51","8","3","5","32","15","17","2","2","0","-2"
"409315","South Texas College","2020","First major","'99'","Grand total","Bachelor's degree","428","168","260","0","0","0","2","1","1","2","1","1","399","154","245","0","0","0","21","10","11","0","0","0","4","2","2","0","0","0","-2"
"409616","Roger Williams University School of Law","2020","First major","'99'","Grand total","Master's degree","3","1","2","0","0","0","0","0","0","0","0","0","0","0","0","0","0","0","2","1","1","0","0","0","1","0","1","0","0","0","-2"
"409616","Roger Williams University School of Law","2020","First major","'99'","Grand total","Doctor's degree - professional practice","143","69","74","0","0","0","5","2","3","12","4","8","19","12","7","0","0","0","89","42","47","7","3","4","10","6","4","1","0","1","-2"
"409698","California State University-Monterey Bay","2020","First major","'99'","Grand total","Bachelor's degree","1996","736","1260","2","2","0","112","58","54","76","32","44","963","310","653","8","3","5","521","219","302","101","34","67","102","37","65","111","41","70","-2"
"409698","California State University-Monterey Bay","2020","First major","'99'","Grand total","Master's degree","267","90","177","3","0","3","19","4","15","10","7","3","90","23","67","1","0","1","92","34","58","15","9","6","32","11","21","5","2","3","-2"
"409698","California State University-Monterey Bay","2020","Second major","'99'","Grand total","Bachelor's degree","3","0","3","0","0","0","0","0","0","0","0","0","1","0","1","0","0","0","1","0","1","1","0","1","0","0","0","0","0","0","-2"
"412173","Academy for Nursing and Health Occupations","2020","First major","'99'","Grand total","Associate's degree","34","1","33","0","0","0","2","0","2","22","0","22","4","0","4","0","0","0","6","1","5","0","0","0","0","0","0","0","0","0","-2"
"412599","Remington College-Memphis Campus","2020","First major","'99'","Grand total","Associate's degree","106","18","88","0","0","0","1","1","0","87","13","74","5","1","4","1","0","1","10","3","7","2","0","2","0","0","0","0","0","0","-2"
"412599","Remington College-Memphis Campus","2020","First major","'99'","Grand total","Bachelor's degree","5","1","4","0","0","0","0","0","0","5","1","4","0","0","0","0","0","0","0","0","0","0","0","0","0","0","0","0","0","0","-2"
"413413","Capella University","2020","First major","'99'","Grand total","Bachelor's degree","3776","767","3009","16","0","16","96","27","69","438","74","364","283","60","223","9","4","5","1970","384","1586","69","23","46","874","183","691","21","12","9","-2"
"413413","Capella University","2020","First major","'99'","Grand total","Master's degree","5763","1048","4715","21","5","16","178","45","133","1297","229","1068","481","86","395","20","5","15","2622","473","2149","124","20","104","986","173","813","34","12","22","-2"
"413413","Capella University","2020","First major","'99'","Grand total","Doctor's degree - research/scholarship","1389","371","1018","11","5","6","26","4","22","452","106","346","71","20","51","8","3","5","539","153","386","34","9","25","231","63","168","17","8","9","-2"
"413413","Capella University","2020","Second major","'99'","Grand total","Bachelor's degree","70","21","49","0","0","0","1","0","1","8","1","7","8","1","7","1","0","1","39","13","26","3","1","2","10","5","5","0","0","0","-2"
"413413","Capella University","2020","Second major","'99'","Grand total","Master's degree","133","23","110","0","0","0","3","0","3","33","2","31","16","3","13","1","0","1","56","13","43","2","0","2","21","5","16","1","0","1","-2"
"413413","Capella University","2020","Second major","'99'","Grand total","Doctor's degree - research/scholarship","54","12","42","2","2","0","1","0","1","13","2","11","4","1","3","0","0","0","23","5","18","5","1","4","4","1","3","2","0","2","-2"
"413617","College of Menominee Nation","2020","First major","'99'","Grand total","Associate's degree","27","3","24","25","3","22","0","0","0","0","0","0","0","0","0","0","0","0","2","0","2","0","0","0","0","0","0","0","0","0","-2"
"413617","College of Menominee Nation","2020","First major","'99'","Grand total","Bachelor's degree","14","2","12","10","2","8","0","0","0","0","0","0","1","0","1","0","0","0","3","0","3","0","0","0","0","0","0","0","0","0","-2"
"413626","Leech Lake Tribal College","2020","First major","'99'","Grand total","Associate's degree","20","7","13","17","6","11","0","0","0","0","0","0","0","0","0","0","0","0","2","0","2","1","1","0","0","0","0","0","0","0","-2"
"413680","Spartan College of Aeronautics & Technology","2020","First major","'99'","Grand total","Associate's degree","23","22","1","0","0","0","2","2","0","3","3","0","14","13","1","1","1","0","2","2","0","0","0","0","1","1","0","0","0","0","-2"
"414461","Mech-Tech College","2020","First major","'99'","Grand total","Associate's degree","97","88","9","0","0","0","0","0","0","0","0","0","97","88","9","0","0","0","0","0","0","0","0","0","0","0","0","0","0","0","-2"
"414595","Pacific College of Oriental Medicine-New York","2020","First major","'99'","Grand total","Associate's degree","26","5","21","0","0","0","5","0","5","1","0","1","9","2","7","0","0","0","6","0","6","0","0","0","4","2","2","1","1","0","-2"
"414595","Pacific College of Oriental Medicine-New York","2020","First major","'99'","Grand total","Bachelor's degree","4","1","3","0","0","0","1","1","0","1","0","1","0","0","0","0","0","0","0","0","0","0","0","0","2","0","2","0","0","0","-2"
"414595","Pacific College of Oriental Medicine-New York","2020","First major","'99'","Grand total","Master's degree","103","20","83","1","0","1","27","9","18","4","2","2","8","2","6","0","0","0","47","4","43","8","1","7","7","1","6","1","1","0","-2"
"414823","Johnson & Wales University-North Miami","2020","First major","'99'","Grand total","Associate's degree","130","47","83","0","0","0","1","1","0","47","11","36","35","17","18","0","0","0","21","10","11","1","0","1","12","3","9","13","5","8","-2"
"414823","Johnson & Wales University-North Miami","2020","First major","'99'","Grand total","Bachelor's degree","203","81","122","0","0","0","1","0","1","62","22","40","50","19","31","0","0","0","38","17","21","12","6","6","11","5","6","29","12","17","-2"
"414823","Johnson & Wales University-North Miami","2020","First major","'99'","Grand total","Master's degree","15","9","6","0","0","0","2","2","0","0","0","0","3","2","1","0","0","0","3","1","2","0","0","0","2","1","1","5","3","2","-2"
"414878","Trine University-Regional/Non-Traditional Campuses","2020","First major","'99'","Grand total","Associate's degree","7","2","5","0","0","0","0","0","0","0","0","0","0","0","0","0","0","0","7","2","5","0","0","0","0","0","0","0","0","0","-2"
"414878","Trine University-Regional/Non-Traditional Campuses","2020","First major","'99'","Grand total","Bachelor's degree","97","35","62","1","0","1","0","0","0","4","1","3","4","0","4","0","0","0","81","29","52","1","0","1","4","3","1","2","2","0","-2"
"414878","Trine University-Regional/Non-Traditional Campuses","2020","First major","'99'","Grand total","Master's degree","141","80","61","0","0","0","3","2","1","2","0","2","4","1","3","1","1","0","75","39","36","0","0","0","6","1","5","50","36","14","-2"
"414911","Pennsylvania Highlands Community College","2020","First major","'99'","Grand total","Associate's degree","295","110","185","0","0","0","2","0","2","6","2","4","9","7","2","0","0","0","253","95","158","9","2","7","16","4","12","0","0","0","-2"
"414939","Nevada Career Institute","2020","First major","'99'","Grand total","Associate's degree","4","0","4","0","0","0","0","0","0","3","0","3","1","0","1","0","0","0","0","0","0","0","0","0","0","0","0","0","0","0","-2"
"414966","Phillips Theological Seminary","2020","First major","'99'","Grand total","Master's degree","10","2","8","1","1","0","0","0","0","0","0","0","0","0","0","0","0","0","8","1","7","0","0","0","0","0","0","1","0","1","-2"
"414966","Phillips Theological Seminary","2020","First major","'99'","Grand total","Doctor's degree - research/scholarship","1","1","0","0","0","0","0","0","0","0","0","0","0","0","0","0","0","0","1","1","0","0","0","0","0","0","0","0","0","0","-2"
"416801","The University of Texas MD Anderson Cancer Center","2020","First major","'99'","Grand total","Bachelor's degree","162","31","131","0","0","0","39","5","34","9","1","8","53","8","45","0","0","0","40","10","30","4","3","1","2","0","2","15","4","11","-2"
"416801","The University of Texas MD Anderson Cancer Center","2020","First major","'99'","Grand total","Master's degree","15","3","12","0","0","0","0","0","0","0","0","0","1","0","1","0","0","0","11","2","9","0","0","0","1","0","1","2","1","1","-2"
"417327","City College-Altamonte Springs","2020","First major","'99'","Grand total","Associate's degree","36","9","27","0","0","0","0","0","0","14","2","12","4","1","3","0","0","0","13","5","8","5","1","4","0","0","0","0","0","0","-2"
"417734","Southeast Missouri Hospital College of Nursing and Health Sciences","2020","First major","'99'","Grand total","Associate's degree","46","14","32","1","1","0","0","0","0","5","0","5","0","0","0","0","0","0","40","13","27","0","0","0","0","0","0","0","0","0","-2"
"417734","Southeast Missouri Hospital College of Nursing and Health Sciences","2020","First major","'99'","Grand total","Bachelor's degree","1","0","1","0","0","0","0","0","0","0","0","0","0","0","0","0","0","0","1","0","1","0","0","0","0","0","0","0","0","0","-2"
"417752","Messenger College","2020","First major","'99'","Grand total","Associate's degree","0","0","0","0","0","0","0","0","0","0","0","0","0","0","0","0","0","0","0","0","0","0","0","0","0","0","0","0","0","0","-2"
"417752","Messenger College","2020","First major","'99'","Grand total","Bachelor's degree","11","5","6","0","0","0","0","0","0","0","0","0","1","1","0","0","0","0","9","3","6","0","0","0","1","1","0","0","0","0","-2"
"418126","New York College of Health Professions","2020","First major","'99'","Grand total","Associate's degree","82","21","61","0","0","0","8","0","8","15","6","9","15","4","11","0","0","0","38","10","28","0","0","0","3","0","3","3","1","2","-2"
"418126","New York College of Health Professions","2020","First major","'99'","Grand total","Bachelor's degree","22","6","16","0","0","0","7","2","5","3","2","1","1","0","1","0","0","0","9","2","7","0","0","0","2","0","2","0","0","0","-2"
"418126","New York College of Health Professions","2020","First major","'99'","Grand total","Master's degree","22","6","16","0","0","0","7","2","5","3","2","1","1","0","1","0","0","0","9","2","7","0","0","0","2","0","2","0","0","0","-2"
"418533","Lancaster County Career and Technology Center","2020","First major","'99'","Grand total","Associate's degree","19","8","11","0","0","0","3","3","0","0","0","0","0","0","0","0","0","0","15","5","10","1","0","1","0","0","0","0","0","0","-2"
"418889","North Central Institute","2020","First major","'99'","Grand total","Associate's degree","30","29","1","0","0","0","1","1","0","6","5","1","2","2","0","0","0","0","17","17","0","3","3","0","1","1","0","0","0","0","-2"
"419244","Atlanta Institute of Music and Media","2020","First major","'99'","Grand total","Associate's degree","36","30","6","0","0","0","0","0","0","12","10","2","4","1","3","0","0","0","19","18","1","1","1","0","0","0","0","0","0","0","-2"
"419341","Jna Institute of Culinary Arts","2020","First major","'99'","Grand total","Associate's degree","20","8","12","0","0","0","0","0","0","13","5","8","2","1","1","0","0","0","5","2","3","0","0","0","0","0","0","0","0","0","-2"
"420024","Centura College-Chesapeake","2020","First major","'99'","Grand total","Associate's degree","31","1","30","0","0","0","0","0","0","18","1","17","0","0","0","1","0","1","6","0","6","6","0","6","0","0","0","0","0","0","-2"
"420024","Centura College-Chesapeake","2020","First major","'99'","Grand total","Bachelor's degree","4","2","2","0","0","0","1","0","1","1","0","1","0","0","0","0","0","0","2","2","0","0","0","0","0","0","0","0","0","0","-2"
"420042","University of Phoenix-Hawaii","2020","First major","'99'","Grand total","Bachelor's degree","83","63","20","0","0","0","15","9","6","7","7","0","5","5","0","11","6","5","10","8","2","4","4","0","31","24","7","0","0","0","-2"
"420042","University of Phoenix-Hawaii","2020","First major","'99'","Grand total","Master's degree","6","6","0","0","0","0","1","1","0","1","1","0","2","2","0","1","1","0","0","0","0","0","0","0","1","1","0","0","0","0","-2"
"420246","Southwest College of Naturopathic Medicine & Health Sciences","2020","First major","'99'","Grand total","Master's degree","0","0","0","0","0","0","0","0","0","0","0","0","0","0","0","0","0","0","0","0","0","0","0","0","0","0","0","0","0","0","-2"
"420246","Southwest College of Naturopathic Medicine & Health Sciences","2020","First major","'99'","Grand total","Doctor's degree - professional practice","58","7","51","0","0","0","6","2","4","2","0","2","7","1","6","0","0","0","43","4","39","0","0","0","0","0","0","0","0","0","-2"
"420325","Yeshiva D'monsey Rabbinical College","2020","First major","'99'","Grand total","Bachelor's degree","16","16","0","0","0","0","0","0","0","0","0","0","0","0","0","0","0","0","16","16","0","0","0","0","0","0","0","0","0","0","-2"
"420325","Yeshiva D'monsey Rabbinical College","2020","First major","'99'","Grand total","Doctor's degree - research/scholarship","0","0","0","0","0","0","0","0","0","0","0","0","0","0","0","0","0","0","0","0","0","0","0","0","0","0","0","0","0","0","-2"
"420370","Career Technical Institute","2020","First major","'99'","Grand total","Associate's degree","18","4","14","0","0","0","0","0","0","13","3","10","4","1","3","0","0","0","1","0","1","0","0","0","0","0","0","0","0","0","-2"
"420398","Northwest Vista College","2020","First major","'99'","Grand total","Associate's degree","3057","1340","1717","7","4","3","104","52","52","197","78","119","2001","849","1152","4","3","1","659","319","340","78","29","49","6","5","1","1","1","0","-2"
"420431","Oconee Fall Line Technical College","2020","First major","'99'","Grand total","Associate's degree","115","31","84","0","0","0","2","0","2","27","3","24","3","3","0","0","0","0","78","22","56","5","3","2","0","0","0","0","0","0","-2"
"420440","York County Community College","2020","First major","'99'","Grand total","Associate's degree","186","56","130","1","1","0","9","3","6","2","0","2","3","1","2","0","0","0","156","43","113","4","1","3","9","5","4","2","2","0","-2"
"420538","Arkansas State University-Mountain Home","2020","First major","'99'","Grand total","Associate's degree","219","84","135","0","0","0","1","0","1","1","0","1","8","3","5","1","1","0","198","78","120","9","2","7","1","0","1","0","0","0","-2"
"420556","Columbia Gorge Community College","2020","First major","'99'","Grand total","Associate's degree","157","54","103","4","1","3","1","0","1","0","0","0","44","13","31","3","0","3","99","39","60","4","1","3","2","0","2","0","0","0","-2"
"420705","Bakke Graduate University","2020","First major","'99'","Grand total","Master's degree","2","1","1","0","0","0","1","0","1","0","0","0","0","0","0","0","0","0","1","1","0","0","0","0","0","0","0","0","0","0","-2"
"420705","Bakke Graduate University","2020","First major","'99'","Grand total","Doctor's degree - research/scholarship","22","17","5","0","0","0","0","0","0","5","3","2","0","0","0","0","0","0","6","4","2","0","0","0","0","0","0","11","10","1","-2"
"420723","Tillamook Bay Community College","2020","First major","'99'","Grand total","Associate's degree","81","27","54","0","0","0","0","0","0","1","0","1","16","4","12","0","0","0","58","21","37","2","0","2","0","0","0","4","2","2","-2"
"421513","Ross College-Hopkinsville","2020","First major","'99'","Grand total","Associate's degree","13","0","13","0","0","0","0","0","0","2","0","2","1","0","1","0","0","0","9","0","9","1","0","1","0","0","0","0","0","0","-2"
"421708","Arizona College-Glendale","2020","First major","'99'","Grand total","Associate's degree","8","0","8","1","0","1","0","0","0","2","0","2","2","0","2","0","0","0","3","0","3","0","0","0","0","0","0","0","0","0","-2"
"421832","Living Arts College","2020","First major","'99'","Grand total","Bachelor's degree","35","19","16","1","0","1","0","0","0","17","9","8","4","3","1","0","0","0","11","5","6","2","2","0","0","0","0","0","0","0","-2"
"421841","New York Conservatory for Dramatic Arts","2020","First major","'99'","Grand total","Associate's degree","141","61","80","2","2","0","5","2","3","30","11","19","25","10","15","0","0","0","57","27","30","0","0","0","1","0","1","21","9","12","-2"
"421878","Eastern International College-Jersey City","2020","First major","'99'","Grand total","Associate's degree","108","12","96","0","0","0","15","1","14","24","3","21","41","6","35","0","0","0","26","1","25","0","0","0","1","0","1","1","1","0","-2"
"421878","Eastern International College-Jersey City","2020","First major","'99'","Grand total","Bachelor's degree","10","1","9","0","0","0","3","0","3","2","1","1","2","0","2","0","0","0","2","0","2","0","0","0","1","0","1","0","0","0","-2"
"422020","San Joaquin Valley College-Fresno Aviation","2020","First major","'99'","Grand total","Associate's degree","3","3","0","0","0","0","0","0","0","1","1","0","1","1","0","0","0","0","1","1","0","0","0","0","0","0","0","0","0","0","-2"
"422695","Pacific College","2020","First major","'99'","Grand total","Associate's degree","101","8","93","1","0","1","10","0","10","11","1","10","60","6","54","4","0","4","12","1","11","3","0","3","0","0","0","0","0","0","-2"
"422695","Pacific College","2020","First major","'99'","Grand total","Bachelor's degree","20","2","18","0","0","0","4","0","4","2","0","2","7","0","7","1","1","0","5","1","4","0","0","0","1","0","1","0","0","0","-2"
"422695","Pacific College","2020","First major","'99'","Grand total","Master's degree","0","0","0","0","0","0","0","0","0","0","0","0","0","0","0","0","0","0","0","0","0","0","0","0","0","0","0","0","0","0","-2"
"423643","Midwestern University-Glendale","2020","First major","'99'","Grand total","Master's degree","390","120","270","2","0","2","51","18","33","10","4","6","38","18","20","1","0","1","254","67","187","22","6","16","8","4","4","4","3","1","-2"
"423643","Midwestern University-Glendale","2020","First major","'99'","Grand total","Doctor's degree - professional practice","808","391","417","1","0","1","163","65","98","10","7","3","57","32","25","5","4","1","487","244","243","50","25","25","17","8","9","18","6","12","-2"
"423652","Oregon Coast Community College","2020","First major","'99'","Grand total","Associate's degree","42","12","30","0","0","0","1","1","0","0","0","0","7","4","3","0","0","0","30","6","24","3","0","3","1","1","0","0","0","0","-2"
"425250","Gwinnett College-Sandy Springs","2020","First major","'99'","Grand total","Associate's degree","0","0","0","0","0","0","0","0","0","0","0","0","0","0","0","0","0","0","0","0","0","0","0","0","0","0","0","0","0","0","-2"
"426314","Embry-Riddle Aeronautical University-Worldwide","2020","First major","'99'","Grand total","Associate's degree","660","582","78","4","4","0","19","14","5","65","58","7","97","80","17","2","0","2","387","356","31","26","22","4","46","39","7","14","9","5","-2"
"426314","Embry-Riddle Aeronautical University-Worldwide","2020","First major","'99'","Grand total","Bachelor's degree","1553","1361","192","8","7","1","40","35","5","126","103","23","188","153","35","11","10","1","953","854","99","56","48","8","125","114","11","46","37","9","-2"
"426314","Embry-Riddle Aeronautical University-Worldwide","2020","First major","'99'","Grand total","Master's degree","1210","868","342","6","4","2","38","30","8","137","97","40","141","108","33","5","5","0","715","507","208","45","30","15","65","44","21","58","43","15","-2"
"426314","Embry-Riddle Aeronautical University-Worldwide","2020","First major","'99'","Grand total","Doctor's degree - research/scholarship","7","4","3","0","0","0","1","0","1","1","0","1","0","0","0","0","0","0","4","3","1","0","0","0","1","1","0","0","0","0","-2"
"427982","Centura College-Richmond Main","2020","First major","'99'","Grand total","Associate's degree","0","0","0","0","0","0","0","0","0","0","0","0","0","0","0","0","0","0","0","0","0","0","0","0","0","0","0","0","0","0","-2"
"428170","Southeastern College-West Palm Beach","2020","First major","'99'","Grand total","Associate's degree","102","15","87","0","0","0","3","0","3","32","2","30","41","7","34","0","0","0","17","3","14","0","0","0","9","3","6","0","0","0","-2"
"428259","Ottawa University-Milwaukee","2020","First major","'99'","Grand total","Bachelor's degree","64","7","57","1","0","1","2","1","1","5","1","4","4","0","4","0","0","0","50","5","45","0","0","0","2","0","2","0","0","0","-2"
"428259","Ottawa University-Milwaukee","2020","First major","'99'","Grand total","Master's degree","24","6","18","0","0","0","2","1","1","3","1","2","0","0","0","0","0","0","14","4","10","3","0","3","2","0","2","0","0","0","-2"
"428392","Klamath Community College","2020","First major","'99'","Grand total","Associate's degree","152","51","101","6","1","5","1","1","0","1","0","1","25","8","17","1","1","0","106","35","71","6","3","3","6","2","4","0","0","0","-2"
"429085","American College of Acupuncture and Oriental Med","2020","First major","'99'","Grand total","Master's degree","8","2","6","0","0","0","2","1","1","0","0","0","2","0","2","0","0","0","3","1","2","0","0","0","0","0","0","1","0","1","-2"
"429085","American College of Acupuncture and Oriental Med","2020","First major","'99'","Grand total","Doctor's degree - professional practice","12","3","9","0","0","0","2","0","2","0","0","0","2","1","1","0","0","0","5","2","3","0","0","0","1","0","1","2","0","2","-2"
"429094","AOMA Graduate School of Integrative Medicine","2020","First major","'99'","Grand total","Master's degree","25","6","19","0","0","0","4","1","3","1","0","1","1","1","0","0","0","0","15","3","12","3","0","3","1","1","0","0","0","0","-2"
"429094","AOMA Graduate School of Integrative Medicine","2020","First major","'99'","Grand total","Doctor's degree - research/scholarship","6","4","2","0","0","0","1","0","1","1","0","1","0","0","0","0","0","0","3","3","0","1","1","0","0","0","0","0","0","0","-2"
"429094","AOMA Graduate School of Integrative Medicine","2020","First major","'99'","Grand total","Doctor's degree - professional practice","17","3","14","1","0","1","1","0","1","0","0","0","1","0","1","0","0","0","14","3","11","0","0","0","0","0","0","0","0","0","-2"
"429128","Urban College of Boston","2020","First major","'99'","Grand total","Associate's degree","69","3","66","0","0","0","11","0","11","16","2","14","41","1","40","0","0","0","1","0","1","0","0","0","0","0","0","0","0","0","-2"
"430184","Strayer University-Maryland","2020","First major","'99'","Grand total","Associate's degree","183","41","142","3","2","1","1","1","0","138","27","111","13","4","9","0","0","0","13","4","9","9","2","7","6","1","5","0","0","0","-2"
"430184","Strayer University-Maryland","2020","First major","'99'","Grand total","Bachelor's degree","279","74","205","1","0","1","3","2","1","203","50","153","15","9","6","0","0","0","39","11","28","10","1","9","6","1","5","2","0","2","-2"
"430184","Strayer University-Maryland","2020","First major","'99'","Grand total","Master's degree","212","75","137","0","0","0","3","0","3","158","53","105","9","2","7","0","0","0","29","13","16","9","5","4","2","1","1","2","1","1","-2"
"430485","The Creative Center","2020","First major","'99'","Grand total","Associate's degree","13","3","10","1","1","0","0","0","0","0","0","0","0","0","0","0","0","0","11","2","9","1","0","1","0","0","0","0","0","0","-2"
"430485","The Creative Center","2020","First major","'99'","Grand total","Bachelor's degree","9","1","8","0","0","0","0","0","0","0","0","0","1","0","1","0","0","0","8","1","7","0","0","0","0","0","0","0","0","0","-2"
"430670","San Juan Bautista School of Medicine","2020","First major","'99'","Grand total","Bachelor's degree","9","1","8","0","0","0","0","0","0","0","0","0","9","1","8","0","0","0","0","0","0","0","0","0","0","0","0","0","0","0","-2"
"430670","San Juan Bautista School of Medicine","2020","First major","'99'","Grand total","Master's degree","6","2","4","0","0","0","0","0","0","0","0","0","6","2","4","0","0","0","0","0","0","0","0","0","0","0","0","0","0","0","-2"
"430670","San Juan Bautista School of Medicine","2020","First major","'99'","Grand total","Doctor's degree - professional practice","58","22","36","1","0","1","1","1","0","0","0","0","56","21","35","0","0","0","0","0","0","0","0","0","0","0","0","0","0","0","-2"
"430704","Texas Health and Science University","2020","First major","'99'","Grand total","Bachelor's degree","2","0","2","0","0","0","0","0","0","0","0","0","0","0","0","0","0","0","2","0","2","0","0","0","0","0","0","0","0","0","-2"
"430704","Texas Health and Science University","2020","First major","'99'","Grand total","Master's degree","22","7","15","0","0","0","3","1","2","1","1","0","4","1","3","0","0","0","2","1","1","0","0","0","6","1","5","6","2","4","-2"
"430704","Texas Health and Science University","2020","First major","'99'","Grand total","Doctor's degree - other","12","4","8","0","0","0","4","1","3","0","0","0","1","0","1","0","0","0","0","0","0","0","0","0","0","0","0","7","3","4","-2"
"430795","Carver Career Center","2020","First major","'99'","Grand total","Associate's degree","32","7","25","0","0","0","0","0","0","2","0","2","0","0","0","0","0","0","30","7","23","0","0","0","0","0","0","0","0","0","-2"
"430935","Colegio de Cinematografía Artes y Television","2020","First major","'99'","Grand total","Associate's degree","88","78","10","0","0","0","0","0","0","0","0","0","88","78","10","0","0","0","0","0","0","0","0","0","0","0","0","0","0","0","-2"
"431141","Institute of Technology","2020","First major","'99'","Grand total","Associate's degree","78","45","33","0","0","0","10","5","5","4","2","2","37","24","13","5","3","2","20","9","11","1","1","0","1","1","0","0","0","0","-2"
"431929","Trinity College of Puerto Rico","2020","First major","'99'","Grand total","Associate's degree","25","2","23","0","0","0","0","0","0","0","0","0","25","2","23","0","0","0","0","0","0","0","0","0","0","0","0","0","0","0","-2"
"431983","Yeshiva of the Telshe Alumni","2020","First major","'99'","Grand total","Bachelor's degree","2","2","0","0","0","0","0","0","0","0","0","0","0","0","0","0","0","0","2","2","0","0","0","0","0","0","0","0","0","0","-2"
"432223","University of Phoenix-Washington","2020","First major","'99'","Grand total","Bachelor's degree","17","10","7","0","0","0","1","0","1","2","2","0","1","1","0","0","0","0","9","5","4","0","0","0","4","2","2","0","0","0","-2"
"432223","University of Phoenix-Washington","2020","First major","'99'","Grand total","Master's degree","1","0","1","0","0","0","0","0","0","1","0","1","0","0","0","0","0","0","0","0","0","0","0","0","0","0","0","0","0","0","-2"
"432348","Appalachian School of Law","2020","First major","'99'","Grand total","Master's degree","48","21","27","1","1","0","3","0","3","2","2","0","2","2","0","0","0","0","37","15","22","0","0","0","3","1","2","0","0","0","-2"
"432348","Appalachian School of Law","2020","First major","'99'","Grand total","Doctor's degree - professional practice","49","25","24","1","0","1","2","2","0","11","6","5","3","0","3","0","0","0","30","16","14","0","0","0","2","1","1","0","0","0","-2"
"432384","Platt College-Ontario","2020","First major","'99'","Grand total","Associate's degree","197","53","144","1","0","1","13","7","6","16","4","12","119","32","87","2","0","2","39","6","33","5","4","1","2","0","2","0","0","0","-2"
"432384","Platt College-Ontario","2020","First major","'99'","Grand total","Bachelor's degree","58","13","45","0","0","0","3","1","2","4","2","2","34","5","29","1","0","1","12","3","9","4","2","2","0","0","0","0","0","0","-2"
"432524","Delaware College of Art and Design","2020","First major","'99'","Grand total","Associate's degree","42","16","26","0","0","0","0","0","0","11","5","6","1","0","1","0","0","0","17","8","9","8","2","6","4","1","3","1","0","1","-2"
"433004","American University of Health Sciences","2020","First major","'99'","Grand total","Bachelor's degree","55","15","40","0","0","0","36","12","24","5","1","4","9","0","9","0","0","0","2","1","1","3","1","2","0","0","0","0","0","0","-2"
"433004","American University of Health Sciences","2020","First major","'99'","Grand total","Master's degree","0","0","0","0","0","0","0","0","0","0","0","0","0","0","0","0","0","0","0","0","0","0","0","0","0","0","0","0","0","0","-2"
"433004","American University of Health Sciences","2020","First major","'99'","Grand total","Doctor's degree - professional practice","0","0","0","0","0","0","0","0","0","0","0","0","0","0","0","0","0","0","0","0","0","0","0","0","0","0","0","0","0","0","-2"
"433013","Career Networks Institute","2020","First major","'99'","Grand total","Associate's degree","116","32","84","3","1","2","39","7","32","7","2","5","34","11","23","0","0","0","21","9","12","2","0","2","9","2","7","1","0","1","-2"
"433013","Career Networks Institute","2020","First major","'99'","Grand total","Bachelor's degree","3","0","3","0","0","0","2","0","2","0","0","0","0","0","0","0","0","0","1","0","1","0","0","0","0","0","0","0","0","0","-2"
"433174","Carolinas College of Health Sciences","2020","First major","'99'","Grand total","Associate's degree","128","8","120","0","0","0","3","0","3","17","0","17","8","1","7","0","0","0","94","6","88","4","0","4","2","1","1","0","0","0","-2"
"433174","Carolinas College of Health Sciences","2020","First major","'99'","Grand total","Bachelor's degree","10","0","10","0","0","0","0","0","0","0","0","0","1","0","1","0","0","0","7","0","7","2","0","2","0","0","0","0","0","0","-2"
"433387","Western Governors University","2020","First major","'99'","Grand total","Bachelor's degree","24676","7129","17547","182","43","139","957","318","639","1615","447","1168","2083","662","1421","124","43","81","17804","5010","12794","609","207","402","1283","395","888","19","4","15","-2"
"433387","Western Governors University","2020","First major","'99'","Grand total","Master's degree","17808","5531","12277","121","38","83","721","281","440","1323","441","882","1226","452","774","72","25","47","12879","3774","9105","436","154","282","1002","351","651","28","15","13","-2"
"433420","California Aeronautical University","2020","First major","'99'","Grand total","Associate's degree","1","1","0","0","0","0","0","0","0","0","0","0","1","1","0","0","0","0","0","0","0","0","0","0","0","0","0","0","0","0","-2"
"433420","California Aeronautical University","2020","First major","'99'","Grand total","Bachelor's degree","15","15","0","0","0","0","1","1","0","0","0","0","4","4","0","0","0","0","3","3","0","0","0","0","7","7","0","0","0","0","-2"
"433420","California Aeronautical University","2020","First major","'99'","Grand total","Master's degree","6","1","5","1","0","1","0","0","0","3","1","2","0","0","0","0","0","0","2","0","2","0","0","0","0","0","0","0","0","0","-2"
"433536","Herzing University-New Orleans","2020","First major","'99'","Grand total","Associate's degree","75","3","72","1","0","1","0","0","0","44","2","42","3","0","3","0","0","0","24","1","23","1","0","1","2","0","2","0","0","0","-2"
"433536","Herzing University-New Orleans","2020","First major","'99'","Grand total","Bachelor's degree","31","4","27","0","0","0","0","0","0","15","3","12","3","0","3","0","0","0","9","0","9","1","1","0","3","0","3","0","0","0","-2"
"433536","Herzing University-New Orleans","2020","First major","'99'","Grand total","Master's degree","17","5","12","0","0","0","0","0","0","11","3","8","1","0","1","0","0","0","5","2","3","0","0","0","0","0","0","0","0","0","-2"
"433660","Florida Gulf Coast University","2020","First major","'99'","Grand total","Associate's degree","238","81","157","0","0","0","4","2","2","25","7","18","54","17","37","1","0","1","140","51","89","7","1","6","2","1","1","5","2","3","-2"
"433660","Florida Gulf Coast University","2020","First major","'99'","Grand total","Bachelor's degree","2931","1182","1749","8","3","5","50","15","35","205","77","128","595","228","367","2","0","2","1886","776","1110","83","33","50","38","20","18","64","30","34","-2"
"433660","Florida Gulf Coast University","2020","First major","'99'","Grand total","Master's degree","313","104","209","0","0","0","6","1","5","27","15","12","45","15","30","0","0","0","211","70","141","8","0","8","10","1","9","6","2","4","-2"
"433660","Florida Gulf Coast University","2020","First major","'99'","Grand total","Doctor's degree - research/scholarship","6","0","6","0","0","0","0","0","0","0","0","0","3","0","3","0","0","0","3","0","3","0","0","0","0","0","0","0","0","0","-2"
"433660","Florida Gulf Coast University","2020","First major","'99'","Grand total","Doctor's degree - professional practice","43","13","30","0","0","0","1","0","1","2","1","1","7","3","4","0","0","0","31","8","23","0","0","0","1","0","1","1","1","0","-2"
"433660","Florida Gulf Coast University","2020","Second major","'99'","Grand total","Bachelor's degree","62","23","39","2","0","2","0","0","0","5","1","4","13","4","9","0","0","0","41","18","23","0","0","0","1","0","1","0","0","0","-2"
"434016","Little Priest Tribal College","2020","First major","'99'","Grand total","Associate's degree","12","5","7","9","2","7","0","0","0","2","2","0","0","0","0","0","0","0","1","1","0","0","0","0","0","0","0","0","0","0","-2"
"434061","South Louisiana Community College","2020","First major","'99'","Grand total","Associate's degree","624","262","362","3","2","1","14","6","8","177","55","122","31","18","13","6","0","6","343","158","185","16","4","12","21","13","8","13","6","7","-2"
"434061","South Louisiana Community College","2020","Second major","'99'","Grand total","Associate's degree","5","3","2","0","0","0","0","0","0","1","0","1","1","1","0","0","0","0","3","2","1","0","0","0","0","0","0","0","0","0","-2"
"434140","Pima Medical Institute-Chula Vista","2020","First major","'99'","Grand total","Associate's degree","83","12","71","0","0","0","10","5","5","2","1","1","32","4","28","0","0","0","34","1","33","5","1","4","0","0","0","0","0","0","-2"
"434159","Lincoln College of Technology-Marietta","2020","First major","'99'","Grand total","Associate's degree","41","29","12","0","0","0","1","1","0","29","23","6","8","5","3","0","0","0","2","0","2","1","0","1","0","0","0","0","0","0","-2"
"434432","Myotherapy Institute","2020","First major","'99'","Grand total","Associate's degree","16","4","12","0","0","0","0","0","0","0","0","0","2","1","1","0","0","0","14","3","11","0","0","0","0","0","0","0","0","0","-2"
"434441","Florida College of Integrative Medicine","2020","First major","'99'","Grand total","Master's degree","32","8","24","0","0","0","12","2","10","3","0","3","2","0","2","0","0","0","12","4","8","0","0","0","0","0","0","3","2","1","-2"
"434539","City College-Miami","2020","First major","'99'","Grand total","Associate's degree","27","14","13","0","0","0","0","0","0","3","0","3","17","12","5","0","0","0","6","1","5","1","1","0","0","0","0","0","0","0","-2"
"434539","City College-Miami","2020","First major","'99'","Grand total","Bachelor's degree","2","0","2","0","0","0","0","0","0","0","0","0","2","0","2","0","0","0","0","0","0","0","0","0","0","0","0","0","0","0","-2"
"434584","Ilisagvik College","2020","First major","'99'","Grand total","Associate's degree","9","1","8","6","1","5","0","0","0","0","0","0","0","0","0","1","0","1","2","0","2","0","0","0","0","0","0","0","0","0","-2"
"434584","Ilisagvik College","2020","First major","'99'","Grand total","Bachelor's degree","1","0","1","1","0","1","0","0","0","0","0","0","0","0","0","0","0","0","0","0","0","0","0","0","0","0","0","0","0","0","-2"
"434672","Community College of Baltimore County","2020","First major","'99'","Grand total","Associate's degree","1925","752","1173","6","1","5","130","65","65","560","161","399","110","49","61","2","1","1","920","393","527","75","28","47","16","5","11","106","49","57","-2"
"434715","Florida Coastal School of Law","2020","First major","'99'","Grand total","Doctor's degree - professional practice","63","27","36","0","0","0","3","0","3","9","3","6","6","1","5","1","0","1","42","21","21","0","0","0","2","2","0","0","0","0","-2"
"434751","White Earth Tribal and Community College","2020","First major","'99'","Grand total","Associate's degree","19","7","12","16","7","9","0","0","0","0","0","0","0","0","0","0","0","0","2","0","2","1","0","1","0","0","0","0","0","0","-2"
"434821","Blue Cliff College-Metairie","2020","First major","'99'","Grand total","Associate's degree","0","0","0","0","0","0","0","0","0","0","0","0","0","0","0","0","0","0","0","0","0","0","0","0","0","0","0","0","0","0","-2"
"434900","Dewey University-Carolina","2020","First major","'99'","Grand total","Associate's degree","48","11","37","0","0","0","0","0","0","0","0","0","48","11","37","0","0","0","0","0","0","0","0","0","0","0","0","0","0","0","-2"
"434900","Dewey University-Carolina","2020","First major","'99'","Grand total","Bachelor's degree","16","0","16","0","0","0","0","0","0","0","0","0","16","0","16","0","0","0","0","0","0","0","0","0","0","0","0","0","0","0","-2"
"434937","Yeshiva College of the Nations Capital","2020","First major","'99'","Grand total","Bachelor's degree","8","8","0","0","0","0","0","0","0","0","0","0","1","1","0","0","0","0","7","7","0","0","0","0","0","0","0","0","0","0","-2"
"435000","Louisiana State University Health Sciences Center-Shreveport","2020","First major","'99'","Grand total","Bachelor's degree","15","3","12","0","0","0","4","0","4","2","1","1","2","0","2","0","0","0","7","2","5","0","0","0","0","0","0","0","0","0","-2"
"435000","Louisiana State University Health Sciences Center-Shreveport","2020","First major","'99'","Grand total","Master's degree","71","10","61","1","0","1","1","1","0","1","0","1","3","1","2","0","0","0","60","8","52","2","0","2","3","0","3","0","0","0","-2"
"435000","Louisiana State University Health Sciences Center-Shreveport","2020","First major","'99'","Grand total","Doctor's degree - research/scholarship","7","4","3","0","0","0","1","1","0","0","0","0","0","0","0","0","0","0","3","2","1","0","0","0","0","0","0","3","1","2","-2"
"435000","Louisiana State University Health Sciences Center-Shreveport","2020","First major","'99'","Grand total","Doctor's degree - professional practice","160","69","91","0","0","0","17","9","8","7","1","6","5","1","4","1","0","1","129","58","71","1","0","1","0","0","0","0","0","0","-2"
"436261","Southwest Acupuncture College-Boulder","2020","First major","'99'","Grand total","Master's degree","12","1","11","0","0","0","0","0","0","0","0","0","0","0","0","0","0","0","10","1","9","0","0","0","2","0","2","0","0","0","-2"
"436304","River Parishes Community College","2020","First major","'99'","Grand total","Associate's degree","326","197","129","2","2","0","6","0","6","69","37","32","19","8","11","4","2","2","212","141","71","3","2","1","8","5","3","3","0","3","-2"
"436429","Los Angeles Film School","2020","First major","'99'","Grand total","Associate's degree","678","510","168","1","1","0","7","5","2","36","27","9","34","22","12","0","0","0","28","22","6","18","11","7","519","397","122","35","25","10","-2"
"436429","Los Angeles Film School","2020","First major","'99'","Grand total","Bachelor's degree","391","273","118","0","0","0","22","14","8","41","34","7","77","51","26","0","0","0","61","50","11","19","15","4","128","75","53","43","34","9","-2"
"436599","FINE Mortuary College","2020","First major","'99'","Grand total","Associate's degree","31","9","22","0","0","0","0","0","0","2","0","2","2","1","1","0","0","0","27","8","19","0","0","0","0","0","0","0","0","0","-2"
"436614","International Baptist College and Seminary","2020","First major","'99'","Grand total","Associate's degree","1","0","1","0","0","0","0","0","0","0","0","0","0","0","0","0","0","0","1","0","1","0","0","0","0","0","0","0","0","0","-2"
"436614","International Baptist College and Seminary","2020","First major","'99'","Grand total","Bachelor's degree","7","3","4","1","0","1","0","0","0","0","0","0","1","1","0","0","0","0","3","0","3","0","0","0","0","0","0","2","2","0","-2"
"436614","International Baptist College and Seminary","2020","First major","'99'","Grand total","Master's degree","5","4","1","0","0","0","0","0","0","0","0","0","0","0","0","1","1","0","4","3","1","0","0","0","0","0","0","0","0","0","-2"
"436614","International Baptist College and Seminary","2020","First major","'99'","Grand total","Doctor's degree - other","0","0","0","0","0","0","0","0","0","0","0","0","0","0","0","0","0","0","0","0","0","0","0","0","0","0","0","0","0","0","-2"
"437097","University of Management and Technology","2020","First major","'99'","Grand total","Associate's degree","27","22","5","0","0","0","1","1","0","6","4","2","2","2","0","1","0","1","8","7","1","1","1","0","8","7","1","0","0","0","-2"
"437097","University of Management and Technology","2020","First major","'99'","Grand total","Bachelor's degree","335","193","142","0","0","0","23","13","10","28","21","7","7","5","2","0","0","0","39","35","4","5","3","2","233","116","117","0","0","0","-2"
"437097","University of Management and Technology","2020","First major","'99'","Grand total","Master's degree","240","139","101","0","0","0","2","2","0","23","17","6","9","7","2","0","0","0","20","14","6","0","0","0","186","99","87","0","0","0","-2"
"437097","University of Management and Technology","2020","First major","'99'","Grand total","Doctor's degree - research/scholarship","30","22","8","0","0","0","4","4","0","0","0","0","0","0","0","0","0","0","0","0","0","0","0","0","26","18","8","0","0","0","-2"
"437103","Baton Rouge Community College","2020","First major","'99'","Grand total","Associate's degree","502","198","304","1","0","1","11","5","6","164","46","118","22","5","17","7","2","5","265","130","135","20","4","16","6","5","1","6","1","5","-2"
"437316","Linfield University-School of Nursing","2020","First major","'99'","Grand total","Bachelor's degree","189","31","158","1","0","1","19","3","16","5","1","4","19","5","14","2","1","1","119","15","104","18","4","14","5","1","4","1","1","0","-2"
"437316","Linfield University-School of Nursing","2020","First major","'99'","Grand total","Master's degree","0","0","0","0","0","0","0","0","0","0","0","0","0","0","0","0","0","0","0","0","0","0","0","0","0","0","0","0","0","0","-2"
"437325","Linfield University-Online and Continuing Education","2020","First major","'99'","Grand total","Bachelor's degree","96","20","76","2","0","2","8","1","7","1","0","1","11","5","6","0","0","0","68","14","54","3","0","3","2","0","2","1","0","1","-2"
"437635","The College of Health Care Professions-Austin","2020","First major","'99'","Grand total","Associate's degree","8","0","8","0","0","0","0","0","0","0","0","0","2","0","2","0","0","0","6","0","6","0","0","0","0","0","0","0","0","0","-2"
"437705","Monteclaro Escuela de Hoteleria y Artes Culinarias","2020","First major","'99'","Grand total","Associate's degree","0","0","0","0","0","0","0","0","0","0","0","0","0","0","0","0","0","0","0","0","0","0","0","0","0","0","0","0","0","0","-2"
"437732","Chicago School of Professional Psychology - College of Nursing","2020","First major","'99'","Grand total","Associate's degree","51","10","41","0","0","0","3","1","2","26","5","21","8","1","7","0","0","0","10","3","7","1","0","1","3","0","3","0","0","0","-2"
"437732","Chicago School of Professional Psychology - College of Nursing","2020","First major","'99'","Grand total","Bachelor's degree","2","0","2","0","0","0","1","0","1","0","0","0","0","0","0","0","0","0","1","0","1","0","0","0","0","0","0","0","0","0","-2"
"437750","Professional Golfers Career College","2020","First major","'99'","Grand total","Associate's degree","41","38","3","1","1","0","2","2","0","1","1","0","0","0","0","0","0","0","26","26","0","0","0","0","1","1","0","10","7","3","-2"
"437769","Chester Career College","2020","First major","'99'","Grand total","Associate's degree","25","2","23","0","0","0","0","0","0","16","1","15","0","0","0","0","0","0","9","1","8","0","0","0","0","0","0","0","0","0","-2"
"437936","Carrington College-San Jose","2020","First major","'99'","Grand total","Associate's degree","112","12","100","1","0","1","32","1","31","5","3","2","39","2","37","2","2","0","29","4","25","2","0","2","2","0","2","0","0","0","-2"
"438151","Stevens-Henager College","2020","First major","'99'","Grand total","Associate's degree","36","16","20","1","0","1","1","1","0","0","0","0","5","1","4","1","1","0","21","11","10","4","2","2","3","0","3","0","0","0","-2"
"438151","Stevens-Henager College","2020","First major","'99'","Grand total","Bachelor's degree","15","11","4","0","0","0","1","1","0","0","0","0","0","0","0","0","0","0","12","8","4","2","2","0","0","0","0","0","0","0","-2"
"438151","Stevens-Henager College","2020","First major","'99'","Grand total","Master's degree","51","21","30","0","0","0","35","15","20","2","1","1","7","4","3","1","0","1","4","1","3","0","0","0","2","0","2","0","0","0","-2"
"438179","Brookline College-Tucson","2020","First major","'99'","Grand total","Associate's degree","26","8","18","0","0","0","1","1","0","4","2","2","14","4","10","0","0","0","7","1","6","0","0","0","0","0","0","0","0","0","-2"
"438179","Brookline College-Tucson","2020","First major","'99'","Grand total","Bachelor's degree","0","0","0","0","0","0","0","0","0","0","0","0","0","0","0","0","0","0","0","0","0","0","0","0","0","0","0","0","0","0","-2"
"438221","Platt College-McCann-Lewisburg","2020","First major","'99'","Grand total","Associate's degree","45","12","33","0","0","0","0","0","0","2","0","2","4","2","2","0","0","0","39","10","29","0","0","0","0","0","0","0","0","0","-2"
"438258","Carrington College-Pleasant Hill Campus","2020","First major","'99'","Grand total","Associate's degree","81","35","46","0","0","0","19","13","6","9","4","5","12","4","8","7","5","2","26","7","19","5","2","3","3","0","3","0","0","0","-2"
"438498","Stratford University","2020","First major","'99'","Grand total","Associate's degree","184","63","121","2","0","2","4","2","2","122","40","82","11","4","7","1","1","0","32","12","20","4","1","3","7","3","4","1","0","1","-2"
"438498","Stratford University","2020","First major","'99'","Grand total","Bachelor's degree","221","66","155","2","0","2","14","1","13","96","29","67","11","3","8","2","0","2","50","19","31","11","3","8","29","9","20","6","2","4","-2"
"438498","Stratford University","2020","First major","'99'","Grand total","Master's degree","189","87","102","3","1","2","10","6","4","57","25","32","7","3","4","0","0","0","32","20","12","4","1","3","16","5","11","60","26","34","-2"
"438504","Universal Technical Institute of California Inc","2020","First major","'99'","Grand total","Associate's degree","413","396","17","6","4","2","17","17","0","3","3","0","265","255","10","3","3","0","69","67","2","41","38","3","9","9","0","0","0","0","-2"
"438586","American InterContinental University-Atlanta","2020","First major","'99'","Grand total","Associate's degree","95","26","69","0","0","0","0","0","0","54","19","35","1","0","1","1","0","1","10","5","5","4","0","4","25","2","23","0","0","0","-2"
"438586","American InterContinental University-Atlanta","2020","First major","'99'","Grand total","Bachelor's degree","289","107","182","2","1","1","2","1","1","174","54","120","1","0","1","1","1","0","35","14","21","9","2","7","65","34","31","0","0","0","-2"
"438586","American InterContinental University-Atlanta","2020","First major","'99'","Grand total","Master's degree","132","40","92","2","1","1","3","0","3","85","23","62","2","0","2","0","0","0","9","6","3","3","2","1","28","8","20","0","0","0","-2"
"438708","Eastern West Virginia Community and Technical College","2020","First major","'99'","Grand total","Associate's degree","77","20","57","0","0","0","0","0","0","0","0","0","0","0","0","0","0","0","76","20","56","1","0","1","0","0","0","0","0","0","-2"
"438869","Remington College-Little Rock Campus","2020","First major","'99'","Grand total","Associate's degree","7","2","5","0","0","0","0","0","0","6","2","4","0","0","0","0","0","0","1","0","1","0","0","0","0","0","0","0","0","0","-2"
"439020","Midwest College of Oriental Medicine-Evanston","2020","First major","'99'","Grand total","Master's degree","5","1","4","0","0","0","0","0","0","2","0","2","1","0","1","0","0","0","1","0","1","1","1","0","0","0","0","0","0","0","-2"
"439020","Midwest College of Oriental Medicine-Evanston","2020","First major","'99'","Grand total","Doctor's degree - other","0","0","0","0","0","0","0","0","0","0","0","0","0","0","0","0","0","0","0","0","0","0","0","0","0","0","0","0","0","0","-2"
"439118","Carrington College-Spokane","2020","First major","'99'","Grand total","Associate's degree","40","11","29","0","0","0","3","2","1","3","1","2","2","0","2","0","0","0","30","8","22","1","0","1","1","0","1","0","0","0","-2"
"439190","Cascadia College","2020","First major","'99'","Grand total","Associate's degree","515","238","277","1","0","1","52","22","30","5","2","3","51","18","33","2","1","1","234","121","113","42","15","27","48","17","31","80","42","38","-2"
"439190","Cascadia College","2020","First major","'99'","Grand total","Bachelor's degree","5","2","3","0","0","0","0","0","0","0","0","0","1","1","0","0","0","0","4","1","3","0","0","0","0","0","0","0","0","0","-2"
"439288","Johnson & Wales University-Denver","2020","First major","'99'","Grand total","Associate's degree","80","36","44","0","0","0","4","1","3","3","1","2","14","6","8","0","0","0","50","22","28","2","2","0","6","3","3","1","1","0","-2"
"439288","Johnson & Wales University-Denver","2020","First major","'99'","Grand total","Bachelor's degree","181","56","125","2","0","2","5","2","3","18","1","17","28","11","17","0","0","0","105","32","73","14","7","7","7","1","6","2","2","0","-2"
"439288","Johnson & Wales University-Denver","2020","First major","'99'","Grand total","Master's degree","17","7","10","0","0","0","0","0","0","0","0","0","4","2","2","0","0","0","12","5","7","0","0","0","1","0","1","0","0","0","-2"
"439367","CBD College","2020","First major","'99'","Grand total","Associate's degree","250","75","175","0","0","0","62","26","36","11","3","8","65","17","48","8","3","5","61","13","48","0","0","0","43","13","30","0","0","0","-2"
"439367","CBD College","2020","First major","'99'","Grand total","Bachelor's degree","0","0","0","0","0","0","0","0","0","0","0","0","0","0","0","0","0","0","0","0","0","0","0","0","0","0","0","0","0","0","-2"
"439394","East West College of Natural Medicine","2020","First major","'99'","Grand total","Master's degree","27","6","21","0","0","0","3","1","2","2","1","1","3","0","3","0","0","0","18","4","14","0","0","0","1","0","1","0","0","0","-2"
"439446","Atlantic Institute of Oriental Medicine","2020","First major","'99'","Grand total","Bachelor's degree","9","1","8","0","0","0","1","0","1","1","0","1","3","0","3","0","0","0","4","1","3","0","0","0","0","0","0","0","0","0","-2"
"439446","Atlantic Institute of Oriental Medicine","2020","First major","'99'","Grand total","Master's degree","10","1","9","0","0","0","1","0","1","1","0","1","3","0","3","0","0","0","4","1","3","0","0","0","0","0","0","1","0","1","-2"
"439446","Atlantic Institute of Oriental Medicine","2020","First major","'99'","Grand total","Doctor's degree - other","18","7","11","0","0","0","4","3","1","0","0","0","5","3","2","0","0","0","8","1","7","0","0","0","0","0","0","1","0","1","-2"
"439507","Quest College","2020","First major","'99'","Grand total","Associate's degree","0","0","0","0","0","0","0","0","0","0","0","0","0","0","0","0","0","0","0","0","0","0","0","0","0","0","0","0","0","0","-2"
"439570","Community Care College","2020","First major","'99'","Grand total","Associate's degree","49","6","43","10","0","10","1","0","1","9","2","7","4","0","4","0","0","0","24","4","20","1","0","1","0","0","0","0","0","0","-2"
"439701","The King's University","2020","First major","'99'","Grand total","Associate's degree","6","3","3","0","0","0","0","0","0","0","0","0","1","1","0","0","0","0","4","2","2","0","0","0","0","0","0","1","0","1","-2"
"439701","The King's University","2020","First major","'99'","Grand total","Bachelor's degree","45","17","28","1","1","0","2","2","0","2","0","2","10","2","8","0","0","0","26","11","15","2","1","1","0","0","0","2","0","2","-2"
"439701","The King's University","2020","First major","'99'","Grand total","Master's degree","55","24","31","2","1","1","3","1","2","10","4","6","9","3","6","0","0","0","29","14","15","0","0","0","1","1","0","1","0","1","-2"
"439701","The King's University","2020","First major","'99'","Grand total","Doctor's degree - other","0","0","0","0","0","0","0","0","0","0","0","0","0","0","0","0","0","0","0","0","0","0","0","0","0","0","0","0","0","0","-2"
"439738","Fortis College-Baton Rouge","2020","First major","'99'","Grand total","Associate's degree","24","3","21","0","0","0","0","0","0","15","2","13","1","0","1","0","0","0","7","1","6","0","0","0","1","0","1","0","0","0","-2"
"439783","New York College of Traditional Chinese Medicine","2020","First major","'99'","Grand total","Master's degree","54","21","33","1","0","1","43","18","25","1","0","1","0","0","0","0","0","0","7","2","5","0","0","0","0","0","0","2","1","1","-2"
"439792","Fortis College-Orange Park","2020","First major","'99'","Grand total","Associate's degree","48","4","44","0","0","0","5","3","2","13","1","12","2","0","2","0","0","0","27","0","27","1","0","1","0","0","0","0","0","0","-2"
"439817","Northeastern Seminary","2020","First major","'99'","Grand total","Master's degree","26","15","11","0","0","0","0","0","0","7","2","5","3","2","1","0","0","0","15","11","4","1","0","1","0","0","0","0","0","0","-2"
"439817","Northeastern Seminary","2020","First major","'99'","Grand total","Doctor's degree - other","5","3","2","0","0","0","0","0","0","3","1","2","0","0","0","0","0","0","1","1","0","0","0","0","0","0","0","1","1","0","-2"
"439862","Pacific Islands University","2020","First major","'99'","Grand total","Associate's degree","2","2","0","0","0","0","0","0","0","0","0","0","0","0","0","1","1","0","1","1","0","0","0","0","0","0","0","0","0","0","-2"
"439862","Pacific Islands University","2020","First major","'99'","Grand total","Bachelor's degree","8","3","5","0","0","0","0","0","0","0","0","0","0","0","0","7","2","5","0","0","0","0","0","0","0","0","0","1","1","0","-2"
"439862","Pacific Islands University","2020","First major","'99'","Grand total","Master's degree","0","0","0","0","0","0","0","0","0","0","0","0","0","0","0","0","0","0","0","0","0","0","0","0","0","0","0","0","0","0","-2"
"439871","PCI College","2020","First major","'99'","Grand total","Associate's degree","25","4","21","0","0","0","5","1","4","0","0","0","18","3","15","1","0","1","1","0","1","0","0","0","0","0","0","0","0","0","-2"
"439871","PCI College","2020","First major","'99'","Grand total","Bachelor's degree","1","0","1","0","0","0","0","0","0","0","0","0","1","0","1","0","0","0","0","0","0","0","0","0","0","0","0","0","0","0","-2"
"439899","Rosedale Bible College","2020","First major","'99'","Grand total","Associate's degree","18","10","8","0","0","0","0","0","0","0","0","0","0","0","0","0","0","0","18","10","8","0","0","0","0","0","0","0","0","0","-2"
"439914","Seattle Institute of East Asian Medicine","2020","First major","'99'","Grand total","Master's degree","7","1","6","0","0","0","1","0","1","0","0","0","0","0","0","0","0","0","1","0","1","0","0","0","5","1","4","0","0","0","-2"
"439914","Seattle Institute of East Asian Medicine","2020","First major","'99'","Grand total","Doctor's degree - professional practice","5","1","4","0","0","0","0","0","0","0","0","0","0","0","0","0","0","0","0","0","0","0","0","0","5","1","4","0","0","0","-2"
"439969","Acupuncture and Massage College","2020","First major","'99'","Grand total","Associate's degree","17","7","10","0","0","0","1","0","1","2","1","1","8","2","6","0","0","0","4","3","1","0","0","0","0","0","0","2","1","1","-2"
"439969","Acupuncture and Massage College","2020","First major","'99'","Grand total","Bachelor's degree","0","0","0","0","0","0","0","0","0","0","0","0","0","0","0","0","0","0","0","0","0","0","0","0","0","0","0","0","0","0","-2"
"439969","Acupuncture and Massage College","2020","First major","'99'","Grand total","Master's degree","26","9","17","0","0","0","4","2","2","2","1","1","14","6","8","0","0","0","4","0","4","0","0","0","0","0","0","2","0","2","-2"
"440031","Keck Graduate Institute","2020","First major","'99'","Grand total","Master's degree","127","51","76","1","0","1","51","21","30","4","1","3","17","6","11","2","1","1","22","10","12","8","2","6","12","6","6","10","4","6","-2"
"440031","Keck Graduate Institute","2020","First major","'99'","Grand total","Doctor's degree - research/scholarship","2","0","2","0","0","0","0","0","0","0","0","0","0","0","0","0","0","0","2","0","2","0","0","0","0","0","0","0","0","0","-2"
"440031","Keck Graduate Institute","2020","First major","'99'","Grand total","Doctor's degree - professional practice","77","31","46","0","0","0","41","20","21","4","2","2","7","2","5","0","0","0","20","6","14","4","1","3","1","0","1","0","0","0","-2"
"440059","Aviation Institute of Maintenance-Atlanta","2020","First major","'99'","Grand total","Associate's degree","0","0","0","0","0","0","0","0","0","0","0","0","0","0","0","0","0","0","0","0","0","0","0","0","0","0","0","0","0","0","-2"
"440262","New York Automotive and Diesel Institute","2020","First major","'99'","Grand total","Associate's degree","88","88","0","1","1","0","8","8","0","35","35","0","22","22","0","0","0","0","11","11","0","1","1","0","10","10","0","0","0","0","-2"
"440271","Remington College-Baton Rouge Campus","2020","First major","'99'","Grand total","Associate's degree","18","14","4","0","0","0","0","0","0","16","12","4","0","0","0","0","0","0","2","2","0","0","0","0","0","0","0","0","0","0","-2"
"440396","New Saint Andrews College","2020","First major","'99'","Grand total","Associate's degree","4","0","4","0","0","0","0","0","0","0","0","0","0","0","0","0","0","0","0","0","0","0","0","0","4","0","4","0","0","0","-2"
"440396","New Saint Andrews College","2020","First major","'99'","Grand total","Bachelor's degree","30","14","16","0","0","0","0","0","0","0","0","0","0","0","0","0","0","0","5","4","1","0","0","0","23","8","15","2","2","0","-2"
"440396","New Saint Andrews College","2020","First major","'99'","Grand total","Master's degree","3","2","1","0","0","0","0","0","0","0","0","0","0","0","0","0","0","0","1","0","1","0","0","0","2","2","0","0","0","0","-2"
"440402","Arkansas State University-Newport","2020","First major","'99'","Grand total","Associate's degree","280","75","205","0","0","0","1","1","0","29","5","24","14","3","11","0","0","0","220","65","155","2","0","2","14","1","13","0","0","0","-2"
"440651","Atenas College","2020","First major","'99'","Grand total","Associate's degree","116","18","98","0","0","0","0","0","0","0","0","0","116","18","98","0","0","0","0","0","0","0","0","0","0","0","0","0","0","0","-2"
"440651","Atenas College","2020","First major","'99'","Grand total","Bachelor's degree","74","12","62","0","0","0","0","0","0","0","0","0","74","12","62","0","0","0","0","0","0","0","0","0","0","0","0","0","0","0","-2"
"440749","National American University-Ellsworth AFB Extension","2020","First major","'99'","Grand total","Associate's degree","8","5","3","0","0","0","0","0","0","3","1","2","0","0","0","0","0","0","5","4","1","0","0","0","0","0","0","0","0","0","-2"
"440749","National American University-Ellsworth AFB Extension","2020","First major","'99'","Grand total","Bachelor's degree","28","19","9","0","0","0","0","0","0","5","3","2","4","2","2","0","0","0","18","13","5","1","1","0","0","0","0","0","0","0","-2"
"440776","Interactive College of Technology","2020","First major","'99'","Grand total","Associate's degree","2","0","2","0","0","0","0","0","0","0","0","0","0","0","0","0","0","0","2","0","2","0","0","0","0","0","0","0","0","0","-2"
"440794","Pillar College","2020","First major","'99'","Grand total","Associate's degree","29","3","26","0","0","0","1","0","1","2","0","2","25","3","22","0","0","0","0","0","0","1","0","1","0","0","0","0","0","0","-2"
"440794","Pillar College","2020","First major","'99'","Grand total","Bachelor's degree","59","9","50","0","0","0","2","1","1","28","4","24","20","1","19","0","0","0","5","3","2","1","0","1","3","0","3","0","0","0","-2"
"440794","Pillar College","2020","First major","'99'","Grand total","Master's degree","47","10","37","0","0","0","1","1","0","28","5","23","12","2","10","0","0","0","4","2","2","2","0","2","0","0","0","0","0","0","-2"
"440916","Southern University Law Center","2020","First major","'99'","Grand total","Doctor's degree - professional practice","157","67","90","0","0","0","3","1","2","88","28","60","3","0","3","0","0","0","55","34","21","7","3","4","1","1","0","0","0","0","-2"
"441025","Platt College-Miller-Motte Technical-Charleston","2020","First major","'99'","Grand total","Associate's degree","36","6","30","0","0","0","1","0","1","21","5","16","2","0","2","0","0","0","10","1","9","1","0","1","1","0","1","0","0","0","-2"
"441052","American Career College-Anaheim","2020","First major","'99'","Grand total","Associate's degree","156","66","90","0","0","0","57","30","27","6","3","3","47","20","27","7","4","3","28","5","23","9","3","6","1","0","1","1","1","0","-2"
"441070","Saginaw Chippewa Tribal College","2020","First major","'99'","Grand total","Associate's degree","13","3","10","12","3","9","0","0","0","0","0","0","0","0","0","0","0","0","1","0","1","0","0","0","0","0","0","0","0","0","-2"
"441104","Richmont Graduate University","2020","First major","'99'","Grand total","Master's degree","68","16","52","1","1","0","0","0","0","7","0","7","5","2","3","0","0","0","51","13","38","2","0","2","2","0","2","0","0","0","-2"
"441131","The Seattle School of Theology & Psychology","2020","First major","'99'","Grand total","Master's degree","71","22","49","0","0","0","5","0","5","4","2","2","5","1","4","0","0","0","57","19","38","0","0","0","0","0","0","0","0","0","-2"
"441229","West Coast Ultrasound Institute","2020","First major","'99'","Grand total","Associate's degree","361","162","199","0","0","0","25","15","10","20","16","4","141","66","75","0","0","0","175","65","110","0","0","0","0","0","0","0","0","0","-2"
"441229","West Coast Ultrasound Institute","2020","First major","'99'","Grand total","Bachelor's degree","21","9","12","0","0","0","2","2","0","0","0","0","8","2","6","0","0","0","11","5","6","0","0","0","0","0","0","0","0","0","-2"
"441238","Irell & Manella Graduate School of Biological Sciences at City of Hope","2020","First major","'99'","Grand total","Master's degree","3","0","3","0","0","0","0","0","0","0","0","0","1","0","1","0","0","0","2","0","2","0","0","0","0","0","0","0","0","0","-2"
"441238","Irell & Manella Graduate School of Biological Sciences at City of Hope","2020","First major","'99'","Grand total","Doctor's degree - research/scholarship","15","6","9","0","0","0","2","1","1","1","0","1","2","1","1","1","1","0","4","2","2","1","0","1","0","0","0","4","1","3","-2"
"441371","Ultimate Medical Academy","2020","First major","'99'","Grand total","Associate's degree","5893","270","5623","33","1","32","22","1","21","1997","80","1917","92","11","81","14","0","14","1193","53","1140","149","13","136","2391","110","2281","2","1","1","-2"
"441423","Florida Education Institute","2020","First major","'99'","Grand total","Associate's degree","0","0","0","0","0","0","0","0","0","0","0","0","0","0","0","0","0","0","0","0","0","0","0","0","0","0","0","0","0","0","-2"
"441487","Texas County Technical College","2020","First major","'99'","Grand total","Associate's degree","14","2","12","0","0","0","0","0","0","1","0","1","1","0","1","0","0","0","12","2","10","0","0","0","0","0","0","0","0","0","-2"
"441609","Yeshiva Shaarei Torah of Rockland","2020","First major","'99'","Grand total","Bachelor's degree","14","14","0","0","0","0","0","0","0","0","0","0","0","0","0","0","0","0","14","14","0","0","0","0","0","0","0","0","0","0","-2"
"441636","American Institute of Alternative Medicine","2020","First major","'99'","Grand total","Associate's degree","119","18","101","0","0","0","3","1","2","92","16","76","4","1","3","1","0","1","15","0","15","3","0","3","1","0","1","0","0","0","-2"
"441636","American Institute of Alternative Medicine","2020","First major","'99'","Grand total","Master's degree","4","2","2","0","0","0","1","1","0","0","0","0","0","0","0","0","0","0","3","1","2","0","0","0","0","0","0","0","0","0","-2"
"441690","Universidad Pentecostal Mizpa","2020","First major","'99'","Grand total","Associate's degree","5","1","4","0","0","0","0","0","0","0","0","0","5","1","4","0","0","0","0","0","0","0","0","0","0","0","0","0","0","0","-2"
"441690","Universidad Pentecostal Mizpa","2020","First major","'99'","Grand total","Bachelor's degree","14","9","5","0","0","0","0","0","0","0","0","0","14","9","5","0","0","0","0","0","0","0","0","0","0","0","0","0","0","0","-2"
"441690","Universidad Pentecostal Mizpa","2020","First major","'99'","Grand total","Master's degree","2","2","0","0","0","0","0","0","0","0","0","0","2","2","0","0","0","0","0","0","0","0","0","0","0","0","0","0","0","0","-2"
"441742","Concorde Career College-Grand Prairie","2020","First major","'99'","Grand total","Associate's degree","46","7","39","0","0","0","1","0","1","10","1","9","7","0","7","0","0","0","12","1","11","0","0","0","16","5","11","0","0","0","-2"
"441760","Lamar Institute of Technology","2020","First major","'99'","Grand total","Associate's degree","488","252","236","2","1","1","13","9","4","96","32","64","100","50","50","1","1","0","266","154","112","10","5","5","0","0","0","0","0","0","-2"
"441858","Eastern Virginia Career College","2020","First major","'99'","Grand total","Associate's degree","92","13","79","0","0","0","1","0","1","18","2","16","7","0","7","0","0","0","59","8","51","6","3","3","1","0","1","0","0","0","-2"
"441900","Nevada State College","2020","First major","'99'","Grand total","Bachelor's degree","686","149","537","4","0","4","79","19","60","53","14","39","189","42","147","15","3","12","268","56","212","48","9","39","28","5","23","2","1","1","-2"
"441900","Nevada State College","2020","First major","'99'","Grand total","Master's degree","0","0","0","0","0","0","0","0","0","0","0","0","0","0","0","0","0","0","0","0","0","0","0","0","0","0","0","0","0","0","-2"
"441900","Nevada State College","2020","Second major","'99'","Grand total","Bachelor's degree","18","6","12","0","0","0","0","0","0","1","1","0","7","2","5","1","1","0","7","2","5","1","0","1","1","0","1","0","0","0","-2"
"441937","California State University-Channel Islands","2020","First major","'99'","Grand total","Bachelor's degree","2022","705","1317","6","3","3","144","55","89","37","12","25","942","267","675","1","1","0","634","251","383","86","42","44","137","61","76","35","13","22","-2"
"441937","California State University-Channel Islands","2020","First major","'99'","Grand total","Master's degree","79","42","37","0","0","0","7","3","4","2","1","1","18","9","9","0","0","0","30","16","14","3","2","1","8","5","3","11","6","5","-2"
"441937","California State University-Channel Islands","2020","Second major","'99'","Grand total","Bachelor's degree","47","14","33","0","0","0","4","2","2","1","0","1","23","4","19","0","0","0","15","5","10","1","1","0","3","2","1","0","0","0","-2"
"441937","California State University-Channel Islands","2020","Second major","'99'","Grand total","Master's degree","6","3","3","0","0","0","0","0","0","0","0","0","2","1","1","0","0","0","1","1","0","1","0","1","2","1","1","0","0","0","-2"
"441982","Franklin W Olin College of Engineering","2020","First major","'99'","Grand total","Bachelor's degree","90","49","41","0","0","0","8","3","5","1","1","0","7","4","3","0","0","0","55","29","26","7","5","2","6","2","4","6","5","1","-2"
"442064","Won Institute of Graduate Studies","2020","First major","'99'","Grand total","Master's degree","14","2","12","0","0","0","3","1","2","0","0","0","1","0","1","0","0","0","9","1","8","0","0","0","0","0","0","1","0","1","-2"
"442064","Won Institute of Graduate Studies","2020","First major","'99'","Grand total","Doctor's degree - professional practice","0","0","0","0","0","0","0","0","0","0","0","0","0","0","0","0","0","0","0","0","0","0","0","0","0","0","0","0","0","0","-2"
"442134","Pima Medical Institute-Colorado Springs","2020","First major","'99'","Grand total","Associate's degree","31","8","23","0","0","0","1","0","1","1","0","1","4","2","2","0","0","0","24","6","18","1","0","1","0","0","0","0","0","0","-2"
"442161","University of Phoenix-Illinois","2020","First major","'99'","Grand total","Bachelor's degree","14","4","10","0","0","0","0","0","0","7","1","6","2","0","2","0","0","0","1","1","0","0","0","0","4","2","2","0","0","0","-2"
"442161","University of Phoenix-Illinois","2020","First major","'99'","Grand total","Master's degree","1","0","1","0","0","0","0","0","0","1","0","1","0","0","0","0","0","0","0","0","0","0","0","0","0","0","0","0","0","0","-2"
"442295","Ave Maria School of Law","2020","First major","'99'","Grand total","Doctor's degree - professional practice","79","29","50","2","0","2","1","1","0","3","0","3","20","5","15","0","0","0","49","21","28","0","0","0","2","0","2","2","2","0","-2"
"442356","Pennsylvania College of Health Sciences","2020","First major","'99'","Grand total","Associate's degree","270","37","233","1","0","1","8","1","7","18","3","15","24","1","23","1","0","1","204","30","174","3","0","3","11","2","9","0","0","0","-2"
"442356","Pennsylvania College of Health Sciences","2020","First major","'99'","Grand total","Bachelor's degree","214","31","183","0","0","0","4","0","4","4","1","3","7","2","5","0","0","0","190","26","164","5","1","4","4","1","3","0","0","0","-2"
"442356","Pennsylvania College of Health Sciences","2020","First major","'99'","Grand total","Master's degree","44","11","33","0","0","0","2","1","1","3","2","1","3","2","1","0","0","0","35","5","30","0","0","0","1","1","0","0","0","0","-2"
"442356","Pennsylvania College of Health Sciences","2020","First major","'99'","Grand total","Doctor's degree - professional practice","0","0","0","0","0","0","0","0","0","0","0","0","0","0","0","0","0","0","0","0","0","0","0","0","0","0","0","0","0","0","-2"
"442383","West Virginia Junior College-Bridgeport","2020","First major","'99'","Grand total","Associate's degree","57","9","48","0","0","0","0","0","0","0","0","0","0","0","0","0","0","0","57","9","48","0","0","0","0","0","0","0","0","0","-2"
"442392","Antioch University-PhD Program in Leadership and Change","2020","First major","'99'","Grand total","Master's degree","13","5","8","0","0","0","0","0","0","3","1","2","0","0","0","0","0","0","5","1","4","0","0","0","4","3","1","1","0","1","-2"
"442392","Antioch University-PhD Program in Leadership and Change","2020","First major","'99'","Grand total","Doctor's degree - research/scholarship","25","10","15","1","1","0","0","0","0","6","1","5","2","0","2","0","0","0","12","5","7","0","0","0","4","3","1","0","0","0","-2"
"442426","St Louis College of Health Careers-Fenton","2020","First major","'99'","Grand total","Associate's degree","66","11","55","0","0","0","0","0","0","28","6","22","3","0","3","0","0","0","34","4","30","0","0","0","1","1","0","0","0","0","-2"
"442426","St Louis College of Health Careers-Fenton","2020","First major","'99'","Grand total","Bachelor's degree","48","13","35","1","0","1","0","0","0","13","2","11","0","0","0","0","0","0","33","11","22","0","0","0","1","0","1","0","0","0","-2"
"442426","St Louis College of Health Careers-Fenton","2020","First major","'99'","Grand total","Master's degree","0","0","0","0","0","0","0","0","0","0","0","0","0","0","0","0","0","0","0","0","0","0","0","0","0","0","0","0","0","0","-2"
"442435","Interactive College of Technology-Gainesville","2020","First major","'99'","Grand total","Associate's degree","5","1","4","0","0","0","0","0","0","1","1","0","1","0","1","0","0","0","3","0","3","0","0","0","0","0","0","0","0","0","-2"
"442444","San Joaquin Valley College-Ontario","2020","First major","'99'","Grand total","Associate's degree","211","111","100","0","0","0","16","6","10","12","10","2","122","65","57","5","3","2","35","15","20","14","8","6","7","4","3","0","0","0","-2"
"442523","Alaska Christian College","2020","First major","'99'","Grand total","Associate's degree","14","6","8","11","4","7","0","0","0","0","0","0","0","0","0","2","1","1","0","0","0","1","1","0","0","0","0","0","0","0","-2"
"442569","Grantham University","2020","First major","'99'","Grand total","Associate's degree","634","320","314","4","2","2","8","6","2","242","71","171","56","38","18","5","3","2","199","133","66","36","22","14","84","45","39","0","0","0","-2"
"442569","Grantham University","2020","First major","'99'","Grand total","Bachelor's degree","722","482","240","1","1","0","13","8","5","179","102","77","64","47","17","2","1","1","276","193","83","93","64","29","94","66","28","0","0","0","-2"
"442569","Grantham University","2020","First major","'99'","Grand total","Master's degree","416","223","193","2","1","1","13","7","6","129","57","72","38","24","14","3","1","2","162","100","62","27","15","12","42","18","24","0","0","0","-2"
"442602","Carrington College-Albuquerque","2020","First major","'99'","Grand total","Associate's degree","66","14","52","3","0","3","2","0","2","2","1","1","36","8","28","0","0","0","22","4","18","1","1","0","0","0","0","0","0","0","-2"
"442639","University of the Potomac-VA Campus","2020","First major","'99'","Grand total","Associate's degree","0","0","0","0","0","0","0","0","0","0","0","0","0","0","0","0","0","0","0","0","0","0","0","0","0","0","0","0","0","0","-2"
"442639","University of the Potomac-VA Campus","2020","First major","'99'","Grand total","Bachelor's degree","45","39","6","0","0","0","7","7","0","3","1","2","0","0","0","0","0","0","2","1","1","0","0","0","0","0","0","33","30","3","-2"
"442639","University of the Potomac-VA Campus","2020","First major","'99'","Grand total","Master's degree","144","101","43","0","0","0","15","11","4","5","0","5","1","0","1","0","0","0","1","1","0","2","0","2","0","0","0","120","89","31","-2"
"442781","Tohono O'Odham Community College","2020","First major","'99'","Grand total","Associate's degree","27","9","18","24","9","15","0","0","0","0","0","0","0","0","0","0","0","0","3","0","3","0","0","0","0","0","0","0","0","0","-2"
"442806","Edward Via College of Osteopathic Medicine","2020","First major","'99'","Grand total","Doctor's degree - professional practice","503","228","275","2","1","1","89","37","52","32","10","22","30","7","23","0","0","0","350","173","177","0","0","0","0","0","0","0","0","0","-2"
"442842","Pacific College of Health Science-Chicago","2020","First major","'99'","Grand total","Associate's degree","0","0","0","0","0","0","0","0","0","0","0","0","0","0","0","0","0","0","0","0","0","0","0","0","0","0","0","0","0","0","-2"
"442842","Pacific College of Health Science-Chicago","2020","First major","'99'","Grand total","Master's degree","8","3","5","0","0","0","0","0","0","1","1","0","1","0","1","0","0","0","6","2","4","0","0","0","0","0","0","0","0","0","-2"
"442842","Pacific College of Health Science-Chicago","2020","First major","'99'","Grand total","Doctor's degree - professional practice","8","0","8","0","0","0","1","0","1","0","0","0","0","0","0","0","0","0","4","0","4","3","0","3","0","0","0","0","0","0","-2"
"442879","Southwest Institute of Healing Arts","2020","First major","'99'","Grand total","Associate's degree","15","1","14","0","0","0","0","0","0","1","0","1","1","0","1","0","0","0","11","1","10","0","0","0","2","0","2","0","0","0","-2"
"442888","InterCoast Colleges-Riverside","2020","First major","'99'","Grand total","Associate's degree","0","0","0","0","0","0","0","0","0","0","0","0","0","0","0","0","0","0","0","0","0","0","0","0","0","0","0","0","0","0","-2"
"442930","University of Antelope Valley","2020","First major","'99'","Grand total","Associate's degree","22","4","18","0","0","0","1","0","1","5","0","5","6","1","5","0","0","0","6","2","4","1","0","1","3","1","2","0","0","0","-2"
"442930","University of Antelope Valley","2020","First major","'99'","Grand total","Bachelor's degree","89","45","44","1","0","1","5","3","2","20","10","10","27","14","13","0","0","0","17","9","8","0","0","0","16","8","8","3","1","2","-2"
"442930","University of Antelope Valley","2020","First major","'99'","Grand total","Master's degree","27","13","14","0","0","0","4","2","2","6","5","1","12","2","10","0","0","0","4","3","1","0","0","0","1","1","0","0","0","0","-2"
"442949","Birthingway College of Midwifery","2020","First major","'99'","Grand total","Bachelor's degree","7","0","7","0","0","0","0","0","0","0","0","0","0","0","0","0","0","0","5","0","5","1","0","1","1","0","1","0","0","0","-2"
"443049","Faith International University","2020","First major","'99'","Grand total","Bachelor's degree","67","38","29","0","0","0","13","3","10","21","12","9","1","1","0","1","0","1","25","20","5","2","1","1","3","0","3","1","1","0","-2"
"443049","Faith International University","2020","First major","'99'","Grand total","Master's degree","52","28","24","0","0","0","14","5","9","18","15","3","1","1","0","0","0","0","13","4","9","1","1","0","2","0","2","3","2","1","-2"
"443049","Faith International University","2020","First major","'99'","Grand total","Doctor's degree - research/scholarship","19","11","8","0","0","0","1","1","0","7","2","5","0","0","0","1","1","0","5","3","2","0","0","0","2","2","0","3","2","1","-2"
"443058","Family of Faith Christian University","2020","First major","'99'","Grand total","Bachelor's degree","3","1","2","0","0","0","0","0","0","0","0","0","0","0","0","0","0","0","2","0","2","1","1","0","0","0","0","0","0","0","-2"
"443058","Family of Faith Christian University","2020","First major","'99'","Grand total","Master's degree","13","6","7","0","0","0","0","0","0","3","1","2","1","0","1","0","0","0","9","5","4","0","0","0","0","0","0","0","0","0","-2"
"443076","Hood Theological Seminary","2020","First major","'99'","Grand total","Master's degree","18","10","8","0","0","0","0","0","0","13","7","6","0","0","0","0","0","0","5","3","2","0","0","0","0","0","0","0","0","0","-2"
"443076","Hood Theological Seminary","2020","First major","'99'","Grand total","Doctor's degree - other","3","2","1","0","0","0","0","0","0","2","1","1","0","0","0","0","0","0","1","1","0","0","0","0","0","0","0","0","0","0","-2"
"443128","International Technological University","2020","First major","'99'","Grand total","Master's degree","218","90","128","0","0","0","0","0","0","0","0","0","0","0","0","0","0","0","0","0","0","0","0","0","0","0","0","218","90","128","-2"
"443128","International Technological University","2020","First major","'99'","Grand total","Doctor's degree - research/scholarship","1","1","0","0","0","0","0","0","0","0","0","0","0","0","0","0","0","0","0","0","0","0","0","0","0","0","0","1","1","0","-2"
"443261","Southeastern College-Charleston","2020","First major","'99'","Grand total","Associate's degree","9","1","8","0","0","0","0","0","0","5","1","4","0","0","0","0","0","0","3","0","3","0","0","0","1","0","1","0","0","0","-2"
"443331","West Coast University-Los Angeles","2020","First major","'99'","Grand total","Bachelor's degree","651","133","518","1","0","1","193","52","141","35","6","29","144","18","126","17","9","8","211","35","176","41","10","31","9","3","6","0","0","0","-2"
"443340","Williamson Christian College","2020","First major","'99'","Grand total","Associate's degree","1","1","0","0","0","0","0","0","0","0","0","0","0","0","0","0","0","0","1","1","0","0","0","0","0","0","0","0","0","0","-2"
"443340","Williamson Christian College","2020","First major","'99'","Grand total","Bachelor's degree","5","2","3","1","0","1","0","0","0","1","0","1","0","0","0","0","0","0","3","2","1","0","0","0","0","0","0","0","0","0","-2"
"443340","Williamson Christian College","2020","First major","'99'","Grand total","Master's degree","7","2","5","0","0","0","1","0","1","1","0","1","0","0","0","0","0","0","3","1","2","0","0","0","0","0","0","2","1","1","-2"
"443377","Triangle Tech Inc-Sunbury","2020","First major","'99'","Grand total","Associate's degree","39","36","3","0","0","0","0","0","0","2","2","0","4","4","0","0","0","0","31","28","3","2","2","0","0","0","0","0","0","0","-2"
"443410","DigiPen Institute of Technology","2020","First major","'99'","Grand total","Bachelor's degree","188","139","49","3","1","2","16","11","5","0","0","0","8","5","3","0","0","0","61","44","17","4","3","1","68","53","15","28","22","6","-2"
"443410","DigiPen Institute of Technology","2020","First major","'99'","Grand total","Master's degree","38","29","9","0","0","0","3","3","0","0","0","0","0","0","0","0","0","0","8","6","2","0","0","0","3","3","0","24","17","7","-2"
"443492","Pierpont Community and Technical College","2020","First major","'99'","Grand total","Associate's degree","243","103","140","0","0","0","2","1","1","7","2","5","0","0","0","0","0","0","218","91","127","14","7","7","2","2","0","0","0","0","-2"
"443562","Dewey University-Hato Rey","2020","First major","'99'","Grand total","Associate's degree","33","9","24","0","0","0","0","0","0","0","0","0","33","9","24","0","0","0","0","0","0","0","0","0","0","0","0","0","0","0","-2"
"443562","Dewey University-Hato Rey","2020","First major","'99'","Grand total","Bachelor's degree","59","11","48","0","0","0","0","0","0","0","0","0","59","11","48","0","0","0","0","0","0","0","0","0","0","0","0","0","0","0","-2"
"443562","Dewey University-Hato Rey","2020","First major","'99'","Grand total","Master's degree","70","23","47","0","0","0","0","0","0","0","0","0","70","23","47","0","0","0","0","0","0","0","0","0","0","0","0","0","0","0","-2"
"443571","InterCoast Colleges-West Covina","2020","First major","'99'","Grand total","Associate's degree","0","0","0","0","0","0","0","0","0","0","0","0","0","0","0","0","0","0","0","0","0","0","0","0","0","0","0","0","0","0","-2"
"443599","American College of Healthcare Sciences","2020","First major","'99'","Grand total","Associate's degree","38","2","36","1","1","0","0","0","0","4","1","3","1","0","1","0","0","0","32","0","32","0","0","0","0","0","0","0","0","0","-2"
"443599","American College of Healthcare Sciences","2020","First major","'99'","Grand total","Bachelor's degree","5","1","4","0","0","0","1","0","1","0","0","0","1","1","0","0","0","0","3","0","3","0","0","0","0","0","0","0","0","0","-2"
"443599","American College of Healthcare Sciences","2020","First major","'99'","Grand total","Master's degree","105","8","97","1","0","1","2","0","2","11","0","11","5","1","4","0","0","0","86","7","79","0","0","0","0","0","0","0","0","0","-2"
"443650","Platt College-Miller-Motte Technical-Chattanooga","2020","First major","'99'","Grand total","Associate's degree","30","7","23","0","0","0","0","0","0","3","0","3","4","2","2","0","0","0","21","5","16","2","0","2","0","0","0","0","0","0","-2"
"443696","Interactive College of Technology","2020","First major","'99'","Grand total","Associate's degree","1","0","1","0","0","0","0","0","0","1","0","1","0","0","0","0","0","0","0","0","0","0","0","0","0","0","0","0","0","0","-2"
"443702","Bexley Hall Seabury Western Theological Seminary Federation, Inc.","2020","First major","'99'","Grand total","Master's degree","4","2","2","0","0","0","0","0","0","0","0","0","0","0","0","0","0","0","4","2","2","0","0","0","0","0","0","0","0","0","-2"
"443702","Bexley Hall Seabury Western Theological Seminary Federation, Inc.","2020","First major","'99'","Grand total","Doctor's degree - other","3","2","1","0","0","0","0","0","0","0","0","0","0","0","0","0","0","0","3","2","1","0","0","0","0","0","0","0","0","0","-2"
"443748","Altierus Career College-Norcross","2020","First major","'99'","Grand total","Associate's degree","0","0","0","0","0","0","0","0","0","0","0","0","0","0","0","0","0","0","0","0","0","0","0","0","0","0","0","0","0","0","-2"
"443766","Strayer University-Tennessee","2020","First major","'99'","Grand total","Associate's degree","65","9","56","0","0","0","1","0","1","48","6","42","1","0","1","0","0","0","14","3","11","0","0","0","1","0","1","0","0","0","-2"
"443766","Strayer University-Tennessee","2020","First major","'99'","Grand total","Bachelor's degree","148","31","117","0","0","0","1","0","1","107","17","90","3","0","3","0","0","0","33","12","21","3","1","2","1","1","0","0","0","0","-2"
"443766","Strayer University-Tennessee","2020","First major","'99'","Grand total","Master's degree","138","30","108","1","1","0","1","0","1","115","18","97","2","2","0","0","0","0","10","6","4","6","0","6","2","2","0","1","1","0","-2"
"443784","Strayer University-Pennsylvania","2020","First major","'99'","Grand total","Associate's degree","65","13","52","1","0","1","1","0","1","29","5","24","6","1","5","0","0","0","22","6","16","5","0","5","1","1","0","0","0","0","-2"
"443784","Strayer University-Pennsylvania","2020","First major","'99'","Grand total","Bachelor's degree","199","54","145","2","0","2","7","1","6","68","17","51","25","2","23","0","0","0","84","30","54","7","1","6","5","2","3","1","1","0","-2"
"443784","Strayer University-Pennsylvania","2020","First major","'99'","Grand total","Master's degree","92","29","63","0","0","0","5","4","1","44","17","27","8","1","7","0","0","0","31","5","26","3","1","2","1","1","0","0","0","0","-2"
"444088","Brookline College-Albuquerque","2020","First major","'99'","Grand total","Associate's degree","19","1","18","0","0","0","0","0","0","3","1","2","7","0","7","0","0","0","9","0","9","0","0","0","0","0","0","0","0","0","-2"
"444088","Brookline College-Albuquerque","2020","First major","'99'","Grand total","Bachelor's degree","82","16","66","6","1","5","3","2","1","4","0","4","10","1","9","1","0","1","54","11","43","3","0","3","1","1","0","0","0","0","-2"
"444103","Byzantine Catholic Seminary of Saints Cyril and Methodius","2020","First major","'99'","Grand total","Master's degree","5","5","0","0","0","0","0","0","0","0","0","0","0","0","0","0","0","0","5","5","0","0","0","0","0","0","0","0","0","0","-2"
"444130","Northcentral University","2020","First major","'99'","Grand total","Bachelor's degree","49","12","37","0","0","0","0","0","0","6","1","5","3","0","3","1","0","1","16","3","13","1","1","0","22","7","15","0","0","0","-2"
"444130","Northcentral University","2020","First major","'99'","Grand total","Master's degree","1056","309","747","7","3","4","21","10","11","262","79","183","82","20","62","10","3","7","386","100","286","27","10","17","261","84","177","0","0","0","-2"
"444130","Northcentral University","2020","First major","'99'","Grand total","Doctor's degree - research/scholarship","698","253","445","6","2","4","10","5","5","181","83","98","38","15","23","8","3","5","283","101","182","15","7","8","157","37","120","0","0","0","-2"
"444219","Folsom Lake College","2020","First major","'99'","Grand total","Associate's degree","1290","489","801","9","2","7","116","36","80","28","12","16","216","99","117","4","4","0","794","298","496","89","29","60","27","8","19","7","1","6","-2"
"444255","Hussian College-Daymar College Murfreesboro","2020","First major","'99'","Grand total","Associate's degree","25","5","20","0","0","0","0","0","0","10","0","10","1","0","1","0","0","0","13","5","8","1","0","1","0","0","0","0","0","0","-2"
"444255","Hussian College-Daymar College Murfreesboro","2020","First major","'99'","Grand total","Bachelor's degree","0","0","0","0","0","0","0","0","0","0","0","0","0","0","0","0","0","0","0","0","0","0","0","0","0","0","0","0","0","0","-2"
"444325","ATI College-Norwalk","2020","First major","'99'","Grand total","Bachelor's degree","0","0","0","0","0","0","0","0","0","0","0","0","0","0","0","0","0","0","0","0","0","0","0","0","0","0","0","0","0","0","-2"
"444334","Advance Science International College","2020","First major","'99'","Grand total","Associate's degree","49","5","44","0","0","0","0","0","0","3","0","3","46","5","41","0","0","0","0","0","0","0","0","0","0","0","0","0","0","0","-2"
"444343","Advanced College","2020","First major","'99'","Grand total","Associate's degree","8","2","6","0","0","0","0","0","0","2","1","1","4","1","3","0","0","0","2","0","2","0","0","0","0","0","0","0","0","0","-2"
"444361","ATA College","2020","First major","'99'","Grand total","Associate's degree","21","7","14","0","0","0","3","1","2","2","1","1","8","2","6","0","0","0","8","3","5","0","0","0","0","0","0","0","0","0","-2"
"444398","Baptist University of the Americas","2020","First major","'99'","Grand total","Associate's degree","1","0","1","0","0","0","0","0","0","0","0","0","0","0","0","0","0","0","1","0","1","0","0","0","0","0","0","0","0","0","-2"
"444398","Baptist University of the Americas","2020","First major","'99'","Grand total","Bachelor's degree","29","14","15","0","0","0","0","0","0","1","1","0","13","5","8","0","0","0","2","1","1","0","0","0","0","0","0","13","7","6","-2"
"444413","Beis Medrash Heichal Dovid","2020","First major","'99'","Grand total","Associate's degree","0","0","0","0","0","0","0","0","0","0","0","0","0","0","0","0","0","0","0","0","0","0","0","0","0","0","0","0","0","0","-2"
"444413","Beis Medrash Heichal Dovid","2020","First major","'99'","Grand total","Bachelor's degree","26","26","0","0","0","0","0","0","0","0","0","0","0","0","0","0","0","0","26","26","0","0","0","0","0","0","0","0","0","0","-2"
"444413","Beis Medrash Heichal Dovid","2020","First major","'99'","Grand total","Doctor's degree - research/scholarship","0","0","0","0","0","0","0","0","0","0","0","0","0","0","0","0","0","0","0","0","0","0","0","0","0","0","0","0","0","0","-2"
"444556","Auguste Escoffier School of Culinary Arts-Austin","2020","First major","'99'","Grand total","Associate's degree","233","122","111","1","1","0","4","4","0","38","23","15","91","47","44","1","1","0","72","37","35","10","3","7","14","5","9","2","1","1","-2"
"444565","Culinary Institute Inc","2020","First major","'99'","Grand total","Associate's degree","113","45","68","0","0","0","6","3","3","30","9","21","37","15","22","0","0","0","32","15","17","1","0","1","1","1","0","6","2","4","-2"
"444699","Institute of Clinical Acupuncture & Oriental Med","2020","First major","'99'","Grand total","Master's degree","13","3","10","0","0","0","2","0","2","0","0","0","2","0","2","2","0","2","5","2","3","0","0","0","0","0","0","2","1","1","-2"
"444714","Gwinnett College-Marietta Campus","2020","First major","'99'","Grand total","Associate's degree","16","4","12","0","0","0","0","0","0","9","2","7","2","1","1","0","0","0","1","1","0","1","0","1","3","0","3","0","0","0","-2"
"444778","Charlotte Christian College and Theological Seminary","2020","First major","'99'","Grand total","Associate's degree","5","1","4","0","0","0","0","0","0","5","1","4","0","0","0","0","0","0","0","0","0","0","0","0","0","0","0","0","0","0","-2"
"444778","Charlotte Christian College and Theological Seminary","2020","First major","'99'","Grand total","Bachelor's degree","11","2","9","0","0","0","0","0","0","10","2","8","1","0","1","0","0","0","0","0","0","0","0","0","0","0","0","0","0","0","-2"
"444778","Charlotte Christian College and Theological Seminary","2020","First major","'99'","Grand total","Master's degree","4","1","3","0","0","0","0","0","0","2","0","2","0","0","0","0","0","0","0","0","0","0","0","0","0","0","0","2","1","1","-2"
"444778","Charlotte Christian College and Theological Seminary","2020","First major","'99'","Grand total","Doctor's degree - professional practice","2","2","0","0","0","0","0","0","0","2","2","0","0","0","0","0","0","0","0","0","0","0","0","0","0","0","0","0","0","0","-2"
"444787","Nightingale College","2020","First major","'99'","Grand total","Associate's degree","144","20","124","3","2","1","6","1","5","12","3","9","9","2","7","0","0","0","110","11","99","1","0","1","3","1","2","0","0","0","-2"
"444787","Nightingale College","2020","First major","'99'","Grand total","Bachelor's degree","14","1","13","0","0","0","0","0","0","0","0","0","3","0","3","0","0","0","10","1","9","0","0","0","1","0","1","0","0","0","-2"
"444787","Nightingale College","2020","First major","'99'","Grand total","Master's degree","0","0","0","0","0","0","0","0","0","0","0","0","0","0","0","0","0","0","0","0","0","0","0","0","0","0","0","0","0","0","-2"
"444811","PITC Institute","2020","First major","'99'","Grand total","Associate's degree","0","0","0","0","0","0","0","0","0","0","0","0","0","0","0","0","0","0","0","0","0","0","0","0","0","0","0","0","0","0","-2"
"444866","Southeastern College-Columbia","2020","First major","'99'","Grand total","Associate's degree","6","0","6","0","0","0","0","0","0","3","0","3","0","0","0","0","0","0","1","0","1","0","0","0","2","0","2","0","0","0","-2"
"444954","Mountwest Community and Technical College","2020","First major","'99'","Grand total","Associate's degree","331","153","178","4","2","2","0","0","0","10","6","4","0","0","0","1","1","0","280","126","154","4","3","1","32","15","17","0","0","0","-2"
"445027","American InterContinental University","2020","First major","'99'","Grand total","Associate's degree","708","228","480","4","0","4","8","3","5","253","82","171","41","26","15","4","4","0","178","76","102","29","10","19","191","27","164","0","0","0","-2"
"445027","American InterContinental University","2020","First major","'99'","Grand total","Bachelor's degree","1541","719","822","10","1","9","34","21","13","437","145","292","105","65","40","15","11","4","541","261","280","69","25","44","329","189","140","1","1","0","-2"
"445027","American InterContinental University","2020","First major","'99'","Grand total","Master's degree","823","347","476","6","2","4","26","11","15","312","130","182","51","29","22","7","4","3","231","116","115","36","15","21","154","40","114","0","0","0","-2"
"445027","American InterContinental University","2020","First major","'99'","Grand total","Doctor's degree - research/scholarship","19","11","8","0","0","0","0","0","0","4","3","1","4","2","2","0","0","0","3","2","1","0","0","0","8","4","4","0","0","0","-2"
"445054","Toyota Technological Institute at Chicago","2020","First major","'99'","Grand total","Doctor's degree - research/scholarship","1","1","0","0","0","0","0","0","0","0","0","0","0","0","0","0","0","0","0","0","0","0","0","0","0","0","0","1","1","0","-2"
"445133","American InterContinental University-Houston","2020","First major","'99'","Grand total","Associate's degree","17","6","11","0","0","0","0","0","0","8","4","4","1","0","1","0","0","0","2","1","1","0","0","0","6","1","5","0","0","0","-2"
"445133","American InterContinental University-Houston","2020","First major","'99'","Grand total","Bachelor's degree","67","25","42","1","1","0","5","3","2","30","6","24","7","6","1","0","0","0","6","3","3","0","0","0","18","6","12","0","0","0","-2"
"445133","American InterContinental University-Houston","2020","First major","'99'","Grand total","Master's degree","56","23","33","0","0","0","4","2","2","24","6","18","2","1","1","0","0","0","13","8","5","0","0","0","13","6","7","0","0","0","-2"
"445188","University of California-Merced","2020","First major","'99'","Grand total","Bachelor's degree","1522","721","801","1","0","1","317","186","131","61","22","39","810","354","456","9","6","3","170","93","77","42","19","23","5","5","0","107","36","71","-2"
"445188","University of California-Merced","2020","First major","'99'","Grand total","Master's degree","86","48","38","0","0","0","9","5","4","1","0","1","24","13","11","0","0","0","27","14","13","2","2","0","2","1","1","21","13","8","-2"
"445188","University of California-Merced","2020","First major","'99'","Grand total","Doctor's degree - research/scholarship","63","37","26","0","0","0","7","4","3","3","2","1","10","8","2","0","0","0","24","13","11","1","0","1","0","0","0","18","10","8","-2"
"445188","University of California-Merced","2020","Second major","'99'","Grand total","Bachelor's degree","32","9","23","0","0","0","3","1","2","2","1","1","19","5","14","1","0","1","4","2","2","1","0","1","0","0","0","2","0","2","-2"
"445203","Remington College-North Houston Campus","2020","First major","'99'","Grand total","Associate's degree","44","8","36","0","0","0","1","1","0","23","4","19","14","2","12","0","0","0","4","1","3","2","0","2","0","0","0","0","0","0","-2"
"445203","Remington College-North Houston Campus","2020","First major","'99'","Grand total","Bachelor's degree","0","0","0","0","0","0","0","0","0","0","0","0","0","0","0","0","0","0","0","0","0","0","0","0","0","0","0","0","0","0","-2"
"445230","Pima Medical Institute-Las Vegas","2020","First major","'99'","Grand total","Associate's degree","144","50","94","0","0","0","26","14","12","8","2","6","30","8","22","0","0","0","56","16","40","21","8","13","3","2","1","0","0","0","-2"
"445249","Remington College-Nashville Campus","2020","First major","'99'","Grand total","Associate's degree","27","2","25","0","0","0","0","0","0","10","2","8","0","0","0","0","0","0","16","0","16","1","0","1","0","0","0","0","0","0","-2"
"445267","Central Methodist University-College of Graduate and Extended Studies","2020","First major","'99'","Grand total","Associate's degree","9","1","8","0","0","0","0","0","0","0","0","0","1","0","1","0","0","0","7","0","7","0","0","0","0","0","0","1","1","0","-2"
"445267","Central Methodist University-College of Graduate and Extended Studies","2020","First major","'99'","Grand total","Bachelor's degree","626","121","505","1","0","1","1","1","0","35","6","29","21","4","17","0","0","0","543","106","437","8","2","6","17","2","15","0","0","0","-2"
"445267","Central Methodist University-College of Graduate and Extended Studies","2020","First major","'99'","Grand total","Master's degree","96","28","68","0","0","0","0","0","0","8","4","4","1","1","0","0","0","0","78","16","62","3","2","1","4","3","1","2","2","0","-2"
"445267","Central Methodist University-College of Graduate and Extended Studies","2020","Second major","'99'","Grand total","Bachelor's degree","7","1","6","0","0","0","0","0","0","0","0","0","0","0","0","0","0","0","5","1","4","0","0","0","2","0","2","0","0","0","-2"
"445300","University of Phoenix-New Jersey","2020","First major","'99'","Grand total","Bachelor's degree","13","8","5","0","0","0","0","0","0","2","1","1","6","2","4","0","0","0","1","1","0","0","0","0","4","4","0","0","0","0","-2"
"445461","Altierus Career College-Bissonnet","2020","First major","'99'","Grand total","Associate's degree","0","0","0","0","0","0","0","0","0","0","0","0","0","0","0","0","0","0","0","0","0","0","0","0","0","0","0","0","0","0","-2"
"445692","Neumont College of Computer Science","2020","First major","'99'","Grand total","Associate's degree","3","3","0","0","0","0","1","1","0","0","0","0","0","0","0","0","0","0","2","2","0","0","0","0","0","0","0","0","0","0","-2"
"445692","Neumont College of Computer Science","2020","First major","'99'","Grand total","Bachelor's degree","106","90","16","0","0","0","7","5","2","7","6","1","8","7","1","1","0","1","68","59","9","7","5","2","8","8","0","0","0","0","-2"
"445708","Johnson & Wales University-Charlotte","2020","First major","'99'","Grand total","Associate's degree","204","54","150","0","0","0","6","3","3","92","21","71","8","2","6","0","0","0","84","24","60","3","1","2","11","3","8","0","0","0","-2"
"445708","Johnson & Wales University-Charlotte","2020","First major","'99'","Grand total","Bachelor's degree","236","74","162","2","1","1","3","0","3","103","25","78","20","5","15","0","0","0","80","32","48","7","1","6","19","10","9","2","0","2","-2"
"445735","Roseman University of Health Sciences","2020","First major","'99'","Grand total","Bachelor's degree","335","83","252","0","0","0","110","30","80","16","2","14","29","7","22","1","1","0","130","35","95","34","6","28","10","2","8","5","0","5","-2"
"445735","Roseman University of Health Sciences","2020","First major","'99'","Grand total","Master's degree","28","12","16","1","0","1","4","1","3","2","1","1","0","0","0","0","0","0","14","6","8","0","0","0","6","4","2","1","0","1","-2"
"445735","Roseman University of Health Sciences","2020","First major","'99'","Grand total","Doctor's degree - professional practice","284","131","153","0","0","0","108","35","73","15","7","8","14","2","12","5","2","3","129","79","50","5","2","3","5","3","2","3","1","2","-2"
"445744","Fortis Institute-Port Saint Lucie","2020","First major","'99'","Grand total","Associate's degree","58","2","56","0","0","0","1","0","1","26","0","26","6","1","5","0","0","0","17","1","16","5","0","5","3","0","3","0","0","0","-2"
"445869","Divine Mercy University","2020","First major","'99'","Grand total","Master's degree","74","34","40","0","0","0","4","2","2","2","2","0","8","2","6","0","0","0","46","20","26","0","0","0","12","6","6","2","2","0","-2"
"445869","Divine Mercy University","2020","First major","'99'","Grand total","Doctor's degree - professional practice","4","0","4","0","0","0","0","0","0","0","0","0","0","0","0","0","0","0","4","0","4","0","0","0","0","0","0","0","0","0","-2"
"445948","Northwest Career College","2020","First major","'99'","Grand total","Associate's degree","37","9","28","1","0","1","3","0","3","8","3","5","18","3","15","0","0","0","2","1","1","3","2","1","2","0","2","0","0","0","-2"
"446002","American Academy of Acupuncture and Oriental Medicine","2020","First major","'99'","Grand total","Master's degree","12","4","8","2","1","1","3","1","2","0","0","0","0","0","0","0","0","0","7","2","5","0","0","0","0","0","0","0","0","0","-2"
"446002","American Academy of Acupuncture and Oriental Medicine","2020","First major","'99'","Grand total","Doctor's degree - professional practice","13","3","10","0","0","0","6","2","4","0","0","0","0","0","0","0","0","0","2","0","2","0","0","0","0","0","0","5","1","4","-2"
"446039","Arizona School of Acupuncture and Oriental Medicine","2020","First major","'99'","Grand total","Master's degree","6","3","3","0","0","0","1","1","0","1","1","0","1","0","1","0","0","0","3","1","2","0","0","0","0","0","0","0","0","0","-2"
"446048","Ave Maria University","2020","First major","'99'","Grand total","Bachelor's degree","202","96","106","0","0","0","4","2","2","6","4","2","26","16","10","0","0","0","137","63","74","0","0","0","23","8","15","6","3","3","-2"
"446048","Ave Maria University","2020","First major","'99'","Grand total","Master's degree","12","5","7","1","1","0","0","0","0","0","0","0","2","0","2","0","0","0","5","0","5","0","0","0","4","4","0","0","0","0","-2"
"446048","Ave Maria University","2020","First major","'99'","Grand total","Doctor's degree - other","3","3","0","0","0","0","0","0","0","0","0","0","0","0","0","0","0","0","3","3","0","0","0","0","0","0","0","0","0","0","-2"
"446048","Ave Maria University","2020","Second major","'99'","Grand total","Bachelor's degree","18","12","6","0","0","0","0","0","0","0","0","0","1","0","1","0","0","0","14","10","4","0","0","0","2","1","1","1","1","0","-2"
"446109","Cambridge Institute of Allied Health & Technology","2020","First major","'99'","Grand total","Associate's degree","71","7","64","0","0","0","2","0","2","27","5","22","20","1","19","1","0","1","16","1","15","5","0","5","0","0","0","0","0","0","-2"
"446118","Career Care Institute","2020","First major","'99'","Grand total","Associate's degree","16","5","11","0","0","0","5","1","4","4","1","3","5","1","4","0","0","0","1","1","0","1","1","0","0","0","0","0","0","0","-2"
"446127","ATA Career Education","2020","First major","'99'","Grand total","Associate's degree","54","3","51","0","0","0","2","0","2","9","0","9","6","0","6","0","0","0","33","3","30","1","0","1","3","0","3","0","0","0","-2"
"446136","Career Quest Learning Centers-Lansing","2020","First major","'99'","Grand total","Associate's degree","37","7","30","0","0","0","1","0","1","12","2","10","3","0","3","0","0","0","18","3","15","3","2","1","0","0","0","0","0","0","-2"
"446163","Community Christian College","2020","First major","'99'","Grand total","Associate's degree","13","7","6","0","0","0","0","0","0","4","3","1","3","0","3","0","0","0","6","4","2","0","0","0","0","0","0","0","0","0","-2"
"446224","Eastern School of Acupuncture and Traditional Medicine","2020","First major","'99'","Grand total","Master's degree","26","6","20","0","0","0","5","0","5","2","1","1","2","1","1","0","0","0","17","4","13","0","0","0","0","0","0","0","0","0","-2"
"446233","Ecclesia College","2020","First major","'99'","Grand total","Associate's degree","2","1","1","0","0","0","0","0","0","0","0","0","0","0","0","0","0","0","2","1","1","0","0","0","0","0","0","0","0","0","-2"
"446233","Ecclesia College","2020","First major","'99'","Grand total","Bachelor's degree","33","20","13","1","0","1","1","0","1","2","2","0","4","2","2","0","0","0","25","16","9","0","0","0","0","0","0","0","0","0","-2"
"446233","Ecclesia College","2020","First major","'99'","Grand total","Master's degree","2","1","1","0","0","0","0","0","0","0","0","0","1","0","1","0","0","0","1","1","0","0","0","0","0","0","0","0","0","0","-2"
"446385","Los Angeles College of Music","2020","First major","'99'","Grand total","Associate's degree","21","15","6","1","1","0","1","0","1","1","1","0","2","1","1","0","0","0","7","5","2","1","1","0","0","0","0","8","6","2","-2"
"446385","Los Angeles College of Music","2020","First major","'99'","Grand total","Bachelor's degree","31","20","11","0","0","0","4","2","2","1","1","0","7","3","4","0","0","0","12","9","3","0","0","0","0","0","0","7","5","2","-2"
"446394","Maple Springs Baptist Bible College and Seminary","2020","First major","'99'","Grand total","Associate's degree","1","0","1","0","0","0","0","0","0","1","0","1","0","0","0","0","0","0","0","0","0","0","0","0","0","0","0","0","0","0","-2"
"446394","Maple Springs Baptist Bible College and Seminary","2020","First major","'99'","Grand total","Bachelor's degree","4","3","1","0","0","0","0","0","0","4","3","1","0","0","0","0","0","0","0","0","0","0","0","0","0","0","0","0","0","0","-2"
"446394","Maple Springs Baptist Bible College and Seminary","2020","First major","'99'","Grand total","Master's degree","4","3","1","0","0","0","0","0","0","4","3","1","0","0","0","0","0","0","0","0","0","0","0","0","0","0","0","0","0","0","-2"
"446394","Maple Springs Baptist Bible College and Seminary","2020","First major","'99'","Grand total","Doctor's degree - other","0","0","0","0","0","0","0","0","0","0","0","0","0","0","0","0","0","0","0","0","0","0","0","0","0","0","0","0","0","0","-2"
"446525","SAE Institute of Technology-Nashville","2020","First major","'99'","Grand total","Associate's degree","85","67","18","0","0","0","0","0","0","34","29","5","9","6","3","0","0","0","36","28","8","6","4","2","0","0","0","0","0","0","-2"
"446525","SAE Institute of Technology-Nashville","2020","First major","'99'","Grand total","Bachelor's degree","8","8","0","0","0","0","1","1","0","2","2","0","0","0","0","0","0","0","3","3","0","2","2","0","0","0","0","0","0","0","-2"
"446552","Southern Technical College","2020","First major","'99'","Grand total","Associate's degree","119","103","16","4","4","0","2","2","0","36","33","3","38","32","6","0","0","0","35","29","6","3","2","1","1","1","0","0","0","0","-2"
"446561","Stanbridge University","2020","First major","'99'","Grand total","Associate's degree","280","82","198","3","0","3","68","34","34","4","0","4","76","13","63","13","9","4","72","17","55","12","0","12","32","9","23","0","0","0","-2"
"446561","Stanbridge University","2020","First major","'99'","Grand total","Bachelor's degree","8","1","7","0","0","0","1","1","0","0","0","0","2","0","2","3","0","3","1","0","1","1","0","1","0","0","0","0","0","0","-2"
"446561","Stanbridge University","2020","First major","'99'","Grand total","Master's degree","66","13","53","0","0","0","28","7","21","1","0","1","3","0","3","0","0","0","27","6","21","2","0","2","5","0","5","0","0","0","-2"
"446589","Universal Career School","2020","First major","'99'","Grand total","Associate's degree","189","40","149","0","0","0","0","0","0","0","0","0","189","40","149","0","0","0","0","0","0","0","0","0","0","0","0","0","0","0","-2"
"446598","Universal College of Healing Arts","2020","First major","'99'","Grand total","Associate's degree","2","0","2","0","0","0","0","0","0","0","0","0","0","0","0","0","0","0","2","0","2","0","0","0","0","0","0","0","0","0","-2"
"446604","Uta Mesivta of Kiryas Joel","2020","First major","'99'","Grand total","Bachelor's degree","359","359","0","0","0","0","0","0","0","0","0","0","0","0","0","0","0","0","359","359","0","0","0","0","0","0","0","0","0","0","-2"
"446613","W L Bonner College","2020","First major","'99'","Grand total","Associate's degree","2","1","1","0","0","0","0","0","0","2","1","1","0","0","0","0","0","0","0","0","0","0","0","0","0","0","0","0","0","0","-2"
"446613","W L Bonner College","2020","First major","'99'","Grand total","Bachelor's degree","0","0","0","0","0","0","0","0","0","0","0","0","0","0","0","0","0","0","0","0","0","0","0","0","0","0","0","0","0","0","-2"
"446640","Harrisburg University of Science and Technology","2020","First major","'99'","Grand total","Bachelor's degree","63","31","32","0","0","0","2","2","0","23","11","12","7","2","5","1","1","0","26","13","13","2","1","1","1","0","1","1","1","0","-2"
"446640","Harrisburg University of Science and Technology","2020","First major","'99'","Grand total","Master's degree","972","509","463","0","0","0","14","8","6","8","5","3","1","1","0","0","0","0","9","6","3","0","0","0","0","0","0","940","489","451","-2"
"446640","Harrisburg University of Science and Technology","2020","First major","'99'","Grand total","Doctor's degree - research/scholarship","0","0","0","0","0","0","0","0","0","0","0","0","0","0","0","0","0","0","0","0","0","0","0","0","0","0","0","0","0","0","-2"
"446677","Stevens-Henager College","2020","First major","'99'","Grand total","Associate's degree","3","0","3","0","0","0","0","0","0","0","0","0","0","0","0","0","0","0","3","0","3","0","0","0","0","0","0","0","0","0","-2"
"446677","Stevens-Henager College","2020","First major","'99'","Grand total","Bachelor's degree","4","2","2","0","0","0","0","0","0","0","0","0","1","0","1","0","0","0","1","1","0","2","1","1","0","0","0","0","0","0","-2"
"446774","Blue Ridge Community and Technical College","2020","First major","'99'","Grand total","Associate's degree","369","126","243","0","0","0","4","0","4","21","6","15","19","10","9","3","3","0","301","99","202","16","6","10","5","2","3","0","0","0","-2"
"447014","Daytona College","2020","First major","'99'","Grand total","Associate's degree","31","2","29","0","0","0","0","0","0","7","0","7","5","0","5","0","0","0","19","2","17","0","0","0","0","0","0","0","0","0","-2"
"447014","Daytona College","2020","First major","'99'","Grand total","Bachelor's degree","0","0","0","0","0","0","0","0","0","0","0","0","0","0","0","0","0","0","0","0","0","0","0","0","0","0","0","0","0","0","-2"
"447050","United States University","2020","First major","'99'","Grand total","Bachelor's degree","29","10","19","1","0","1","4","3","1","4","1","3","6","2","4","0","0","0","13","4","9","0","0","0","1","0","1","0","0","0","-2"
"447050","United States University","2020","First major","'99'","Grand total","Master's degree","298","65","233","1","0","1","75","19","56","62","6","56","44","8","36","7","3","4","71","15","56","12","1","11","5","0","5","21","13","8","-2"
"447263","AmeriTech College-Draper","2020","First major","'99'","Grand total","Associate's degree","337","53","284","1","0","1","4","0","4","2","1","1","28","3","25","1","0","1","281","46","235","15","2","13","5","1","4","0","0","0","-2"
"447263","AmeriTech College-Draper","2020","First major","'99'","Grand total","Bachelor's degree","59","7","52","2","0","2","0","0","0","1","0","1","4","2","2","0","0","0","48","5","43","4","0","4","0","0","0","0","0","0","-2"
"447263","AmeriTech College-Draper","2020","First major","'99'","Grand total","Master's degree","0","0","0","0","0","0","0","0","0","0","0","0","0","0","0","0","0","0","0","0","0","0","0","0","0","0","0","0","0","0","-2"
"447351","San Joaquin Valley College-Modesto","2020","First major","'99'","Grand total","Associate's degree","33","18","15","0","0","0","3","2","1","0","0","0","20","8","12","0","0","0","7","6","1","3","2","1","0","0","0","0","0","0","-2"
"447379","Platt College-Moore","2020","First major","'99'","Grand total","Associate's degree","17","1","16","1","1","0","0","0","0","3","0","3","1","0","1","1","0","1","7","0","7","1","0","1","3","0","3","0","0","0","-2"
"447421","Eagle Gate College-Layton","2020","First major","'99'","Grand total","Bachelor's degree","47","6","41","0","0","0","1","0","1","1","0","1","4","0","4","0","0","0","39","6","33","2","0","2","0","0","0","0","0","0","-2"
"447458","SAE Expression College","2020","First major","'99'","Grand total","Associate's degree","42","34","8","0","0","0","5","5","0","9","6","3","13","9","4","0","0","0","10","9","1","4","4","0","1","1","0","0","0","0","-2"
"447458","SAE Expression College","2020","First major","'99'","Grand total","Bachelor's degree","39","30","9","0","0","0","6","4","2","1","1","0","15","11","4","0","0","0","14","12","2","0","0","0","1","1","0","2","1","1","-2"
"447582","New River Community and Technical College","2020","First major","'99'","Grand total","Associate's degree","122","50","72","1","0","1","0","0","0","6","0","6","0","0","0","0","0","0","114","49","65","1","1","0","0","0","0","0","0","0","-2"
"447591","The College of Health Care Professions-Southwest Houston","2020","First major","'99'","Grand total","Associate's degree","7","3","4","1","0","1","0","0","0","2","1","1","2","1","1","0","0","0","1","1","0","0","0","0","1","0","1","0","0","0","-2"
"447689","Georgia Gwinnett College","2020","First major","'99'","Grand total","Bachelor's degree","1127","470","657","1","1","0","96","50","46","322","112","210","198","64","134","1","0","1","415","202","213","46","17","29","14","10","4","34","14","20","-2"
"447698","Phoenix Institute of Herbal Medicine & Acupuncture","2020","First major","'99'","Grand total","Master's degree","10","2","8","0","0","0","1","1","0","0","0","0","1","0","1","0","0","0","7","1","6","0","0","0","0","0","0","1","0","1","-2"
"447713","California Career College","2020","First major","'99'","Grand total","Associate's degree","17","4","13","0","0","0","8","3","5","0","0","0","3","0","3","0","0","0","6","1","5","0","0","0","0","0","0","0","0","0","-2"
"447759","National Polytechnic College","2020","First major","'99'","Grand total","Associate's degree","31","12","19","0","0","0","3","2","1","2","2","0","20","5","15","0","0","0","5","2","3","0","0","0","0","0","0","1","1","0","-2"
"447768","American Career College-Ontario","2020","First major","'99'","Grand total","Associate's degree","138","49","89","2","0","2","15","8","7","14","4","10","63","19","44","2","2","0","31","13","18","9","3","6","2","0","2","0","0","0","-2"
"447777","Asher College","2020","First major","'99'","Grand total","Associate's degree","138","80","58","3","3","0","26","11","15","39","25","14","22","12","10","2","2","0","43","25","18","1","1","0","2","1","1","0","0","0","-2"
"447801","University of East-West Medicine","2020","First major","'99'","Grand total","Master's degree","25","5","20","0","0","0","25","5","20","0","0","0","0","0","0","0","0","0","0","0","0","0","0","0","0","0","0","0","0","0","-2"
"447801","University of East-West Medicine","2020","First major","'99'","Grand total","Doctor's degree - professional practice","13","7","6","0","0","0","9","5","4","0","0","0","0","0","0","0","0","0","2","0","2","0","0","0","2","2","0","0","0","0","-2"
"447847","Aviator College of Aeronautical Science and Technology","2020","First major","'99'","Grand total","Associate's degree","32","29","3","0","0","0","3","2","1","0","0","0","3","3","0","0","0","0","15","13","2","2","2","0","0","0","0","9","9","0","-2"
"447935","ATA College","2020","First major","'99'","Grand total","Associate's degree","98","8","90","0","0","0","1","0","1","37","2","35","1","0","1","0","0","0","48","5","43","3","0","3","8","1","7","0","0","0","-2"
"447953","SUM Bible College and Theological Seminary","2020","First major","'99'","Grand total","Bachelor's degree","85","45","40","0","0","0","1","1","0","13","9","4","32","15","17","0","0","0","39","20","19","0","0","0","0","0","0","0","0","0","-2"
"447953","SUM Bible College and Theological Seminary","2020","First major","'99'","Grand total","Master's degree","39","20","19","0","0","0","10","3","7","17","9","8","3","1","2","0","0","0","9","7","2","0","0","0","0","0","0","0","0","0","-2"
"447999","WellSpring School of Allied Health-Kansas City","2020","First major","'99'","Grand total","Associate's degree","7","2","5","0","0","0","0","0","0","3","1","2","1","1","0","0","0","0","3","0","3","0","0","0","0","0","0","0","0","0","-2"
"448239","Careers Unlimited","2020","First major","'99'","Grand total","Bachelor's degree","119","3","116","0","0","0","3","0","3","0","0","0","8","0","8","0","0","0","101","3","98","7","0","7","0","0","0","0","0","0","-2"
"448354","Eastern International College-Belleville","2020","First major","'99'","Grand total","Associate's degree","55","9","46","1","0","1","2","2","0","30","3","27","14","2","12","0","0","0","8","2","6","0","0","0","0","0","0","0","0","0","-2"
"448354","Eastern International College-Belleville","2020","First major","'99'","Grand total","Bachelor's degree","5","0","5","0","0","0","0","0","0","1","0","1","3","0","3","0","0","0","1","0","1","0","0","0","0","0","0","0","0","0","-2"
"448372","San Joaquin Valley College-Rancho Cordova","2020","First major","'99'","Grand total","Associate's degree","106","45","61","2","1","1","15","4","11","11","5","6","8","2","6","4","3","1","56","25","31","8","3","5","2","2","0","0","0","0","-2"
"448433","Universal Technical Institute of Northern California Inc","2020","First major","'99'","Grand total","Associate's degree","409","396","13","6","6","0","23","22","1","4","4","0","203","200","3","6","6","0","108","104","4","49","45","4","10","9","1","0","0","0","-2"
"448594","West Hills College-Lemoore","2020","First major","'99'","Grand total","Associate's degree","820","280","540","8","0","8","57","29","28","33","13","20","523","172","351","1","0","1","160","54","106","27","9","18","11","3","8","0","0","0","-2"
"448600","Stautzenberger College-Brecksville","2020","First major","'99'","Grand total","Associate's degree","97","13","84","0","0","0","1","0","1","13","2","11","5","1","4","0","0","0","78","10","68","0","0","0","0","0","0","0","0","0","-2"
"448673","Rasmussen University-Illinois","2020","First major","'99'","Grand total","Associate's degree","531","62","469","1","0","1","24","6","18","154","15","139","82","9","73","1","1","0","176","23","153","10","2","8","83","6","77","0","0","0","-2"
"448673","Rasmussen University-Illinois","2020","First major","'99'","Grand total","Bachelor's degree","9","1","8","0","0","0","0","0","0","4","0","4","0","0","0","0","0","0","4","1","3","0","0","0","1","0","1","0","0","0","-2"
"448673","Rasmussen University-Illinois","2020","First major","'99'","Grand total","Master's degree","2","1","1","0","0","0","0","0","0","2","1","1","0","0","0","0","0","0","0","0","0","0","0","0","0","0","0","0","0","0","-2"
"448691","International Institute for Restorative Practices","2020","First major","'99'","Grand total","Master's degree","19","4","15","0","0","0","0","0","0","2","1","1","0","0","0","0","0","0","12","2","10","0","0","0","2","1","1","3","0","3","-2"
"448859","Triangle Tech Inc-Bethlehem","2020","First major","'99'","Grand total","Associate's degree","59","55","4","0","0","0","1","1","0","3","3","0","18","18","0","0","0","0","37","33","4","0","0","0","0","0","0","0","0","0","-2"
"449038","Strayer University-Florida","2020","First major","'99'","Grand total","Associate's degree","50","10","40","0","0","0","1","1","0","28","5","23","6","2","4","0","0","0","12","2","10","1","0","1","2","0","2","0","0","0","-2"
"449038","Strayer University-Florida","2020","First major","'99'","Grand total","Bachelor's degree","221","85","136","0","0","0","3","1","2","92","31","61","55","22","33","3","1","2","58","28","30","2","2","0","5","0","5","3","0","3","-2"
"449038","Strayer University-Florida","2020","First major","'99'","Grand total","Master's degree","166","61","105","0","0","0","6","4","2","81","25","56","33","10","23","0","0","0","37","19","18","5","3","2","2","0","2","2","0","2","-2"
"449074","Pima Medical Institute-Renton","2020","First major","'99'","Grand total","Associate's degree","81","14","67","1","0","1","7","0","7","6","1","5","16","5","11","0","0","0","43","5","38","7","3","4","1","0","1","0","0","0","-2"
"449083","College of Business and Technology-Main Campus","2020","First major","'99'","Grand total","Associate's degree","23","23","0","0","0","0","0","0","0","1","1","0","21","21","0","0","0","0","1","1","0","0","0","0","0","0","0","0","0","0","-2"
"449092","College of Business and Technology-Hialeah","2020","First major","'99'","Grand total","Associate's degree","44","44","0","0","0","0","0","0","0","9","9","0","32","32","0","0","0","0","3","3","0","0","0","0","0","0","0","0","0","0","-2"
"449135","Dewey University-Juana Díaz","2020","First major","'99'","Grand total","Associate's degree","13","2","11","0","0","0","0","0","0","0","0","0","13","2","11","0","0","0","0","0","0","0","0","0","0","0","0","0","0","0","-2"
"449135","Dewey University-Juana Díaz","2020","First major","'99'","Grand total","Bachelor's degree","9","0","9","0","0","0","0","0","0","0","0","0","9","0","9","0","0","0","0","0","0","0","0","0","0","0","0","0","0","0","-2"
"449135","Dewey University-Juana Díaz","2020","First major","'99'","Grand total","Master's degree","0","0","0","0","0","0","0","0","0","0","0","0","0","0","0","0","0","0","0","0","0","0","0","0","0","0","0","0","0","0","-2"
"449250","The College of Health Care Professions-San Antonio","2020","First major","'99'","Grand total","Associate's degree","37","4","33","0","0","0","0","0","0","2","0","2","19","1","18","0","0","0","15","2","13","0","0","0","1","1","0","0","0","0","-2"
"449339","American Public University System","2020","First major","'99'","Grand total","Associate's degree","2690","1788","902","18","12","6","57","39","18","459","262","197","413","276","137","39","26","13","1354","945","409","108","67","41","222","154","68","20","7","13","-2"
"449339","American Public University System","2020","First major","'99'","Grand total","Bachelor's degree","6052","3982","2070","30","19","11","128","87","41","870","512","358","690","456","234","51","30","21","3572","2396","1176","269","175","94","406","283","123","36","24","12","-2"
"449339","American Public University System","2020","First major","'99'","Grand total","Master's degree","2676","1596","1080","9","5","4","73","47","26","443","246","197","242","155","87","15","8","7","1596","985","611","93","40","53","169","91","78","36","19","17","-2"
"449339","American Public University System","2020","First major","'99'","Grand total","Doctor's degree - research/scholarship","0","0","0","0","0","0","0","0","0","0","0","0","0","0","0","0","0","0","0","0","0","0","0","0","0","0","0","0","0","0","-2"
"449348","Huntsville Bible College","2020","First major","'99'","Grand total","Associate's degree","5","1","4","0","0","0","0","0","0","5","1","4","0","0","0","0","0","0","0","0","0","0","0","0","0","0","0","0","0","0","-2"
"449348","Huntsville Bible College","2020","First major","'99'","Grand total","Bachelor's degree","5","2","3","0","0","0","0","0","0","5","2","3","0","0","0","0","0","0","0","0","0","0","0","0","0","0","0","0","0","0","-2"
"449348","Huntsville Bible College","2020","First major","'99'","Grand total","Master's degree","7","5","2","0","0","0","0","0","0","7","5","2","0","0","0","0","0","0","0","0","0","0","0","0","0","0","0","0","0","0","-2"
"449348","Huntsville Bible College","2020","First major","'99'","Grand total","Doctor's degree - research/scholarship","0","0","0","0","0","0","0","0","0","0","0","0","0","0","0","0","0","0","0","0","0","0","0","0","0","0","0","0","0","0","-2"
"449384","Gnomon","2020","First major","'99'","Grand total","Bachelor's degree","22","15","7","0","0","0","2","2","0","1","0","1","3","2","1","0","0","0","6","5","1","2","1","1","2","2","0","6","3","3","-2"
"449445","Valley College of Medical Careers","2020","First major","'99'","Grand total","Associate's degree","3","1","2","0","0","0","0","0","0","0","0","0","3","1","2","0","0","0","0","0","0","0","0","0","0","0","0","0","0","0","-2"
"449481","Dragon Rises College of Oriental Medicine","2020","First major","'99'","Grand total","Master's degree","13","1","12","0","0","0","1","0","1","1","0","1","2","0","2","0","0","0","9","1","8","0","0","0","0","0","0","0","0","0","-2"
"449506","SABER College","2020","First major","'99'","Grand total","Associate's degree","17","8","9","0","0","0","0","0","0","0","0","0","17","8","9","0","0","0","0","0","0","0","0","0","0","0","0","0","0","0","-2"
"449524","Taylor College","2020","First major","'99'","Grand total","Associate's degree","53","16","37","0","0","0","1","0","1","11","1","10","4","0","4","0","0","0","36","15","21","1","0","1","0","0","0","0","0","0","-2"
"449612","Louisiana Culinary Institute","2020","First major","'99'","Grand total","Associate's degree","40","19","21","0","0","0","1","0","1","13","6","7","0","0","0","0","0","0","26","13","13","0","0","0","0","0","0","0","0","0","-2"
"449658","Bais Medrash Toras Chesed","2020","First major","'99'","Grand total","Bachelor's degree","18","18","0","0","0","0","0","0","0","0","0","0","0","0","0","0","0","0","17","17","0","0","0","0","0","0","0","1","1","0","-2"
"449764","Visible Music College","2020","First major","'99'","Grand total","Bachelor's degree","6","2","4","0","0","0","0","0","0","1","1","0","1","0","1","0","0","0","4","1","3","0","0","0","0","0","0","0","0","0","-2"
"449764","Visible Music College","2020","First major","'99'","Grand total","Master's degree","0","0","0","0","0","0","0","0","0","0","0","0","0","0","0","0","0","0","0","0","0","0","0","0","0","0","0","0","0","0","-2"
"449834","Virginia Beach Theological Seminary","2020","First major","'99'","Grand total","Master's degree","7","7","0","0","0","0","0","0","0","0","0","0","2","2","0","0","0","0","5","5","0","0","0","0","0","0","0","0","0","0","-2"
"449861","Milwaukee Career College","2020","First major","'99'","Grand total","Associate's degree","21","2","19","0","0","0","0","0","0","7","1","6","3","0","3","0","0","0","9","1","8","1","0","1","1","0","1","0","0","0","-2"
"449870","University of the West","2020","First major","'99'","Grand total","Bachelor's degree","24","10","14","0","0","0","2","2","0","0","0","0","6","2","4","0","0","0","2","1","1","0","0","0","1","0","1","13","5","8","-2"
"449870","University of the West","2020","First major","'99'","Grand total","Master's degree","21","9","12","0","0","0","6","3","3","0","0","0","0","0","0","0","0","0","4","1","3","0","0","0","0","0","0","11","5","6","-2"
"449870","University of the West","2020","First major","'99'","Grand total","Doctor's degree - research/scholarship","3","2","1","0","0","0","1","0","1","0","0","0","0","0","0","0","0","0","2","2","0","0","0","0","0","0","0","0","0","0","-2"
"449870","University of the West","2020","First major","'99'","Grand total","Doctor's degree - professional practice","0","0","0","0","0","0","0","0","0","0","0","0","0","0","0","0","0","0","0","0","0","0","0","0","0","0","0","0","0","0","-2"
"449889","American College of Education","2020","First major","'99'","Grand total","Bachelor's degree","61","5","56","0","0","0","3","1","2","4","1","3","3","0","3","0","0","0","44","3","41","3","0","3","2","0","2","2","0","2","-2"
"449889","American College of Education","2020","First major","'99'","Grand total","Master's degree","2998","790","2208","5","2","3","55","13","42","136","47","89","285","54","231","3","2","1","2247","575","1672","79","34","45","52","14","38","136","49","87","-2"
"449889","American College of Education","2020","First major","'99'","Grand total","Doctor's degree - research/scholarship","157","54","103","0","0","0","9","4","5","12","5","7","11","3","8","0","0","0","103","35","68","11","3","8","2","1","1","9","3","6","-2"
"449898","South University-Tampa","2020","First major","'99'","Grand total","Associate's degree","52","25","27","0","0","0","4","0","4","13","6","7","11","6","5","0","0","0","21","11","10","0","0","0","3","2","1","0","0","0","-2"
"449898","South University-Tampa","2020","First major","'99'","Grand total","Bachelor's degree","136","27","109","2","0","2","11","3","8","44","9","35","42","7","35","1","1","0","34","6","28","0","0","0","1","0","1","1","1","0","-2"
"449898","South University-Tampa","2020","First major","'99'","Grand total","Master's degree","142","29","113","0","0","0","10","2","8","28","6","22","23","3","20","2","0","2","67","12","55","0","0","0","2","1","1","10","5","5","-2"
"449898","South University-Tampa","2020","First major","'99'","Grand total","Doctor's degree - professional practice","4","1","3","0","0","0","1","0","1","2","1","1","0","0","0","0","0","0","1","0","1","0","0","0","0","0","0","0","0","0","-2"
"449922","Appalachian College of Pharmacy","2020","First major","'99'","Grand total","Doctor's degree - professional practice","71","37","34","0","0","0","12","5","7","14","11","3","1","1","0","0","0","0","38","16","22","0","0","0","2","1","1","4","3","1","-2"
"449931","Averett University-Non-Traditional Programs","2020","First major","'99'","Grand total","Associate's degree","2","1","1","0","0","0","0","0","0","0","0","0","0","0","0","0","0","0","2","1","1","0","0","0","0","0","0","0","0","0","-2"
"449931","Averett University-Non-Traditional Programs","2020","First major","'99'","Grand total","Bachelor's degree","98","41","57","2","1","1","0","0","0","31","15","16","1","1","0","0","0","0","48","18","30","0","0","0","16","6","10","0","0","0","-2"
"449931","Averett University-Non-Traditional Programs","2020","First major","'99'","Grand total","Master's degree","160","50","110","1","0","1","1","0","1","31","11","20","3","2","1","0","0","0","98","26","72","1","1","0","23","8","15","2","2","0","-2"
"449931","Averett University-Non-Traditional Programs","2020","Second major","'99'","Grand total","Master's degree","1","0","1","0","0","0","0","0","0","0","0","0","0","0","0","0","0","0","1","0","1","0","0","0","0","0","0","0","0","0","-2"
"450058","Fortis College-Columbus","2020","First major","'99'","Grand total","Associate's degree","135","14","121","0","0","0","5","2","3","37","6","31","3","0","3","0","0","0","74","5","69","4","0","4","12","1","11","0","0","0","-2"
"450067","Fortis College-Cincinnati","2020","First major","'99'","Grand total","Associate's degree","23","4","19","0","0","0","0","0","0","6","0","6","1","0","1","0","0","0","15","3","12","1","1","0","0","0","0","0","0","0","-2"
"450128","Blue Cliff College-Alexandria","2020","First major","'99'","Grand total","Associate's degree","89","1","88","3","0","3","2","0","2","45","1","44","2","0","2","0","0","0","29","0","29","0","0","0","8","0","8","0","0","0","-2"
"450298","Strayer University-Delaware","2020","First major","'99'","Grand total","Associate's degree","12","2","10","0","0","0","0","0","0","8","1","7","1","1","0","0","0","0","3","0","3","0","0","0","0","0","0","0","0","0","-2"
"450298","Strayer University-Delaware","2020","First major","'99'","Grand total","Bachelor's degree","19","7","12","0","0","0","0","0","0","6","3","3","0","0","0","0","0","0","12","4","8","1","0","1","0","0","0","0","0","0","-2"
"450298","Strayer University-Delaware","2020","First major","'99'","Grand total","Master's degree","19","5","14","0","0","0","2","1","1","11","3","8","3","0","3","0","0","0","1","0","1","1","0","1","1","1","0","0","0","0","-2"
"450304","Brite Divinity School","2020","First major","'99'","Grand total","Master's degree","37","19","18","0","0","0","1","1","0","4","0","4","2","1","1","0","0","0","29","17","12","0","0","0","1","0","1","0","0","0","-2"
"450304","Brite Divinity School","2020","First major","'99'","Grand total","Doctor's degree - research/scholarship","4","1","3","0","0","0","0","0","0","0","0","0","0","0","0","0","0","0","4","1","3","0","0","0","0","0","0","0","0","0","-2"
"450304","Brite Divinity School","2020","First major","'99'","Grand total","Doctor's degree - other","1","0","1","0","0","0","0","0","0","0","0","0","0","0","0","0","0","0","0","0","0","0","0","0","0","0","0","1","0","1","-2"
"450377","Strayer University-Alabama","2020","First major","'99'","Grand total","Associate's degree","36","6","30","0","0","0","0","0","0","25","3","22","1","1","0","0","0","0","9","1","8","1","1","0","0","0","0","0","0","0","-2"
"450377","Strayer University-Alabama","2020","First major","'99'","Grand total","Bachelor's degree","53","17","36","0","0","0","0","0","0","29","9","20","5","3","2","0","0","0","16","5","11","2","0","2","0","0","0","1","0","1","-2"
"450377","Strayer University-Alabama","2020","First major","'99'","Grand total","Master's degree","79","18","61","0","0","0","0","0","0","68","11","57","1","1","0","0","0","0","8","5","3","1","0","1","1","1","0","0","0","0","-2"
"450571","Rasmussen University-Wisconsin","2020","First major","'99'","Grand total","Associate's degree","162","12","150","2","0","2","8","1","7","4","0","4","4","0","4","0","0","0","119","10","109","3","0","3","22","1","21","0","0","0","-2"
"450571","Rasmussen University-Wisconsin","2020","First major","'99'","Grand total","Bachelor's degree","35","4","31","2","1","1","1","0","1","0","0","0","0","0","0","0","0","0","27","3","24","1","0","1","4","0","4","0","0","0","-2"
"450571","Rasmussen University-Wisconsin","2020","First major","'99'","Grand total","Master's degree","2","0","2","0","0","0","0","0","0","0","0","0","0","0","0","0","0","0","2","0","2","0","0","0","0","0","0","0","0","0","-2"
"450696","Carrington College-Stockton","2020","First major","'99'","Grand total","Associate's degree","37","3","34","0","0","0","2","0","2","3","1","2","15","1","14","1","0","1","15","1","14","0","0","0","1","0","1","0","0","0","-2"
"450702","Carrington College-Citrus Heights","2020","First major","'99'","Grand total","Associate's degree","28","3","25","2","0","2","0","0","0","0","0","0","4","0","4","0","0","0","22","3","19","0","0","0","0","0","0","0","0","0","-2"
"450933","Columbia Southern University","2020","First major","'99'","Grand total","Associate's degree","1917","1384","533","16","13","3","22","11","11","225","113","112","94","62","32","2","0","2","896","708","188","43","28","15","619","449","170","0","0","0","-2"
"450933","Columbia Southern University","2020","First major","'99'","Grand total","Bachelor's degree","3424","2155","1269","25","15","10","56","29","27","581","277","304","258","181","77","1","0","1","1806","1247","559","89","42","47","607","364","243","1","0","1","-2"
"450933","Columbia Southern University","2020","First major","'99'","Grand total","Master's degree","1953","1047","906","15","10","5","88","47","41","530","192","338","125","79","46","5","2","3","834","521","313","54","24","30","301","171","130","1","1","0","-2"
"450933","Columbia Southern University","2020","First major","'99'","Grand total","Doctor's degree - research/scholarship","12","3","9","0","0","0","0","0","0","7","0","7","1","1","0","0","0","0","1","0","1","1","0","1","2","2","0","0","0","0","-2"
"450960","Healthcare Career College","2020","First major","'99'","Grand total","Associate's degree","5","0","5","0","0","0","1","0","1","2","0","2","1","0","1","0","0","0","1","0","1","0","0","0","0","0","0","0","0","0","-2"
"451079","Academy for Five Element Acupuncture","2020","First major","'99'","Grand total","Master's degree","24","5","19","0","0","0","4","1","3","0","0","0","0","0","0","0","0","0","19","4","15","0","0","0","0","0","0","1","0","1","-2"
"451103","Miami Regional University","2020","First major","'99'","Grand total","Associate's degree","183","50","133","0","0","0","0","0","0","10","0","10","172","50","122","0","0","0","1","0","1","0","0","0","0","0","0","0","0","0","-2"
"451103","Miami Regional University","2020","First major","'99'","Grand total","Bachelor's degree","25","8","17","0","0","0","0","0","0","6","1","5","18","7","11","0","0","0","0","0","0","1","0","1","0","0","0","0","0","0","-2"
"451103","Miami Regional University","2020","First major","'99'","Grand total","Master's degree","509","224","285","0","0","0","0","0","0","14","4","10","483","218","265","0","0","0","10","1","9","1","1","0","1","0","1","0","0","0","-2"
"451370","Yeshivas Be'er Yitzchok","2020","First major","'99'","Grand total","Bachelor's degree","13","13","0","0","0","0","0","0","0","0","0","0","0","0","0","0","0","0","13","13","0","0","0","0","0","0","0","0","0","0","-2"
"451398","Yeshiva Toras Chaim","2020","First major","'99'","Grand total","Bachelor's degree","9","9","0","0","0","0","0","0","0","0","0","0","0","0","0","0","0","0","9","9","0","0","0","0","0","0","0","0","0","0","-2"
"451404","Talmudical Seminary of Bobov","2020","First major","'99'","Grand total","Bachelor's degree","80","80","0","0","0","0","0","0","0","0","0","0","0","0","0","0","0","0","80","80","0","0","0","0","0","0","0","0","0","0","-2"
"451477","MyComputerCareer.edu-Columbus","2020","First major","'99'","Grand total","Associate's degree","24","23","1","1","1","0","0","0","0","6","6","0","5","5","0","0","0","0","12","11","1","0","0","0","0","0","0","0","0","0","-2"
"451510","Charleston School of Law","2020","First major","'99'","Grand total","Master's degree","0","0","0","0","0","0","0","0","0","0","0","0","0","0","0","0","0","0","0","0","0","0","0","0","0","0","0","0","0","0","-2"
"451510","Charleston School of Law","2020","First major","'99'","Grand total","Doctor's degree - professional practice","214","104","110","5","1","4","6","4","2","33","14","19","12","1","11","0","0","0","152","82","70","0","0","0","5","2","3","1","0","1","-2"
"451556","Southwest University at El Paso","2020","First major","'99'","Grand total","Associate's degree","699","231","468","0","0","0","5","3","2","27","11","16","610","197","413","0","0","0","50","16","34","1","1","0","6","3","3","0","0","0","-2"
"451556","Southwest University at El Paso","2020","First major","'99'","Grand total","Bachelor's degree","72","33","39","0","0","0","1","0","1","5","3","2","62","29","33","0","0","0","4","1","3","0","0","0","0","0","0","0","0","0","-2"
"451741","CEM College-Bayamon","2020","First major","'99'","Grand total","Associate's degree","37","12","25","0","0","0","0","0","0","0","0","0","37","12","25","0","0","0","0","0","0","0","0","0","0","0","0","0","0","0","-2"
"451741","CEM College-Bayamon","2020","First major","'99'","Grand total","Bachelor's degree","15","4","11","0","0","0","0","0","0","0","0","0","15","4","11","0","0","0","0","0","0","0","0","0","0","0","0","0","0","0","-2"
"451750","Bryant & Stratton College-Wauwatosa","2020","First major","'99'","Grand total","Associate's degree","231","34","197","1","0","1","12","4","8","62","4","58","25","4","21","1","0","1","120","21","99","9","1","8","1","0","1","0","0","0","-2"
"451750","Bryant & Stratton College-Wauwatosa","2020","First major","'99'","Grand total","Bachelor's degree","46","7","39","1","1","0","1","0","1","11","1","10","2","0","2","0","0","0","28","4","24","3","1","2","0","0","0","0","0","0","-2"
"451820","The Art Institute of Austin","2020","First major","'99'","Grand total","Associate's degree","16","7","9","0","0","0","0","0","0","5","1","4","4","2","2","0","0","0","5","2","3","0","0","0","0","0","0","2","2","0","-2"
"451820","The Art Institute of Austin","2020","First major","'99'","Grand total","Bachelor's degree","101","59","42","4","2","2","2","0","2","26","14","12","31","20","11","0","0","0","34","21","13","0","0","0","2","1","1","2","1","1","-2"
"451857","Remington College-Houston Southeast Campus","2020","First major","'99'","Grand total","Associate's degree","29","11","18","0","0","0","0","0","0","8","4","4","10","4","6","0","0","0","10","3","7","1","0","1","0","0","0","0","0","0","-2"
"451866","Remington College-Shreveport Campus","2020","First major","'99'","Grand total","Associate's degree","46","5","41","0","0","0","0","0","0","30","5","25","1","0","1","0","0","0","10","0","10","1","0","1","4","0","4","0","0","0","-2"
"451866","Remington College-Shreveport Campus","2020","First major","'99'","Grand total","Bachelor's degree","1","1","0","0","0","0","0","0","0","1","1","0","0","0","0","0","0","0","0","0","0","0","0","0","0","0","0","0","0","0","-2"
"451927","Patrick Henry College","2020","First major","'99'","Grand total","Bachelor's degree","38","20","18","0","0","0","2","1","1","0","0","0","3","2","1","0","0","0","30","16","14","0","0","0","3","1","2","0","0","0","-2"
"452081","Ross College-Sylvania","2020","First major","'99'","Grand total","Associate's degree","172","8","164","1","0","1","0","0","0","20","2","18","6","0","6","0","0","0","91","5","86","52","1","51","2","0","2","0","0","0","-2"
"452124","Fortis Institute-Nashville","2020","First major","'99'","Grand total","Associate's degree","88","17","71","0","0","0","2","1","1","27","4","23","4","1","3","0","0","0","50","10","40","4","1","3","1","0","1","0","0","0","-2"
"452373","ATA College-Cincinnati","2020","First major","'99'","Grand total","Associate's degree","35","5","30","0","0","0","2","2","0","15","0","15","1","0","1","0","0","0","14","2","12","1","1","0","2","0","2","0","0","0","-2"
"452948","Galen College of Nursing-Cincinnati","2020","First major","'99'","Grand total","Associate's degree","170","22","148","0","0","0","7","4","3","18","4","14","2","0","2","0","0","0","133","12","121","6","1","5","4","1","3","0","0","0","-2"
"452948","Galen College of Nursing-Cincinnati","2020","First major","'99'","Grand total","Bachelor's degree","0","0","0","0","0","0","0","0","0","0","0","0","0","0","0","0","0","0","0","0","0","0","0","0","0","0","0","0","0","0","-2"
"453163","Strayer University-North Carolina","2020","First major","'99'","Grand total","Associate's degree","131","30","101","0","0","0","1","1","0","94","23","71","4","0","4","0","0","0","24","5","19","4","0","4","4","1","3","0","0","0","-2"
"453163","Strayer University-North Carolina","2020","First major","'99'","Grand total","Bachelor's degree","297","82","215","1","0","1","2","2","0","194","45","149","20","5","15","0","0","0","60","28","32","15","1","14","5","1","4","0","0","0","-2"
"453163","Strayer University-North Carolina","2020","First major","'99'","Grand total","Master's degree","281","61","220","2","0","2","1","1","0","229","48","181","8","2","6","0","0","0","20","7","13","16","2","14","4","0","4","1","1","0","-2"
"453215","Strayer University-New Jersey","2020","First major","'99'","Grand total","Associate's degree","27","5","22","0","0","0","0","0","0","13","3","10","4","0","4","0","0","0","7","0","7","2","1","1","1","1","0","0","0","0","-2"
"453215","Strayer University-New Jersey","2020","First major","'99'","Grand total","Bachelor's degree","91","26","65","1","0","1","3","2","1","50","11","39","13","5","8","0","0","0","15","5","10","3","1","2","3","0","3","3","2","1","-2"
"453215","Strayer University-New Jersey","2020","First major","'99'","Grand total","Master's degree","46","11","35","0","0","0","2","0","2","25","7","18","5","3","2","0","0","0","11","1","10","2","0","2","1","0","1","0","0","0","-2"
"453792","Ohio Medical Career College","2020","First major","'99'","Grand total","Associate's degree","0","0","0","0","0","0","0","0","0","0","0","0","0","0","0","0","0","0","0","0","0","0","0","0","0","0","0","0","0","0","-2"
"454184","The King's College","2020","First major","'99'","Grand total","Bachelor's degree","124","40","84","1","1","0","3","2","1","7","1","6","5","5","0","1","0","1","93","24","69","0","0","0","11","4","7","3","3","0","-2"
"454227","Chamberlain University-Illinois","2020","First major","'99'","Grand total","Bachelor's degree","7888","765","7123","24","4","20","509","98","411","1098","94","1004","994","130","864","38","11","27","4526","367","4159","108","14","94","567","42","525","24","5","19","-2"
"454227","Chamberlain University-Illinois","2020","First major","'99'","Grand total","Master's degree","3703","378","3325","11","1","10","246","42","204","410","29","381","344","47","297","12","1","11","2285","218","2067","34","7","27","357","33","324","4","0","4","-2"
"454227","Chamberlain University-Illinois","2020","First major","'99'","Grand total","Doctor's degree - professional practice","365","30","335","1","0","1","28","5","23","104","4","100","19","2","17","1","0","1","169","18","151","2","0","2","41","1","40","0","0","0","-2"
"454236","Chamberlain University-Ohio","2020","First major","'99'","Grand total","Bachelor's degree","139","20","119","1","0","1","9","3","6","26","2","24","8","2","6","0","0","0","89","12","77","2","1","1","3","0","3","1","0","1","-2"
"454245","Chamberlain University-Arizona","2020","First major","'99'","Grand total","Bachelor's degree","223","32","191","1","0","1","24","4","20","14","2","12","51","12","39","0","0","0","125","12","113","5","1","4","3","1","2","0","0","0","-2"
"454306","Career Quest Learning Centers-Jackson","2020","First major","'99'","Grand total","Associate's degree","9","0","9","0","0","0","0","0","0","0","0","0","0","0","0","0","0","0","9","0","9","0","0","0","0","0","0","0","0","0","-2"
"454458","Bryan University","2020","First major","'99'","Grand total","Associate's degree","22","2","20","0","0","0","0","0","0","0","0","0","12","1","11","0","0","0","10","1","9","0","0","0","0","0","0","0","0","0","-2"
"454582","Ottawa University-Online","2020","First major","'99'","Grand total","Bachelor's degree","89","40","49","6","3","3","3","2","1","13","6","7","9","6","3","0","0","0","46","16","30","3","1","2","9","6","3","0","0","0","-2"
"454582","Ottawa University-Online","2020","First major","'99'","Grand total","Master's degree","15","4","11","1","1","0","0","0","0","5","1","4","1","0","1","0","0","0","7","2","5","1","0","1","0","0","0","0","0","0","-2"
"454616","Institute of Production and Recording","2020","First major","'99'","Grand total","Associate's degree","64","58","6","2","2","0","1","1","0","6","5","1","3","3","0","0","0","0","50","46","4","0","0","0","1","0","1","1","1","0","-2"
"454616","Institute of Production and Recording","2020","First major","'99'","Grand total","Bachelor's degree","6","6","0","0","0","0","0","0","0","0","0","0","0","0","0","0","0","0","6","6","0","0","0","0","0","0","0","0","0","0","-2"
"454689","Taft University System","2020","First major","'99'","Grand total","Bachelor's degree","1","0","1","0","0","0","0","0","0","0","0","0","0","0","0","0","0","0","1","0","1","0","0","0","0","0","0","0","0","0","-2"
"454689","Taft University System","2020","First major","'99'","Grand total","Master's degree","33","11","22","1","0","1","5","2","3","4","1","3","2","1","1","0","0","0","16","5","11","0","0","0","5","2","3","0","0","0","-2"
"454689","Taft University System","2020","First major","'99'","Grand total","Doctor's degree - professional practice","41","20","21","1","1","0","1","0","1","11","2","9","4","4","0","1","1","0","21","12","9","0","0","0","2","0","2","0","0","0","-2"
"454689","Taft University System","2020","First major","'99'","Grand total","Doctor's degree - other","22","9","13","0","0","0","2","2","0","3","2","1","1","0","1","0","0","0","14","4","10","0","0","0","2","1","1","0","0","0","-2"
"454698","Mayfield College","2020","First major","'99'","Grand total","Associate's degree","0","0","0","0","0","0","0","0","0","0","0","0","0","0","0","0","0","0","0","0","0","0","0","0","0","0","0","0","0","0","-2"
"454786","Laurus College","2020","First major","'99'","Grand total","Associate's degree","120","51","69","2","1","1","7","2","5","12","5","7","36","11","25","20","15","5","30","12","18","0","0","0","13","5","8","0","0","0","-2"
"454786","Laurus College","2020","First major","'99'","Grand total","Bachelor's degree","2","2","0","0","0","0","0","0","0","0","0","0","0","0","0","0","0","0","2","2","0","0","0","0","0","0","0","0","0","0","-2"
"454810","Auguste Escoffier School of Culinary Arts-Boulder","2020","First major","'99'","Grand total","Associate's degree","39","24","15","0","0","0","1","1","0","2","1","1","12","7","5","0","0","0","20","12","8","1","1","0","3","2","1","0","0","0","-2"
"454829","Aspen University","2020","First major","'99'","Grand total","Associate's degree","11","0","11","0","0","0","0","0","0","2","0","2","1","0","1","0","0","0","4","0","4","0","0","0","4","0","4","0","0","0","-2"
"454829","Aspen University","2020","First major","'99'","Grand total","Bachelor's degree","1230","163","1067","5","2","3","31","6","25","136","24","112","57","8","49","5","1","4","297","40","257","11","1","10","688","81","607","0","0","0","-2"
"454829","Aspen University","2020","First major","'99'","Grand total","Master's degree","456","95","361","3","1","2","12","6","6","56","13","43","21","7","14","3","0","3","117","20","97","6","3","3","238","45","193","0","0","0","-2"
"454829","Aspen University","2020","First major","'99'","Grand total","Doctor's degree - research/scholarship","26","12","14","0","0","0","2","2","0","2","1","1","1","1","0","0","0","0","7","3","4","0","0","0","14","5","9","0","0","0","-2"
"454838","Institute of Taoist Education and Acupuncture","2020","First major","'99'","Grand total","Master's degree","8","2","6","0","0","0","1","0","1","0","0","0","0","0","0","0","0","0","7","2","5","0","0","0","0","0","0","0","0","0","-2"
"454856","Denver College of Nursing","2020","First major","'99'","Grand total","Associate's degree","21","7","14","0","0","0","0","0","0","0","0","0","4","2","2","0","0","0","14","2","12","2","2","0","1","1","0","0","0","0","-2"
"454856","Denver College of Nursing","2020","First major","'99'","Grand total","Bachelor's degree","382","81","301","3","2","1","20","1","19","20","6","14","52","17","35","4","0","4","254","50","204","13","2","11","11","1","10","5","2","3","-2"
"454856","Denver College of Nursing","2020","First major","'99'","Grand total","Master's degree","19","0","19","0","0","0","0","0","0","0","0","0","1","0","1","0","0","0","8","0","8","0","0","0","10","0","10","0","0","0","-2"
"454865","Cambridge College of Healthcare & Technology","2020","First major","'99'","Grand total","Associate's degree","181","34","147","1","0","1","10","3","7","72","20","52","33","3","30","0","0","0","52","6","46","12","1","11","1","1","0","0","0","0","-2"
"455099","Urshan Graduate School of Theology","2020","First major","'99'","Grand total","Master's degree","12","6","6","0","0","0","0","0","0","1","0","1","1","0","1","0","0","0","7","3","4","1","1","0","0","0","0","2","2","0","-2"
"455114","College of Western Idaho","2020","First major","'99'","Grand total","Associate's degree","953","437","516","12","8","4","24","11","13","22","8","14","151","71","80","0","0","0","686","308","378","15","7","8","33","17","16","10","7","3","-2"
"455178","Daoist Traditions College of Chinese Medical Arts","2020","First major","'99'","Grand total","Master's degree","17","4","13","1","0","1","1","1","0","0","0","0","0","0","0","0","0","0","12","3","9","3","0","3","0","0","0","0","0","0","-2"
"455178","Daoist Traditions College of Chinese Medical Arts","2020","First major","'99'","Grand total","Doctor's degree - professional practice","11","4","7","1","0","1","1","1","0","0","0","0","0","0","0","0","0","0","7","3","4","2","0","2","0","0","0","0","0","0","-2"
"455196","Jersey College","2020","First major","'99'","Grand total","Associate's degree","644","66","578","5","0","5","31","9","22","362","35","327","59","6","53","6","0","6","137","14","123","17","2","15","27","0","27","0","0","0","-2"
"455257","Yeshiva of Machzikai Hadas","2020","First major","'99'","Grand total","Bachelor's degree","137","137","0","0","0","0","0","0","0","0","0","0","0","0","0","0","0","0","136","136","0","0","0","0","0","0","0","1","1","0","-2"
"455336","MediaTech Institute-Dallas","2020","First major","'99'","Grand total","Associate's degree","73","60","13","1","0","1","0","0","0","34","29","5","12","10","2","0","0","0","25","21","4","0","0","0","1","0","1","0","0","0","-2"
"455406","Pacific Northwest University of Health Sciences","2020","First major","'99'","Grand total","Doctor's degree - professional practice","141","73","68","0","0","0","17","7","10","0","0","0","13","11","2","0","0","0","94","51","43","11","2","9","5","2","3","1","0","1","-2"
"455433","The Chicago School of Professional Psychology at Anaheim","2020","First major","'99'","Grand total","Master's degree","42","7","35","0","0","0","10","2","8","2","1","1","11","0","11","1","0","1","10","2","8","3","1","2","3","0","3","2","1","1","-2"
"455433","The Chicago School of Professional Psychology at Anaheim","2020","First major","'99'","Grand total","Doctor's degree - research/scholarship","0","0","0","0","0","0","0","0","0","0","0","0","0","0","0","0","0","0","0","0","0","0","0","0","0","0","0","0","0","0","-2"
"455433","The Chicago School of Professional Psychology at Anaheim","2020","First major","'99'","Grand total","Doctor's degree - professional practice","52","7","45","1","1","0","2","0","2","4","0","4","8","0","8","1","0","1","27","4","23","3","1","2","5","1","4","1","0","1","-2"
"455479","Fortis Institute-Pensacola","2020","First major","'99'","Grand total","Associate's degree","70","6","64","0","0","0","1","0","1","7","0","7","2","0","2","0","0","0","52","6","46","5","0","5","3","0","3","0","0","0","-2"
"455512","Woodland Community College","2020","First major","'99'","Grand total","Associate's degree","375","136","239","0","0","0","10","2","8","3","2","1","232","85","147","0","0","0","91","36","55","9","2","7","8","4","4","22","5","17","-2"
"455628","Fortis Institute-Birmingham","2020","First major","'99'","Grand total","Associate's degree","19","0","19","0","0","0","1","0","1","9","0","9","0","0","0","0","0","0","9","0","9","0","0","0","0","0","0","0","0","0","-2"
"455664","The Chicago School of Professional Psychology at Los Angeles","2020","First major","'99'","Grand total","Bachelor's degree","34","0","34","0","0","0","0","0","0","4","0","4","8","0","8","0","0","0","19","0","19","2","0","2","1","0","1","0","0","0","-2"
"455664","The Chicago School of Professional Psychology at Los Angeles","2020","First major","'99'","Grand total","Master's degree","436","57","379","0","0","0","24","3","21","89","12","77","71","12","59","1","0","1","202","24","178","25","3","22","13","1","12","11","2","9","-2"
"455664","The Chicago School of Professional Psychology at Los Angeles","2020","First major","'99'","Grand total","Doctor's degree - research/scholarship","73","21","52","0","0","0","5","2","3","16","5","11","4","0","4","0","0","0","44","14","30","1","0","1","3","0","3","0","0","0","-2"
"455664","The Chicago School of Professional Psychology at Los Angeles","2020","First major","'99'","Grand total","Doctor's degree - professional practice","49","15","34","0","0","0","3","2","1","7","2","5","21","6","15","0","0","0","14","5","9","1","0","1","3","0","3","0","0","0","-2"
"455770","Providence Christian College","2020","First major","'99'","Grand total","Bachelor's degree","23","12","11","0","0","0","1","0","1","1","1","0","8","5","3","1","1","0","8","3","5","3","1","2","0","0","0","1","1","0","-2"
"455804","Institute of World Politics","2020","First major","'99'","Grand total","Master's degree","44","32","12","0","0","0","3","3","0","2","1","1","2","1","1","0","0","0","28","21","7","2","1","1","7","5","2","0","0","0","-2"
"455804","Institute of World Politics","2020","First major","'99'","Grand total","Doctor's degree - other","0","0","0","0","0","0","0","0","0","0","0","0","0","0","0","0","0","0","0","0","0","0","0","0","0","0","0","0","0","0","-2"
"455813","Pontifical John Paul II Institute for Studies on Marriage and Family","2020","First major","'99'","Grand total","Master's degree","8","6","2","0","0","0","0","0","0","0","0","0","0","0","0","0","0","0","6","5","1","0","0","0","0","0","0","2","1","1","-2"
"455813","Pontifical John Paul II Institute for Studies on Marriage and Family","2020","First major","'99'","Grand total","Doctor's degree - research/scholarship","1","0","1","0","0","0","0","0","0","0","0","0","0","0","0","0","0","0","1","0","1","0","0","0","0","0","0","0","0","0","-2"
"455868","National Career College","2020","First major","'99'","Grand total","Associate's degree","18","2","16","0","0","0","0","0","0","1","0","1","13","2","11","0","0","0","4","0","4","0","0","0","0","0","0","0","0","0","-2"
"455956","Liberty Junior College","2020","First major","'99'","Grand total","Associate's degree","34","6","28","0","0","0","0","0","0","0","0","0","34","6","28","0","0","0","0","0","0","0","0","0","0","0","0","0","0","0","-2"
"455983","Columbia College","2020","First major","'99'","Grand total","Associate's degree","22","12","10","0","0","0","13","10","3","1","1","0","2","0","2","0","0","0","5","1","4","0","0","0","1","0","1","0","0","0","-2"
"455992","Vermont College of Fine Arts","2020","First major","'99'","Grand total","Master's degree","170","54","116","0","0","0","2","0","2","6","3","3","12","5","7","0","0","0","115","34","81","8","3","5","23","9","14","4","0","4","-2"
"456038","Pima Medical Institute-East Valley","2020","First major","'99'","Grand total","Associate's degree","35","1","34","1","0","1","1","0","1","1","0","1","4","0","4","0","0","0","23","1","22","4","0","4","1","0","1","0","0","0","-2"
"456153","MediaTech Institute-Houston","2020","First major","'99'","Grand total","Associate's degree","27","22","5","0","0","0","0","0","0","19","15","4","5","4","1","0","0","0","3","3","0","0","0","0","0","0","0","0","0","0","-2"
"456205","Platt College-Miller-Motte-Raleigh","2020","First major","'99'","Grand total","Associate's degree","34","4","30","0","0","0","0","0","0","20","3","17","7","1","6","0","0","0","5","0","5","2","0","2","0","0","0","0","0","0","-2"
"456454","Fortis College-Salt Lake City","2020","First major","'99'","Grand total","Associate's degree","99","13","86","1","0","1","2","0","2","1","0","1","14","2","12","2","1","1","75","10","65","3","0","3","1","0","1","0","0","0","-2"
"456481","Polytechnic University of Puerto Rico-Miami","2020","First major","'99'","Grand total","Bachelor's degree","21","12","9","0","0","0","0","0","0","0","0","0","21","12","9","0","0","0","0","0","0","0","0","0","0","0","0","0","0","0","-2"
"456481","Polytechnic University of Puerto Rico-Miami","2020","First major","'99'","Grand total","Master's degree","37","17","20","0","0","0","0","0","0","0","0","0","37","17","20","0","0","0","0","0","0","0","0","0","0","0","0","0","0","0","-2"
"456490","Polytechnic University of Puerto Rico-Orlando","2020","First major","'99'","Grand total","Bachelor's degree","32","23","9","0","0","0","0","0","0","0","0","0","30","22","8","0","0","0","2","1","1","0","0","0","0","0","0","0","0","0","-2"
"456490","Polytechnic University of Puerto Rico-Orlando","2020","First major","'99'","Grand total","Master's degree","17","13","4","0","0","0","0","0","0","0","0","0","17","13","4","0","0","0","0","0","0","0","0","0","0","0","0","0","0","0","-2"
"456506","Ross Medical Education Center-Fort Wayne","2020","First major","'99'","Grand total","Associate's degree","0","0","0","0","0","0","0","0","0","0","0","0","0","0","0","0","0","0","0","0","0","0","0","0","0","0","0","0","0","0","-2"
"456542","Geisinger Commonwealth School of Medicine","2020","First major","'99'","Grand total","Master's degree","80","30","50","0","0","0","19","6","13","17","5","12","8","1","7","0","0","0","35","18","17","0","0","0","1","0","1","0","0","0","-2"
"456542","Geisinger Commonwealth School of Medicine","2020","First major","'99'","Grand total","Doctor's degree - professional practice","102","49","53","2","0","2","13","4","9","4","1","3","2","1","1","0","0","0","71","40","31","7","1","6","3","2","1","0","0","0","-2"
"456579","Platt College-McCann-Allentown","2020","First major","'99'","Grand total","Associate's degree","121","33","88","0","0","0","0","0","0","13","4","9","66","15","51","1","0","1","32","9","23","6","4","2","3","1","2","0","0","0","-2"
"456621","Strayer University-West Virginia","2020","First major","'99'","Grand total","Associate's degree","5","2","3","1","1","0","0","0","0","2","1","1","1","0","1","0","0","0","1","0","1","0","0","0","0","0","0","0","0","0","-2"
"456621","Strayer University-West Virginia","2020","First major","'99'","Grand total","Bachelor's degree","13","5","8","0","0","0","0","0","0","3","2","1","1","1","0","0","0","0","9","2","7","0","0","0","0","0","0","0","0","0","-2"
"456621","Strayer University-West Virginia","2020","First major","'99'","Grand total","Master's degree","2","0","2","0","0","0","0","0","0","0","0","0","1","0","1","0","0","0","1","0","1","0","0","0","0","0","0","0","0","0","-2"
"456852","San Joaquin Valley College-Hesperia","2020","First major","'99'","Grand total","Associate's degree","34","16","18","0","0","0","0","0","0","3","1","2","21","9","12","1","1","0","3","1","2","4","3","1","2","1","1","0","0","0","-2"
"456959","University of Minnesota-Rochester","2020","First major","'99'","Grand total","Bachelor's degree","117","28","89","0","0","0","13","4","9","10","5","5","8","1","7","0","0","0","81","15","66","2","1","1","1","1","0","2","1","1","-2"
"456977","College of Business and Technology-Cutler Bay","2020","First major","'99'","Grand total","Associate's degree","4","1","3","0","0","0","0","0","0","0","0","0","4","1","3","0","0","0","0","0","0","0","0","0","0","0","0","0","0","0","-2"
"457086","Homestead Schools","2020","First major","'99'","Grand total","Bachelor's degree","9","1","8","0","0","0","6","0","6","1","0","1","2","1","1","0","0","0","0","0","0","0","0","0","0","0","0","0","0","0","-2"
"457086","Homestead Schools","2020","First major","'99'","Grand total","Master's degree","0","0","0","0","0","0","0","0","0","0","0","0","0","0","0","0","0","0","0","0","0","0","0","0","0","0","0","0","0","0","-2"
"457101","Carrington College-Las Vegas","2020","First major","'99'","Grand total","Associate's degree","53","23","30","1","0","1","16","8","8","8","2","6","8","4","4","3","2","1","10","5","5","5","1","4","2","1","1","0","0","0","-2"
"457110","Carrington College-Reno","2020","First major","'99'","Grand total","Associate's degree","122","22","100","2","1","1","9","2","7","0","0","0","21","5","16","3","0","3","82","12","70","2","1","1","3","1","2","0","0","0","-2"
"457129","Chamberlain University-Florida","2020","First major","'99'","Grand total","Bachelor's degree","274","34","240","1","0","1","18","4","14","92","9","83","64","13","51","1","0","1","90","7","83","3","0","3","5","1","4","0","0","0","-2"
"457226","Horizon University","2020","First major","'99'","Grand total","Associate's degree","1","1","0","0","0","0","0","0","0","0","0","0","0","0","0","0","0","0","1","1","0","0","0","0","0","0","0","0","0","0","-2"
"457226","Horizon University","2020","First major","'99'","Grand total","Bachelor's degree","3","3","0","0","0","0","0","0","0","0","0","0","0","0","0","0","0","0","1","1","0","1","1","0","0","0","0","1","1","0","-2"
"457271","Academy for Jewish Religion-California","2020","First major","'99'","Grand total","Master's degree","8","3","5","0","0","0","0","0","0","0","0","0","0","0","0","0","0","0","8","3","5","0","0","0","0","0","0","0","0","0","-2"
"457299","Angeles College","2020","First major","'99'","Grand total","Bachelor's degree","31","5","26","0","0","0","2","0","2","0","0","0","0","0","0","0","0","0","0","0","0","0","0","0","0","0","0","29","5","24","-2"
"457299","Angeles College","2020","First major","'99'","Grand total","Master's degree","0","0","0","0","0","0","0","0","0","0","0","0","0","0","0","0","0","0","0","0","0","0","0","0","0","0","0","0","0","0","-2"
"457402","University of Fort Lauderdale","2020","First major","'99'","Grand total","Associate's degree","4","4","0","0","0","0","0","0","0","2","2","0","0","0","0","0","0","0","0","0","0","0","0","0","0","0","0","2","2","0","-2"
"457402","University of Fort Lauderdale","2020","First major","'99'","Grand total","Bachelor's degree","2","0","2","0","0","0","0","0","0","2","0","2","0","0","0","0","0","0","0","0","0","0","0","0","0","0","0","0","0","0","-2"
"457402","University of Fort Lauderdale","2020","First major","'99'","Grand total","Master's degree","2","0","2","0","0","0","0","0","0","1","0","1","0","0","0","0","0","0","0","0","0","0","0","0","0","0","0","1","0","1","-2"
"457484","Pacific Rim Christian University","2020","First major","'99'","Grand total","Associate's degree","12","6","6","0","0","0","1","1","0","1","0","1","1","0","1","3","1","2","2","2","0","4","2","2","0","0","0","0","0","0","-2"
"457484","Pacific Rim Christian University","2020","First major","'99'","Grand total","Bachelor's degree","17","8","9","0","0","0","2","2","0","0","0","0","3","3","0","3","2","1","4","1","3","4","0","4","0","0","0","1","0","1","-2"
"457484","Pacific Rim Christian University","2020","First major","'99'","Grand total","Master's degree","10","9","1","0","0","0","2","2","0","0","0","0","2","2","0","2","2","0","3","3","0","0","0","0","0","0","0","1","0","1","-2"
"457527","Ambria College of Nursing","2020","First major","'99'","Grand total","Associate's degree","45","3","42","0","0","0","12","1","11","9","0","9","7","0","7","1","0","1","16","2","14","0","0","0","0","0","0","0","0","0","-2"
"457527","Ambria College of Nursing","2020","First major","'99'","Grand total","Bachelor's degree","4","0","4","0","0","0","1","0","1","1","0","1","1","0","1","0","0","0","1","0","1","0","0","0","0","0","0","0","0","0","-2"
"457536","Midwestern Career College","2020","First major","'99'","Grand total","Associate's degree","74","8","66","0","0","0","4","1","3","22","1","21","17","3","14","0","0","0","20","2","18","1","0","1","3","0","3","7","1","6","-2"
"457651","CenterPoint Massage & Shiatsu Therapy School & Clinic","2020","First major","'99'","Grand total","Associate's degree","24","5","19","1","0","1","1","1","0","0","0","0","0","0","0","0","0","0","20","4","16","2","0","2","0","0","0","0","0","0","-2"
"457688","American Business and Technology University","2020","First major","'99'","Grand total","Associate's degree","17","7","10","0","0","0","2","2","0","8","1","7","1","1","0","0","0","0","6","3","3","0","0","0","0","0","0","0","0","0","-2"
"457688","American Business and Technology University","2020","First major","'99'","Grand total","Bachelor's degree","14","8","6","0","0","0","1","0","1","5","4","1","0","0","0","0","0","0","6","3","3","2","1","1","0","0","0","0","0","0","-2"
"457688","American Business and Technology University","2020","First major","'99'","Grand total","Master's degree","8","4","4","1","0","1","0","0","0","2","2","0","1","0","1","0","0","0","1","1","0","1","0","1","2","1","1","0","0","0","-2"
"457697","City Vision University","2020","First major","'99'","Grand total","Associate's degree","3","1","2","0","0","0","0","0","0","2","0","2","0","0","0","0","0","0","1","1","0","0","0","0","0","0","0","0","0","0","-2"
"457697","City Vision University","2020","First major","'99'","Grand total","Bachelor's degree","14","5","9","0","0","0","0","0","0","4","1","3","2","0","2","0","0","0","8","4","4","0","0","0","0","0","0","0","0","0","-2"
"457697","City Vision University","2020","First major","'99'","Grand total","Master's degree","3","3","0","0","0","0","0","0","0","0","0","0","1","1","0","0","0","0","2","2","0","0","0","0","0","0","0","0","0","0","-2"
"458034","Houston International College Cardiotech Ultrasound School","2020","First major","'99'","Grand total","Associate's degree","11","1","10","0","0","0","4","1","3","4","0","4","1","0","1","0","0","0","2","0","2","0","0","0","0","0","0","0","0","0","-2"
"458113","Antioch College AG","2020","First major","'99'","Grand total","Associate's degree","3","1","2","0","0","0","0","0","0","3","1","2","0","0","0","0","0","0","0","0","0","0","0","0","0","0","0","0","0","0","-2"
"458113","Antioch College AG","2020","First major","'99'","Grand total","Bachelor's degree","5","4","1","0","0","0","1","1","0","3","2","1","0","0","0","0","0","0","1","1","0","0","0","0","0","0","0","0","0","0","-2"
"458140","Northwest School of Wooden Boat Building","2020","First major","'99'","Grand total","Associate's degree","22","21","1","0","0","0","0","0","0","0","0","0","0","0","0","0","0","0","22","21","1","0","0","0","0","0","0","0","0","0","-2"
"458210","West Coast University-Orange County","2020","First major","'99'","Grand total","Bachelor's degree","804","169","635","1","0","1","299","78","221","35","6","29","204","29","175","35","11","24","175","33","142","39","9","30","16","3","13","0","0","0","-2"
"458210","West Coast University-Orange County","2020","First major","'99'","Grand total","Master's degree","350","66","284","1","1","0","92","21","71","54","9","45","69","10","59","8","5","3","108","18","90","4","1","3","14","1","13","0","0","0","-2"
"458229","West Coast University-Ontario","2020","First major","'99'","Grand total","Bachelor's degree","534","130","404","6","4","2","158","52","106","32","6","26","28","4","24","21","7","14","166","28","138","63","17","46","60","12","48","0","0","0","-2"
"458405","Platt College-Miller-Motte-Fayetteville","2020","First major","'99'","Grand total","Associate's degree","16","1","15","0","0","0","0","0","0","9","0","9","1","0","1","0","0","0","3","1","2","1","0","1","2","0","2","0","0","0","-2"
"458441","Platt College-Miller-Motte Technical-Columbus","2020","First major","'99'","Grand total","Associate's degree","40","13","27","0","0","0","1","1","0","32","11","21","2","1","1","0","0","0","3","0","3","2","0","2","0","0","0","0","0","0","-2"
"458496","The Art Institute of Virginia Beach","2020","First major","'99'","Grand total","Associate's degree","11","6","5","0","0","0","1","0","1","7","3","4","0","0","0","0","0","0","2","2","0","0","0","0","1","1","0","0","0","0","-2"
"458496","The Art Institute of Virginia Beach","2020","First major","'99'","Grand total","Bachelor's degree","61","28","33","1","1","0","1","1","0","29","16","13","7","2","5","0","0","0","21","8","13","0","0","0","1","0","1","1","0","1","-2"
"458575","Zaytuna College","2020","First major","'99'","Grand total","Bachelor's degree","11","5","6","0","0","0","6","3","3","2","1","1","0","0","0","0","0","0","1","1","0","2","0","2","0","0","0","0","0","0","-2"
"458575","Zaytuna College","2020","First major","'99'","Grand total","Master's degree","5","4","1","0","0","0","4","3","1","0","0","0","0","0","0","0","0","0","1","1","0","0","0","0","0","0","0","0","0","0","-2"
"458681","Fortis College-Indianapolis","2020","First major","'99'","Grand total","Associate's degree","52","3","49","0","0","0","1","0","1","32","1","31","0","0","0","0","0","0","17","2","15","2","0","2","0","0","0","0","0","0","-2"
"458885","Strayer University-Arkansas","2020","First major","'99'","Grand total","Associate's degree","0","0","0","0","0","0","0","0","0","0","0","0","0","0","0","0","0","0","0","0","0","0","0","0","0","0","0","0","0","0","-2"
"458885","Strayer University-Arkansas","2020","First major","'99'","Grand total","Bachelor's degree","10","3","7","0","0","0","0","0","0","7","2","5","0","0","0","0","0","0","3","1","2","0","0","0","0","0","0","0","0","0","-2"
"458885","Strayer University-Arkansas","2020","First major","'99'","Grand total","Master's degree","24","5","19","0","0","0","0","0","0","20","3","17","0","0","0","0","0","0","3","2","1","0","0","0","1","0","1","0","0","0","-2"
"458919","Strayer University-Georgia","2020","First major","'99'","Grand total","Associate's degree","236","52","184","0","0","0","1","0","1","181","37","144","7","2","5","0","0","0","27","7","20","9","4","5","11","2","9","0","0","0","-2"
"458919","Strayer University-Georgia","2020","First major","'99'","Grand total","Bachelor's degree","509","151","358","3","1","2","4","3","1","388","111","277","20","5","15","0","0","0","58","23","35","19","4","15","16","3","13","1","1","0","-2"
"458919","Strayer University-Georgia","2020","First major","'99'","Grand total","Master's degree","343","82","261","1","0","1","3","2","1","297","69","228","10","3","7","0","0","0","14","4","10","13","3","10","4","1","3","1","0","1","-2"
"458955","Strayer University-Mississippi","2020","First major","'99'","Grand total","Associate's degree","7","1","6","0","0","0","0","0","0","7","1","6","0","0","0","0","0","0","0","0","0","0","0","0","0","0","0","0","0","0","-2"
"458955","Strayer University-Mississippi","2020","First major","'99'","Grand total","Bachelor's degree","13","3","10","0","0","0","0","0","0","11","3","8","0","0","0","0","0","0","1","0","1","1","0","1","0","0","0","0","0","0","-2"
"458955","Strayer University-Mississippi","2020","First major","'99'","Grand total","Master's degree","30","10","20","0","0","0","0","0","0","26","8","18","0","0","0","0","0","0","1","1","0","3","1","2","0","0","0","0","0","0","-2"
"458964","Strayer University-South Carolina","2020","First major","'99'","Grand total","Associate's degree","76","8","68","1","0","1","0","0","0","54","4","50","2","1","1","0","0","0","14","2","12","1","0","1","4","1","3","0","0","0","-2"
"458964","Strayer University-South Carolina","2020","First major","'99'","Grand total","Bachelor's degree","158","50","108","1","0","1","1","1","0","101","21","80","6","3","3","0","0","0","40","22","18","5","2","3","4","1","3","0","0","0","-2"
"458964","Strayer University-South Carolina","2020","First major","'99'","Grand total","Master's degree","123","31","92","2","0","2","1","1","0","105","22","83","2","0","2","0","0","0","9","5","4","4","3","1","0","0","0","0","0","0","-2"
"458973","Strayer University-Texas","2020","First major","'99'","Grand total","Associate's degree","64","16","48","0","0","0","0","0","0","37","6","31","11","4","7","0","0","0","11","5","6","4","1","3","1","0","1","0","0","0","-2"
"458973","Strayer University-Texas","2020","First major","'99'","Grand total","Bachelor's degree","180","67","113","0","0","0","6","2","4","90","35","55","23","7","16","1","1","0","36","12","24","12","2","10","5","4","1","7","4","3","-2"
"458973","Strayer University-Texas","2020","First major","'99'","Grand total","Master's degree","94","41","53","0","0","0","5","1","4","56","24","32","9","3","6","0","0","0","16","8","8","4","3","1","1","0","1","3","2","1","-2"
"458982","The Art Institute of San Antonio","2020","First major","'99'","Grand total","Associate's degree","27","11","16","0","0","0","0","0","0","5","1","4","10","4","6","0","0","0","12","6","6","0","0","0","0","0","0","0","0","0","-2"
"458982","The Art Institute of San Antonio","2020","First major","'99'","Grand total","Bachelor's degree","91","37","54","0","0","0","1","0","1","16","6","10","48","21","27","1","0","1","24","10","14","0","0","0","0","0","0","1","0","1","-2"
"459204","Unitek College","2020","First major","'99'","Grand total","Associate's degree","362","59","303","4","0","4","171","34","137","12","3","9","32","0","32","12","4","8","41","5","36","29","5","24","61","8","53","0","0","0","-2"
"459204","Unitek College","2020","First major","'99'","Grand total","Bachelor's degree","12","1","11","0","0","0","5","1","4","1","0","1","1","0","1","1","0","1","2","0","2","2","0","2","0","0","0","0","0","0","-2"
"459213","Gurnick Academy of Medical Arts","2020","First major","'99'","Grand total","Associate's degree","369","113","256","1","0","1","108","44","64","13","3","10","76","19","57","9","3","6","97","23","74","37","14","23","28","7","21","0","0","0","-2"
"459213","Gurnick Academy of Medical Arts","2020","First major","'99'","Grand total","Bachelor's degree","8","0","8","0","0","0","1","0","1","0","0","0","2","0","2","1","0","1","2","0","2","1","0","1","1","0","1","0","0","0","-2"
"459259","South University–Richmond","2020","First major","'99'","Grand total","Associate's degree","23","7","16","0","0","0","0","0","0","8","2","6","0","0","0","0","0","0","14","4","10","0","0","0","1","1","0","0","0","0","-2"
"459259","South University–Richmond","2020","First major","'99'","Grand total","Bachelor's degree","65","5","60","0","0","0","4","1","3","20","2","18","7","0","7","0","0","0","33","2","31","0","0","0","1","0","1","0","0","0","-2"
"459259","South University–Richmond","2020","First major","'99'","Grand total","Master's degree","63","13","50","2","0","2","5","1","4","14","1","13","1","0","1","0","0","0","39","10","29","0","0","0","2","1","1","0","0","0","-2"
"459268","South University–Virginia Beach","2020","First major","'99'","Grand total","Associate's degree","12","4","8","0","0","0","0","0","0","0","0","0","0","0","0","0","0","0","12","4","8","0","0","0","0","0","0","0","0","0","-2"
"459268","South University–Virginia Beach","2020","First major","'99'","Grand total","Bachelor's degree","75","12","63","3","2","1","5","1","4","25","3","22","9","2","7","2","1","1","30","3","27","0","0","0","1","0","1","0","0","0","-2"
"459268","South University–Virginia Beach","2020","First major","'99'","Grand total","Master's degree","44","6","38","0","0","0","0","0","0","27","2","25","4","0","4","1","0","1","11","3","8","0","0","0","1","1","0","0","0","0","-2"
"459310","Future-Tech Institute","2020","First major","'99'","Grand total","Associate's degree","14","5","9","0","0","0","0","0","0","1","0","1","13","5","8","0","0","0","0","0","0","0","0","0","0","0","0","0","0","0","-2"
"459417","Compass College of Cinematic Arts","2020","First major","'99'","Grand total","Associate's degree","6","5","1","0","0","0","0","0","0","1","0","1","1","1","0","0","0","0","4","4","0","0","0","0","0","0","0","0","0","0","-2"
"459417","Compass College of Cinematic Arts","2020","First major","'99'","Grand total","Bachelor's degree","21","12","9","0","0","0","2","1","1","1","0","1","1","1","0","0","0","0","17","10","7","0","0","0","0","0","0","0","0","0","-2"
"459514","Peloton College","2020","First major","'99'","Grand total","Associate's degree","9","1","8","0","0","0","0","0","0","6","0","6","1","0","1","0","0","0","1","1","0","0","0","0","1","0","1","0","0","0","-2"
"459727","Touro University Worldwide","2020","First major","'99'","Grand total","Associate's degree","29","16","13","0","0","0","0","0","0","8","5","3","3","1","2","0","0","0","4","3","1","7","3","4","7","4","3","0","0","0","-2"
"459727","Touro University Worldwide","2020","First major","'99'","Grand total","Bachelor's degree","118","38","80","0","0","0","5","0","5","29","7","22","7","1","6","1","0","1","50","21","29","8","1","7","18","8","10","0","0","0","-2"
"459727","Touro University Worldwide","2020","First major","'99'","Grand total","Master's degree","539","152","387","1","0","1","30","6","24","120","18","102","41","15","26","1","0","1","212","72","140","47","11","36","87","30","57","0","0","0","-2"
"459727","Touro University Worldwide","2020","First major","'99'","Grand total","Doctor's degree - research/scholarship","17","7","10","0","0","0","2","1","1","3","2","1","1","0","1","0","0","0","5","4","1","3","0","3","3","0","3","0","0","0","-2"
"459736","Touro University California","2020","First major","'99'","Grand total","Master's degree","258","72","186","1","0","1","87","19","68","17","4","13","40","12","28","7","2","5","74","26","48","13","5","8","19","4","15","0","0","0","-2"
"459736","Touro University California","2020","First major","'99'","Grand total","Doctor's degree - professional practice","240","108","132","0","0","0","142","62","80","3","2","1","8","3","5","1","1","0","65","34","31","10","5","5","11","1","10","0","0","0","-2"
"459745","The Chicago School of Professional Psychology at Washington DC","2020","First major","'99'","Grand total","Master's degree","61","6","55","0","0","0","4","2","2","29","3","26","7","1","6","0","0","0","20","0","20","0","0","0","0","0","0","1","0","1","-2"
"459745","The Chicago School of Professional Psychology at Washington DC","2020","First major","'99'","Grand total","Doctor's degree - research/scholarship","19","5","14","0","0","0","2","0","2","8","3","5","2","1","1","0","0","0","4","0","4","0","0","0","3","1","2","0","0","0","-2"
"459745","The Chicago School of Professional Psychology at Washington DC","2020","First major","'99'","Grand total","Doctor's degree - professional practice","79","18","61","0","0","0","3","0","3","21","6","15","4","0","4","0","0","0","39","8","31","6","2","4","6","2","4","0","0","0","-2"
"459824","Touro University Nevada","2020","First major","'99'","Grand total","Bachelor's degree","58","5","53","1","0","1","9","1","8","4","1","3","10","1","9","0","0","0","30","1","29","3","1","2","1","0","1","0","0","0","-2"
"459824","Touro University Nevada","2020","First major","'99'","Grand total","Master's degree","212","75","137","0","0","0","64","27","37","8","2","6","29","7","22","5","2","3","88","31","57","11","4","7","7","2","5","0","0","0","-2"
"459824","Touro University Nevada","2020","First major","'99'","Grand total","Doctor's degree - research/scholarship","0","0","0","0","0","0","0","0","0","0","0","0","0","0","0","0","0","0","0","0","0","0","0","0","0","0","0","0","0","0","-2"
"459824","Touro University Nevada","2020","First major","'99'","Grand total","Doctor's degree - professional practice","216","114","102","0","0","0","86","44","42","10","1","9","15","8","7","1","1","0","84","49","35","12","6","6","8","5","3","0","0","0","-2"
"459842","Herzing University-Kenosha","2020","First major","'99'","Grand total","Associate's degree","7","1","6","0","0","0","0","0","0","0","0","0","0","0","0","0","0","0","7","1","6","0","0","0","0","0","0","0","0","0","-2"
"459842","Herzing University-Kenosha","2020","First major","'99'","Grand total","Bachelor's degree","130","22","108","1","0","1","12","3","9","13","1","12","20","3","17","0","0","0","79","15","64","2","0","2","3","0","3","0","0","0","-2"
"459842","Herzing University-Kenosha","2020","First major","'99'","Grand total","Master's degree","2","1","1","0","0","0","0","0","0","1","1","0","0","0","0","0","0","0","1","0","1","0","0","0","0","0","0","0","0","0","-2"
"459851","Herzing University-Brookfield","2020","First major","'99'","Grand total","Associate's degree","14","3","11","0","0","0","2","0","2","1","0","1","1","0","1","0","0","0","10","3","7","0","0","0","0","0","0","0","0","0","-2"
"459851","Herzing University-Brookfield","2020","First major","'99'","Grand total","Bachelor's degree","58","8","50","0","0","0","7","1","6","6","2","4","1","0","1","0","0","0","38","4","34","1","0","1","5","1","4","0","0","0","-2"
"459851","Herzing University-Brookfield","2020","First major","'99'","Grand total","Master's degree","3","2","1","0","0","0","0","0","0","0","0","0","0","0","0","0","0","0","1","1","0","1","0","1","1","1","0","0","0","0","-2"
"459949","Texas A&M University-San Antonio","2020","First major","'99'","Grand total","Bachelor's degree","1348","520","828","3","2","1","19","9","10","67","27","40","957","335","622","0","0","0","246","120","126","27","14","13","5","4","1","24","9","15","-2"
"459949","Texas A&M University-San Antonio","2020","First major","'99'","Grand total","Master's degree","242","86","156","0","0","0","9","7","2","18","9","9","133","35","98","0","0","0","66","27","39","4","2","2","6","3","3","6","3","3","-2"
"459949","Texas A&M University-San Antonio","2020","Second major","'99'","Grand total","Bachelor's degree","4","0","4","0","0","0","0","0","0","0","0","0","4","0","4","0","0","0","0","0","0","0","0","0","0","0","0","0","0","0","-2"
"459958","Fortis Institute","2020","First major","'99'","Grand total","Associate's degree","7","0","7","0","0","0","0","0","0","5","0","5","0","0","0","0","0","0","1","0","1","1","0","1","0","0","0","0","0","0","-2"
"459994","Strayer University-Global Region","2020","First major","'99'","Grand total","Associate's degree","274","98","176","2","1","1","4","2","2","86","17","69","23","10","13","2","1","1","126","54","72","10","6","4","21","7","14","0","0","0","-2"
"459994","Strayer University-Global Region","2020","First major","'99'","Grand total","Bachelor's degree","570","203","367","2","1","1","9","5","4","215","49","166","62","27","35","0","0","0","239","105","134","24","10","14","18","5","13","1","1","0","-2"
"459994","Strayer University-Global Region","2020","First major","'99'","Grand total","Master's degree","1106","508","598","8","1","7","71","47","24","445","134","311","89","49","40","1","1","0","392","232","160","27","12","15","73","32","41","0","0","0","-2"
"460020","Fortis College-Columbia","2020","First major","'99'","Grand total","Associate's degree","30","1","29","0","0","0","0","0","0","19","1","18","0","0","0","0","0","0","10","0","10","1","0","1","0","0","0","0","0","0","-2"
"460109","Ross Medical Education Center-Granger","2020","First major","'99'","Grand total","Associate's degree","2","0","2","0","0","0","0","0","0","0","0","0","1","0","1","0","0","0","1","0","1","0","0","0","0","0","0","0","0","0","-2"
"460136","Pima Medical Institute-Houston","2020","First major","'99'","Grand total","Associate's degree","172","39","133","0","0","0","51","22","29","20","3","17","46","7","39","0","0","0","48","5","43","4","1","3","3","1","2","0","0","0","-2"
"460181","Concorde Career College-Dallas","2020","First major","'99'","Grand total","Associate's degree","74","17","57","2","0","2","0","0","0","3","0","3","9","1","8","0","0","0","5","0","5","0","0","0","55","16","39","0","0","0","-2"
"460190","Concorde Career Institute-Orlando","2020","First major","'99'","Grand total","Associate's degree","44","6","38","0","0","0","1","1","0","10","4","6","18","0","18","0","0","0","8","1","7","0","0","0","7","0","7","0","0","0","-2"
"460206","Concorde Career College-San Antonio","2020","First major","'99'","Grand total","Associate's degree","80","25","55","0","0","0","2","1","1","5","0","5","46","15","31","0","0","0","18","4","14","0","0","0","9","5","4","0","0","0","-2"
"460349","Johnson & Wales University-Online","2020","First major","'99'","Grand total","Associate's degree","1","1","0","0","0","0","0","0","0","0","0","0","0","0","0","0","0","0","1","1","0","0","0","0","0","0","0","0","0","0","-2"
"460349","Johnson & Wales University-Online","2020","First major","'99'","Grand total","Bachelor's degree","198","63","135","0","0","0","6","3","3","36","10","26","18","3","15","0","0","0","115","40","75","10","3","7","13","4","9","0","0","0","-2"
"460349","Johnson & Wales University-Online","2020","First major","'99'","Grand total","Master's degree","249","73","176","1","0","1","5","1","4","54","14","40","29","11","18","1","1","0","139","36","103","5","2","3","11","5","6","4","3","1","-2"
"460349","Johnson & Wales University-Online","2020","First major","'99'","Grand total","Doctor's degree - research/scholarship","0","0","0","0","0","0","0","0","0","0","0","0","0","0","0","0","0","0","0","0","0","0","0","0","0","0","0","0","0","0","-2"
"460376","Fairfax University of America","2020","First major","'99'","Grand total","Bachelor's degree","7","4","3","0","0","0","0","0","0","0","0","0","0","0","0","0","0","0","0","0","0","0","0","0","0","0","0","7","4","3","-2"
"460376","Fairfax University of America","2020","First major","'99'","Grand total","Master's degree","45","17","28","0","0","0","5","2","3","0","0","0","0","0","0","0","0","0","6","2","4","0","0","0","1","1","0","33","12","21","-2"
"460394","Moreno Valley College","2020","First major","'99'","Grand total","Associate's degree","1671","561","1110","5","4","1","94","50","44","162","36","126","1196","393","803","4","1","3","166","66","100","35","7","28","5","3","2","4","1","3","-2"
"460464","Norco College","2020","First major","'99'","Grand total","Associate's degree","1762","749","1013","7","0","7","196","107","89","74","33","41","994","386","608","4","2","2","439","191","248","32","20","12","12","7","5","4","3","1","-2"
"460543","Universal Technical Institute-Dallas Fort Worth","2020","First major","'99'","Grand total","Associate's degree","487","478","9","3","3","0","12","12","0","31","30","1","236","233","3","0","0","0","167","163","4","33","32","1","5","5","0","0","0","0","-2"
"460677","ICPR Junior College","2020","First major","'99'","Grand total","Associate's degree","26","10","16","0","0","0","0","0","0","0","0","0","26","10","16","0","0","0","0","0","0","0","0","0","0","0","0","0","0","0","-2"
"460738","American Sentinel University","2020","First major","'99'","Grand total","Bachelor's degree","610","66","544","8","2","6","22","3","19","37","5","32","33","5","28","0","0","0","441","41","400","17","1","16","52","9","43","0","0","0","-2"
"460738","American Sentinel University","2020","First major","'99'","Grand total","Master's degree","228","21","207","7","1","6","11","1","10","7","1","6","2","0","2","1","0","1","166","17","149","7","1","6","27","0","27","0","0","0","-2"
"460738","American Sentinel University","2020","First major","'99'","Grand total","Doctor's degree - research/scholarship","116","4","112","2","0","2","6","0","6","1","0","1","2","1","1","1","0","1","84","3","81","1","0","1","19","0","19","0","0","0","-2"
"460756","Hawaii Medical College","2020","First major","'99'","Grand total","Associate's degree","76","3","73","1","0","1","34","2","32","1","1","0","3","0","3","16","0","16","3","0","3","18","0","18","0","0","0","0","0","0","-2"
"460783","Remington College-Heathrow Campus","2020","First major","'99'","Grand total","Associate's degree","50","5","45","0","0","0","3","0","3","11","1","10","5","1","4","0","0","0","15","3","12","1","0","1","15","0","15","0","0","0","-2"
"460783","Remington College-Heathrow Campus","2020","First major","'99'","Grand total","Bachelor's degree","32","9","23","0","0","0","1","0","1","12","3","9","3","0","3","0","0","0","2","0","2","1","0","1","13","6","7","0","0","0","-2"
"460817","Platt College-Miller-Motte-Jacksonville","2020","First major","'99'","Grand total","Associate's degree","10","4","6","0","0","0","0","0","0","1","1","0","2","0","2","0","0","0","7","3","4","0","0","0","0","0","0","0","0","0","-2"
"460826","Platt College-Miller-Motte Technical-Augusta","2020","First major","'99'","Grand total","Associate's degree","33","15","18","1","0","1","0","0","0","23","10","13","3","2","1","0","0","0","4","2","2","0","0","0","2","1","1","0","0","0","-2"
"460835","Platt College-Miller-Motte Technical-Conway","2020","First major","'99'","Grand total","Associate's degree","33","7","26","0","0","0","0","0","0","16","3","13","1","0","1","0","0","0","12","4","8","1","0","1","3","0","3","0","0","0","-2"
"460871","Chamberlain University-Virginia","2020","First major","'99'","Grand total","Bachelor's degree","158","17","141","0","0","0","15","1","14","63","4","59","31","3","28","0","0","0","43","8","35","3","1","2","3","0","3","0","0","0","-2"
"460899","Stevens-Henager College","2020","First major","'99'","Grand total","Associate's degree","27","2","25","0","0","0","0","0","0","1","0","1","1","1","0","0","0","0","16","1","15","7","0","7","2","0","2","0","0","0","-2"
"460899","Stevens-Henager College","2020","First major","'99'","Grand total","Bachelor's degree","9","6","3","0","0","0","0","0","0","0","0","0","1","0","1","0","0","0","4","3","1","4","3","1","0","0","0","0","0","0","-2"
"461014","Mildred Elley-New York Campus","2020","First major","'99'","Grand total","Associate's degree","155","6","149","0","0","0","7","0","7","97","3","94","37","2","35","0","0","0","2","1","1","0","0","0","11","0","11","1","0","1","-2"
"461023","National Paralegal College","2020","First major","'99'","Grand total","Associate's degree","85","10","75","0","0","0","0","0","0","2","0","2","2","0","2","0","0","0","14","4","10","0","0","0","67","6","61","0","0","0","-2"
"461023","National Paralegal College","2020","First major","'99'","Grand total","Bachelor's degree","75","5","70","1","0","1","0","0","0","0","0","0","2","0","2","0","0","0","8","0","8","0","0","0","64","5","59","0","0","0","-2"
"461023","National Paralegal College","2020","First major","'99'","Grand total","Master's degree","34","7","27","0","0","0","0","0","0","3","0","3","1","0","1","0","0","0","4","2","2","0","0","0","26","5","21","0","0","0","-2"
"461032","Carolina College of Biblical Studies","2020","First major","'99'","Grand total","Associate's degree","32","17","15","0","0","0","0","0","0","21","10","11","2","1","1","0","0","0","9","6","3","0","0","0","0","0","0","0","0","0","-2"
"461032","Carolina College of Biblical Studies","2020","First major","'99'","Grand total","Bachelor's degree","18","10","8","0","0","0","0","0","0","12","5","7","0","0","0","0","0","0","4","4","0","1","0","1","1","1","0","0","0","0","-2"
"461032","Carolina College of Biblical Studies","2020","First major","'99'","Grand total","Master's degree","0","0","0","0","0","0","0","0","0","0","0","0","0","0","0","0","0","0","0","0","0","0","0","0","0","0","0","0","0","0","-2"
"461120","Omega Graduate School","2020","First major","'99'","Grand total","Master's degree","6","3","3","0","0","0","0","0","0","2","2","0","0","0","0","0","0","0","4","1","3","0","0","0","0","0","0","0","0","0","-2"
"461120","Omega Graduate School","2020","First major","'99'","Grand total","Doctor's degree - research/scholarship","5","0","5","0","0","0","0","0","0","2","0","2","0","0","0","0","0","0","3","0","3","0","0","0","0","0","0","0","0","0","-2"
"461139","Jung Tao School of Classical Chinese Medicine","2020","First major","'99'","Grand total","Master's degree","9","2","7","0","0","0","0","0","0","0","0","0","0","0","0","0","0","0","9","2","7","0","0","0","0","0","0","0","0","0","-2"
"461148","New York Film Academy","2020","First major","'99'","Grand total","Associate's degree","31","20","11","0","0","0","0","0","0","3","1","2","1","1","0","0","0","0","1","0","1","2","2","0","11","8","3","13","8","5","-2"
"461148","New York Film Academy","2020","First major","'99'","Grand total","Bachelor's degree","250","134","116","0","0","0","10","6","4","19","10","9","9","3","6","0","0","0","39","20","19","14","8","6","36","27","9","123","60","63","-2"
"461148","New York Film Academy","2020","First major","'99'","Grand total","Master's degree","210","101","109","0","0","0","2","1","1","12","7","5","2","0","2","0","0","0","10","5","5","1","1","0","43","23","20","140","64","76","-2"
"461218","Institute of Medical Careers","2020","First major","'99'","Grand total","Associate's degree","96","6","90","0","0","0","0","0","0","30","0","30","2","0","2","0","0","0","64","6","58","0","0","0","0","0","0","0","0","0","-2"
"461254","Galaxy Medical College","2020","First major","'99'","Grand total","Associate's degree","0","0","0","0","0","0","0","0","0","0","0","0","0","0","0","0","0","0","0","0","0","0","0","0","0","0","0","0","0","0","-2"
"461263","American Medical Sciences Center","2020","First major","'99'","Grand total","Associate's degree","16","1","15","0","0","0","2","1","1","0","0","0","2","0","2","0","0","0","12","0","12","0","0","0","0","0","0","0","0","0","-2"
"461263","American Medical Sciences Center","2020","First major","'99'","Grand total","Bachelor's degree","0","0","0","0","0","0","0","0","0","0","0","0","0","0","0","0","0","0","0","0","0","0","0","0","0","0","0","0","0","0","-2"
"461281","Jose Maria Vargas University","2020","First major","'99'","Grand total","Associate's degree","2","0","2","0","0","0","0","0","0","0","0","0","2","0","2","0","0","0","0","0","0","0","0","0","0","0","0","0","0","0","-2"
"461281","Jose Maria Vargas University","2020","First major","'99'","Grand total","Bachelor's degree","1","1","0","0","0","0","0","0","0","0","0","0","0","0","0","0","0","0","0","0","0","0","0","0","0","0","0","1","1","0","-2"
"461281","Jose Maria Vargas University","2020","First major","'99'","Grand total","Master's degree","1","1","0","0","0","0","0","0","0","0","0","0","1","1","0","0","0","0","0","0","0","0","0","0","0","0","0","0","0","0","-2"
"461315","Keweenaw Bay Ojibwa Community College","2020","First major","'99'","Grand total","Associate's degree","13","2","11","11","2","9","0","0","0","0","0","0","0","0","0","0","0","0","2","0","2","0","0","0","0","0","0","0","0","0","-2"
"461324","Meridian Institute of Surgical Assisting","2020","First major","'99'","Grand total","Associate's degree","13","6","7","0","0","0","0","0","0","2","1","1","3","2","1","0","0","0","8","3","5","0","0","0","0","0","0","0","0","0","-2"
"461485","Shepherds Theological Seminary","2020","First major","'99'","Grand total","Master's degree","32","22","10","0","0","0","1","0","1","0","0","0","1","0","1","0","0","0","28","21","7","0","0","0","0","0","0","2","1","1","-2"
"461528","Grace College of Divinity","2020","First major","'99'","Grand total","Associate's degree","14","5","9","0","0","0","0","0","0","1","0","1","1","1","0","0","0","0","9","3","6","3","1","2","0","0","0","0","0","0","-2"
"461528","Grace College of Divinity","2020","First major","'99'","Grand total","Bachelor's degree","19","11","8","0","0","0","0","0","0","3","3","0","2","1","1","0","0","0","10","4","6","1","1","0","0","0","0","3","2","1","-2"
"461528","Grace College of Divinity","2020","First major","'99'","Grand total","Master's degree","7","5","2","0","0","0","0","0","0","0","0","0","1","0","1","0","0","0","6","5","1","0","0","0","0","0","0","0","0","0","-2"
"461573","American Trade School","2020","First major","'99'","Grand total","Associate's degree","1","1","0","1","1","0","0","0","0","0","0","0","0","0","0","0","0","0","0","0","0","0","0","0","0","0","0","0","0","0","-2"
"461643","Bergin University of Canine Studies","2020","First major","'99'","Grand total","Associate's degree","11","0","11","0","0","0","1","0","1","0","0","0","0","0","0","0","0","0","7","0","7","1","0","1","0","0","0","2","0","2","-2"
"461643","Bergin University of Canine Studies","2020","First major","'99'","Grand total","Bachelor's degree","7","3","4","0","0","0","0","0","0","0","0","0","0","0","0","0","0","0","7","3","4","0","0","0","0","0","0","0","0","0","-2"
"461643","Bergin University of Canine Studies","2020","First major","'99'","Grand total","Master's degree","13","0","13","0","0","0","0","0","0","0","0","0","2","0","2","0","0","0","10","0","10","0","0","0","0","0","0","1","0","1","-2"
"461689","Pima Medical Institute-Aurora","2020","First major","'99'","Grand total","Associate's degree","11","1","10","0","0","0","0","0","0","0","0","0","6","1","5","0","0","0","5","0","5","0","0","0","0","0","0","0","0","0","-2"
"461759","Simmons College of Kentucky","2020","First major","'99'","Grand total","Associate's degree","8","6","2","0","0","0","0","0","0","7","5","2","0","0","0","0","0","0","1","1","0","0","0","0","0","0","0","0","0","0","-2"
"461759","Simmons College of Kentucky","2020","First major","'99'","Grand total","Bachelor's degree","14","8","6","0","0","0","0","0","0","14","8","6","0","0","0","0","0","0","0","0","0","0","0","0","0","0","0","0","0","0","-2"
"461795","North American University","2020","First major","'99'","Grand total","Bachelor's degree","57","30","27","0","0","0","4","3","1","4","4","0","5","3","2","0","0","0","8","5","3","0","0","0","0","0","0","36","15","21","-2"
"461795","North American University","2020","First major","'99'","Grand total","Master's degree","158","88","70","0","0","0","9","5","4","5","0","5","7","1","6","1","1","0","41","19","22","0","0","0","4","3","1","91","59","32","-2"
"461847","Keser Torah-Mayan Hatalmud","2020","First major","'99'","Grand total","Bachelor's degree","22","22","0","0","0","0","0","0","0","0","0","0","0","0","0","0","0","0","22","22","0","0","0","0","0","0","0","0","0","0","-2"
"461865","Best Care College","2020","First major","'99'","Grand total","Associate's degree","0","0","0","0","0","0","0","0","0","0","0","0","0","0","0","0","0","0","0","0","0","0","0","0","0","0","0","0","0","0","-2"
"461883","Millennia Atlantic University","2020","First major","'99'","Grand total","Associate's degree","14","8","6","0","0","0","0","0","0","0","0","0","3","0","3","0","0","0","0","0","0","0","0","0","0","0","0","11","8","3","-2"
"461883","Millennia Atlantic University","2020","First major","'99'","Grand total","Bachelor's degree","21","9","12","0","0","0","0","0","0","0","0","0","0","0","0","0","0","0","0","0","0","0","0","0","0","0","0","21","9","12","-2"
"461883","Millennia Atlantic University","2020","First major","'99'","Grand total","Master's degree","48","21","27","0","0","0","0","0","0","1","0","1","6","4","2","0","0","0","0","0","0","0","0","0","0","0","0","41","17","24","-2"
"461953","Colorado Academy of Veterinary Technology","2020","First major","'99'","Grand total","Associate's degree","37","2","35","0","0","0","0","0","0","3","0","3","11","1","10","0","0","0","18","1","17","5","0","5","0","0","0","0","0","0","-2"
"462044","Institute for Doctoral Studies in the Visual Arts","2020","First major","'99'","Grand total","Master's degree","1","0","1","0","0","0","0","0","0","0","0","0","0","0","0","0","0","0","1","0","1","0","0","0","0","0","0","0","0","0","-2"
"462044","Institute for Doctoral Studies in the Visual Arts","2020","First major","'99'","Grand total","Doctor's degree - research/scholarship","5","2","3","0","0","0","0","0","0","1","1","0","0","0","0","0","0","0","4","1","3","0","0","0","0","0","0","0","0","0","-2"
"462354","John Paul the Great Catholic University","2020","First major","'99'","Grand total","Bachelor's degree","81","46","35","0","0","0","4","1","3","0","0","0","13","3","10","1","1","0","45","31","14","2","1","1","15","8","7","1","1","0","-2"
"462354","John Paul the Great Catholic University","2020","First major","'99'","Grand total","Master's degree","13","10","3","0","0","0","0","0","0","0","0","0","2","1","1","0","0","0","8","7","1","0","0","0","3","2","1","0","0","0","-2"
"462354","John Paul the Great Catholic University","2020","Second major","'99'","Grand total","Bachelor's degree","2","1","1","0","0","0","0","0","0","0","0","0","0","0","0","0","0","0","1","0","1","0","0","0","1","1","0","0","0","0","-2"
"464226","Ottawa University-Surprise","2020","First major","'99'","Grand total","Bachelor's degree","74","32","42","0","0","0","1","0","1","4","1","3","20","6","14","0","0","0","44","24","20","1","0","1","4","1","3","0","0","0","-2"
"464226","Ottawa University-Surprise","2020","First major","'99'","Grand total","Master's degree","15","8","7","0","0","0","1","1","0","1","1","0","1","1","0","0","0","0","12","5","7","0","0","0","0","0","0","0","0","0","-2"
"465812","Independence University","2020","First major","'99'","Grand total","Associate's degree","820","112","708","2","0","2","4","1","3","111","21","90","39","4","35","3","0","3","200","38","162","89","15","74","372","33","339","0","0","0","-2"
"465812","Independence University","2020","First major","'99'","Grand total","Bachelor's degree","526","122","404","2","0","2","5","2","3","62","14","48","31","7","24","3","0","3","139","41","98","72","23","49","212","35","177","0","0","0","-2"
"465812","Independence University","2020","First major","'99'","Grand total","Master's degree","93","40","53","0","0","0","2","1","1","13","5","8","6","3","3","2","0","2","36","16","20","13","8","5","21","7","14","0","0","0","-2"
"466921","Chamberlain University-Missouri","2020","First major","'99'","Grand total","Bachelor's degree","154","22","132","0","0","0","2","2","0","17","1","16","6","1","5","0","0","0","117","15","102","4","1","3","8","2","6","0","0","0","-2"
"466930","Chamberlain University-Texas","2020","First major","'99'","Grand total","Bachelor's degree","203","27","176","0","0","0","27","6","21","61","6","55","45","5","40","1","0","1","58","7","51","1","1","0","10","2","8","0","0","0","-2"
"467368","Carrington College-Ontario","2020","First major","'99'","Grand total","Associate's degree","46","5","41","2","0","2","7","2","5","0","0","0","24","2","22","0","0","0","12","1","11","1","0","1","0","0","0","0","0","0","-2"
"469416","Dewey University-Manati","2020","First major","'99'","Grand total","Associate's degree","50","14","36","0","0","0","0","0","0","0","0","0","50","14","36","0","0","0","0","0","0","0","0","0","0","0","0","0","0","0","-2"
"469416","Dewey University-Manati","2020","First major","'99'","Grand total","Bachelor's degree","42","7","35","0","0","0","0","0","0","0","0","0","42","7","35","0","0","0","0","0","0","0","0","0","0","0","0","0","0","0","-2"
"469629","Oklahoma Technical College","2020","First major","'99'","Grand total","Associate's degree","0","0","0","0","0","0","0","0","0","0","0","0","0","0","0","0","0","0","0","0","0","0","0","0","0","0","0","0","0","0","-2"
"470047","WellSpring School of Allied Health-Lawrence","2020","First major","'99'","Grand total","Associate's degree","22","3","19","0","0","0","0","0","0","6","1","5","2","1","1","0","0","0","14","1","13","0","0","0","0","0","0","0","0","0","-2"
"474863","Los Angeles Pacific University","2020","First major","'99'","Grand total","Associate's degree","38","2","36","1","0","1","2","0","2","5","0","5","21","2","19","0","0","0","8","0","8","0","0","0","1","0","1","0","0","0","-2"
"474863","Los Angeles Pacific University","2020","First major","'99'","Grand total","Bachelor's degree","338","90","248","0","0","0","13","5","8","36","8","28","158","42","116","3","0","3","104","28","76","10","4","6","13","2","11","1","1","0","-2"
"474863","Los Angeles Pacific University","2020","First major","'99'","Grand total","Master's degree","168","34","134","2","0","2","13","3","10","28","6","22","69","15","54","3","0","3","43","8","35","5","1","4","5","1","4","0","0","0","-2"
"474890","California College San Diego-CollegeAmerica-Phoenix","2020","First major","'99'","Grand total","Associate's degree","125","32","93","7","0","7","0","0","0","14","4","10","53","13","40","2","0","2","30","9","21","15","4","11","4","2","2","0","0","0","-2"
"474890","California College San Diego-CollegeAmerica-Phoenix","2020","First major","'99'","Grand total","Bachelor's degree","2","2","0","0","0","0","0","0","0","0","0","0","1","1","0","0","0","0","0","0","0","0","0","0","1","1","0","0","0","0","-2"
"474906","Stevens-Henager College","2020","First major","'99'","Grand total","Associate's degree","17","0","17","0","0","0","0","0","0","0","0","0","2","0","2","0","0","0","14","0","14","1","0","1","0","0","0","0","0","0","-2"
"474906","Stevens-Henager College","2020","First major","'99'","Grand total","Bachelor's degree","8","5","3","0","0","0","0","0","0","0","0","0","2","1","1","0","0","0","6","4","2","0","0","0","0","0","0","0","0","0","-2"
"475033","Relay Graduate School of Education","2020","First major","'99'","Grand total","Master's degree","1307","299","1008","2","1","1","59","10","49","449","94","355","222","42","180","1","0","1","447","115","332","46","14","32","30","10","20","51","13","38","-2"
"475060","Platt College-Miller-Motte Technical-Macon","2020","First major","'99'","Grand total","Associate's degree","18","4","14","0","0","0","1","0","1","16","4","12","0","0","0","0","0","0","1","0","1","0","0","0","0","0","0","0","0","0","-2"
"475121","South University–Savannah Online","2020","First major","'99'","Grand total","Associate's degree","58","3","55","0","0","0","0","0","0","34","0","34","4","1","3","0","0","0","20","2","18","0","0","0","0","0","0","0","0","0","-2"
"475121","South University–Savannah Online","2020","First major","'99'","Grand total","Bachelor's degree","529","107","422","8","1","7","7","1","6","201","33","168","52","15","37","2","0","2","242","53","189","1","0","1","16","4","12","0","0","0","-2"
"475121","South University–Savannah Online","2020","First major","'99'","Grand total","Master's degree","1233","190","1043","22","5","17","48","7","41","326","40","286","164","44","120","4","0","4","614","80","534","0","0","0","55","14","41","0","0","0","-2"
"475121","South University–Savannah Online","2020","First major","'99'","Grand total","Doctor's degree - research/scholarship","5","1","4","0","0","0","0","0","0","2","0","2","0","0","0","0","0","0","3","1","2","0","0","0","0","0","0","0","0","0","-2"
"475121","South University–Savannah Online","2020","First major","'99'","Grand total","Doctor's degree - professional practice","80","24","56","1","1","0","3","1","2","51","15","36","1","0","1","0","0","0","20","5","15","0","0","0","3","2","1","1","0","1","-2"
"475130","Fortis College-Montgomery","2020","First major","'99'","Grand total","Associate's degree","20","1","19","0","0","0","0","0","0","16","1","15","0","0","0","0","0","0","4","0","4","0","0","0","0","0","0","0","0","0","-2"
"475176","San Joaquin Valley College-Temecula","2020","First major","'99'","Grand total","Associate's degree","98","38","60","1","1","0","5","4","1","4","1","3","33","12","21","5","3","2","35","10","25","7","3","4","8","4","4","0","0","0","-2"
"475200","Whitworth University-Adult Degree Programs","2020","First major","'99'","Grand total","Bachelor's degree","87","27","60","1","1","0","1","0","1","1","0","1","12","2","10","0","0","0","67","22","45","1","1","0","4","1","3","0","0","0","-2"
"475200","Whitworth University-Adult Degree Programs","2020","Second major","'99'","Grand total","Bachelor's degree","1","0","1","0","0","0","0","0","0","0","0","0","1","0","1","0","0","0","0","0","0","0","0","0","0","0","0","0","0","0","-2"
"475228","The Santa Barbara and Ventura Colleges of Law at Santa Barbara","2020","First major","'99'","Grand total","Doctor's degree - professional practice","27","9","18","0","0","0","0","0","0","0","0","0","12","4","8","0","0","0","12","4","8","2","0","2","1","1","0","0","0","0","-2"
"475273","Springfield College-Regional, Online, and Continuing Education","2020","First major","'99'","Grand total","Bachelor's degree","199","49","150","0","0","0","1","1","0","89","29","60","45","3","42","0","0","0","41","12","29","8","2","6","15","2","13","0","0","0","-2"
"475273","Springfield College-Regional, Online, and Continuing Education","2020","First major","'99'","Grand total","Master's degree","98","23","75","2","1","1","0","0","0","43","9","34","17","4","13","0","0","0","31","8","23","5","1","4","0","0","0","0","0","0","-2"
"475398","Catholic Distance University","2020","First major","'99'","Grand total","Associate's degree","3","1","2","0","0","0","0","0","0","0","0","0","0","0","0","0","0","0","3","1","2","0","0","0","0","0","0","0","0","0","-2"
"475398","Catholic Distance University","2020","First major","'99'","Grand total","Bachelor's degree","12","6","6","0","0","0","0","0","0","0","0","0","0","0","0","0","0","0","9","5","4","0","0","0","3","1","2","0","0","0","-2"
"475398","Catholic Distance University","2020","First major","'99'","Grand total","Master's degree","17","11","6","0","0","0","1","0","1","0","0","0","0","0","0","0","0","0","11","8","3","0","0","0","5","3","2","0","0","0","-2"
"475422","Finger Lakes Health College of Nursing & Health Sciences","2020","First major","'99'","Grand total","Associate's degree","45","6","39","0","0","0","1","0","1","10","3","7","2","0","2","0","0","0","32","3","29","0","0","0","0","0","0","0","0","0","-2"
"475477","City College-Hollywood","2020","First major","'99'","Grand total","Associate's degree","65","11","54","0","0","0","1","0","1","26","6","20","16","4","12","0","0","0","18","1","17","4","0","4","0","0","0","0","0","0","-2"
"475495","Rocky Mountain University of Health Professions","2020","First major","'99'","Grand total","Master's degree","90","32","58","1","1","0","3","0","3","0","0","0","3","0","3","0","0","0","82","30","52","1","1","0","0","0","0","0","0","0","-2"
"475495","Rocky Mountain University of Health Professions","2020","First major","'99'","Grand total","Doctor's degree - research/scholarship","19","10","9","0","0","0","0","0","0","0","0","0","0","0","0","0","0","0","18","9","9","1","1","0","0","0","0","0","0","0","-2"
"475495","Rocky Mountain University of Health Professions","2020","First major","'99'","Grand total","Doctor's degree - professional practice","113","68","45","0","0","0","7","3","4","3","0","3","3","1","2","0","0","0","100","64","36","0","0","0","0","0","0","0","0","0","-2"
"475495","Rocky Mountain University of Health Professions","2020","First major","'99'","Grand total","Doctor's degree - other","92","4","88","1","0","1","6","1","5","12","1","11","2","0","2","0","0","0","69","2","67","2","0","2","0","0","0","0","0","0","-2"
"475510","Christie's Education","2020","First major","'99'","Grand total","Master's degree","44","7","37","0","0","0","1","0","1","0","0","0","2","0","2","0","0","0","19","2","17","0","0","0","3","0","3","19","5","14","-2"
"475565","CUNY Stella and Charles Guttman Community College","2020","First major","'99'","Grand total","Associate's degree","238","87","151","0","0","0","9","3","6","61","19","42","134","49","85","2","1","1","12","6","6","5","2","3","0","0","0","15","7","8","-2"
"475608","Criswell College","2020","First major","'99'","Grand total","Associate's degree","2","1","1","0","0","0","0","0","0","1","0","1","0","0","0","0","0","0","1","1","0","0","0","0","0","0","0","0","0","0","-2"
"475608","Criswell College","2020","First major","'99'","Grand total","Bachelor's degree","22","13","9","1","1","0","0","0","0","1","1","0","1","1","0","0","0","0","18","9","9","0","0","0","1","1","0","0","0","0","-2"
"475608","Criswell College","2020","First major","'99'","Grand total","Master's degree","14","8","6","0","0","0","0","0","0","3","2","1","1","0","1","0","0","0","8","5","3","0","0","0","0","0","0","2","1","1","-2"
"475608","Criswell College","2020","Second major","'99'","Grand total","Bachelor's degree","1","0","1","0","0","0","0","0","0","0","0","0","0","0","0","0","0","0","1","0","1","0","0","0","0","0","0","0","0","0","-2"
"475635","Beverly Hills Design Institute","2020","First major","'99'","Grand total","Associate's degree","1","0","1","0","0","0","0","0","0","1","0","1","0","0","0","0","0","0","0","0","0","0","0","0","0","0","0","0","0","0","-2"
"475635","Beverly Hills Design Institute","2020","First major","'99'","Grand total","Bachelor's degree","2","0","2","0","0","0","0","0","0","0","0","0","0","0","0","0","0","0","0","0","0","2","0","2","0","0","0","0","0","0","-2"
"475714","American Medical Academy","2020","First major","'99'","Grand total","Associate's degree","52","40","12","0","0","0","0","0","0","7","7","0","30","20","10","0","0","0","12","10","2","0","0","0","3","3","0","0","0","0","-2"
"475714","American Medical Academy","2020","First major","'99'","Grand total","Bachelor's degree","0","0","0","0","0","0","0","0","0","0","0","0","0","0","0","0","0","0","0","0","0","0","0","0","0","0","0","0","0","0","-2"
"475732","Chamberlain University-Georgia","2020","First major","'99'","Grand total","Bachelor's degree","321","32","289","2","0","2","25","3","22","154","14","140","26","5","21","0","0","0","108","10","98","1","0","1","5","0","5","0","0","0","-2"
"475741","Chamberlain University-Indiana","2020","First major","'99'","Grand total","Bachelor's degree","55","5","50","0","0","0","1","0","1","12","0","12","1","0","1","1","0","1","39","5","34","1","0","1","0","0","0","0","0","0","-2"
"475750","Carrington College-Mesquite","2020","First major","'99'","Grand total","Associate's degree","12","1","11","0","0","0","0","0","0","7","1","6","2","0","2","0","0","0","3","0","3","0","0","0","0","0","0","0","0","0","-2"
"475839","Sessions College for Professional Design","2020","First major","'99'","Grand total","Associate's degree","30","8","22","0","0","0","0","0","0","3","2","1","5","1","4","0","0","0","17","3","14","1","0","1","4","2","2","0","0","0","-2"
"476595","Medical Allied Career Center","2020","First major","'99'","Grand total","Bachelor's degree","0","0","0","0","0","0","0","0","0","0","0","0","0","0","0","0","0","0","0","0","0","0","0","0","0","0","0","0","0","0","-2"
"476601","Bais HaMedrash and Mesivta of Baltimore","2020","First major","'99'","Grand total","Bachelor's degree","20","20","0","0","0","0","0","0","0","0","0","0","0","0","0","0","0","0","18","18","0","0","0","0","0","0","0","2","2","0","-2"
"476683","Athena Career Academy","2020","First major","'99'","Grand total","Associate's degree","15","0","15","0","0","0","0","0","0","10","0","10","0","0","0","0","0","0","4","0","4","1","0","1","0","0","0","0","0","0","-2"
"476692","Yeshiva Gedolah Zichron Leyma","2020","First major","'99'","Grand total","Bachelor's degree","5","5","0","0","0","0","0","0","0","0","0","0","0","0","0","0","0","0","5","5","0","0","0","0","0","0","0","0","0","0","-2"
"476717","Be'er Yaakov Talmudic Seminary","2020","First major","'99'","Grand total","Bachelor's degree","56","56","0","0","0","0","0","0","0","0","0","0","0","0","0","0","0","0","56","56","0","0","0","0","0","0","0","0","0","0","-2"
"476726","Rio Grande Valley College","2020","First major","'99'","Grand total","Associate's degree","25","6","19","0","0","0","1","1","0","1","0","1","23","5","18","0","0","0","0","0","0","0","0","0","0","0","0","0","0","0","-2"
"476939","Florida Vocational Institute","2020","First major","'99'","Grand total","Associate's degree","0","0","0","0","0","0","0","0","0","0","0","0","0","0","0","0","0","0","0","0","0","0","0","0","0","0","0","0","0","0","-2"
"476948","SAE Institute of Technology-Atlanta","2020","First major","'99'","Grand total","Associate's degree","100","79","21","1","0","1","2","2","0","84","67","17","3","3","0","0","0","0","8","6","2","1","0","1","1","1","0","0","0","0","-2"
"476975","Colorado State University-Global Campus","2020","First major","'99'","Grand total","Bachelor's degree","1917","869","1048","16","5","11","95","48","47","120","52","68","241","107","134","16","6","10","1298","580","718","65","31","34","63","39","24","3","1","2","-2"
"476975","Colorado State University-Global Campus","2020","First major","'99'","Grand total","Master's degree","1436","520","916","12","6","6","79","23","56","150","62","88","162","49","113","8","2","6","931","346","585","38","8","30","48","20","28","8","4","4","-2"
"477039","West Coast University-Dallas","2020","First major","'99'","Grand total","Bachelor's degree","182","30","152","0","0","0","39","14","25","45","4","41","36","3","33","0","0","0","50","8","42","12","1","11","0","0","0","0","0","0","-2"
"477039","West Coast University-Dallas","2020","First major","'99'","Grand total","Master's degree","14","2","12","0","0","0","0","0","0","9","2","7","2","0","2","0","0","0","1","0","1","2","0","2","0","0","0","0","0","0","-2"
"477950","Stevens-Henager College","2020","First major","'99'","Grand total","Associate's degree","23","3","20","2","0","2","0","0","0","0","0","0","4","0","4","1","0","1","14","3","11","1","0","1","1","0","1","0","0","0","-2"
"478634","California College San Diego","2020","First major","'99'","Grand total","Associate's degree","45","24","21","0","0","0","0","0","0","3","2","1","20","11","9","0","0","0","12","6","6","7","4","3","3","1","2","0","0","0","-2"
"478634","California College San Diego","2020","First major","'99'","Grand total","Bachelor's degree","21","16","5","0","0","0","2","2","0","3","3","0","8","6","2","0","0","0","5","4","1","3","1","2","0","0","0","0","0","0","-2"
"479248","Columbia College","2020","First major","'99'","Grand total","Associate's degree","0","0","0","0","0","0","0","0","0","0","0","0","0","0","0","0","0","0","0","0","0","0","0","0","0","0","0","0","0","0","-2"
"480073","South University-Austin","2020","First major","'99'","Grand total","Associate's degree","19","8","11","0","0","0","2","0","2","2","1","1","2","1","1","1","1","0","12","5","7","0","0","0","0","0","0","0","0","0","-2"
"480073","South University-Austin","2020","First major","'99'","Grand total","Bachelor's degree","70","21","49","0","0","0","4","1","3","13","2","11","27","9","18","2","1","1","22","6","16","0","0","0","2","2","0","0","0","0","-2"
"480073","South University-Austin","2020","First major","'99'","Grand total","Master's degree","16","2","14","0","0","0","0","0","0","4","1","3","1","0","1","0","0","0","7","1","6","0","0","0","1","0","1","3","0","3","-2"
"480091","Bryant & Stratton College-Online","2020","First major","'99'","Grand total","Associate's degree","710","61","649","9","1","8","3","0","3","226","20","206","41","5","36","0","0","0","405","32","373","22","3","19","4","0","4","0","0","0","-2"
"480091","Bryant & Stratton College-Online","2020","First major","'99'","Grand total","Bachelor's degree","80","13","67","1","0","1","1","0","1","22","3","19","0","0","0","0","0","0","54","10","44","2","0","2","0","0","0","0","0","0","-2"
"480189","Mercyhurst University-North East Campus","2020","First major","'99'","Grand total","Associate's degree","146","46","100","2","1","1","1","0","1","21","11","10","8","5","3","0","0","0","105","27","78","0","0","0","9","2","7","0","0","0","-2"
"480198","Warner Pacific University Professional and Graduate Studies","2020","First major","'99'","Grand total","Associate's degree","9","2","7","0","0","0","0","0","0","2","0","2","1","0","1","0","0","0","6","2","4","0","0","0","0","0","0","0","0","0","-2"
"480198","Warner Pacific University Professional and Graduate Studies","2020","First major","'99'","Grand total","Bachelor's degree","124","43","81","3","1","2","7","1","6","12","7","5","14","5","9","2","0","2","72","22","50","4","1","3","9","5","4","1","1","0","-2"
"480198","Warner Pacific University Professional and Graduate Studies","2020","First major","'99'","Grand total","Master's degree","30","7","23","1","0","1","0","0","0","8","1","7","1","0","1","0","0","0","16","6","10","1","0","1","3","0","3","0","0","0","-2"
"480204","Platt College-Riverside","2020","First major","'99'","Grand total","Associate's degree","176","26","150","1","0","1","3","0","3","14","3","11","113","19","94","1","0","1","31","3","28","9","1","8","4","0","4","0","0","0","-2"
"480204","Platt College-Riverside","2020","First major","'99'","Grand total","Bachelor's degree","47","7","40","1","0","1","1","1","0","5","1","4","19","4","15","0","0","0","12","0","12","7","1","6","2","0","2","0","0","0","-2"
"480499","Shiloh University","2020","First major","'99'","Grand total","Associate's degree","0","0","0","0","0","0","0","0","0","0","0","0","0","0","0","0","0","0","0","0","0","0","0","0","0","0","0","0","0","0","-2"
"480499","Shiloh University","2020","First major","'99'","Grand total","Bachelor's degree","0","0","0","0","0","0","0","0","0","0","0","0","0","0","0","0","0","0","0","0","0","0","0","0","0","0","0","0","0","0","-2"
"480499","Shiloh University","2020","First major","'99'","Grand total","Master's degree","3","0","3","0","0","0","0","0","0","0","0","0","0","0","0","0","0","0","3","0","3","0","0","0","0","0","0","0","0","0","-2"
"480499","Shiloh University","2020","First major","'99'","Grand total","Doctor's degree - research/scholarship","2","1","1","0","0","0","0","0","0","0","0","0","1","1","0","0","0","0","1","0","1","0","0","0","0","0","0","0","0","0","-2"
"480569","Florida Institute of Technology-Online","2020","First major","'99'","Grand total","Associate's degree","110","47","63","1","0","1","1","0","1","14","3","11","22","13","9","1","0","1","60","27","33","4","0","4","6","3","3","1","1","0","-2"
"480569","Florida Institute of Technology-Online","2020","First major","'99'","Grand total","Bachelor's degree","225","108","117","1","0","1","4","4","0","49","21","28","31","16","15","1","1","0","125","59","66","1","0","1","10","6","4","3","1","2","-2"
"480569","Florida Institute of Technology-Online","2020","First major","'99'","Grand total","Master's degree","366","184","182","3","1","2","25","10","15","76","28","48","46","28","18","2","0","2","190","106","84","5","1","4","18","9","9","1","1","0","-2"
"480569","Florida Institute of Technology-Online","2020","Second major","'99'","Grand total","Bachelor's degree","1","1","0","0","0","0","0","0","0","0","0","0","0","0","0","0","0","0","1","1","0","0","0","0","0","0","0","0","0","0","-2"
"480657","Rasmussen University-Kansas","2020","First major","'99'","Grand total","Associate's degree","174","18","156","1","0","1","5","1","4","18","3","15","9","1","8","0","0","0","100","13","87","13","0","13","28","0","28","0","0","0","-2"
"480657","Rasmussen University-Kansas","2020","First major","'99'","Grand total","Bachelor's degree","34","8","26","0","0","0","2","0","2","3","0","3","3","1","2","0","0","0","24","7","17","1","0","1","1","0","1","0","0","0","-2"
"480657","Rasmussen University-Kansas","2020","First major","'99'","Grand total","Master's degree","1","0","1","0","0","0","0","0","0","0","0","0","0","0","0","0","0","0","1","0","1","0","0","0","0","0","0","0","0","0","-2"
"480781","California Miramar University","2020","First major","'99'","Grand total","Associate's degree","9","2","7","0","0","0","0","0","0","1","1","0","0","0","0","0","0","0","0","0","0","0","0","0","0","0","0","8","1","7","-2"
"480781","California Miramar University","2020","First major","'99'","Grand total","Bachelor's degree","22","13","9","0","0","0","0","0","0","3","3","0","5","3","2","0","0","0","5","3","2","3","2","1","0","0","0","6","2","4","-2"
"480781","California Miramar University","2020","First major","'99'","Grand total","Master's degree","46","29","17","0","0","0","0","0","0","2","2","0","1","1","0","0","0","0","0","0","0","0","0","0","0","0","0","43","26","17","-2"
"480781","California Miramar University","2020","First major","'99'","Grand total","Doctor's degree - research/scholarship","0","0","0","0","0","0","0","0","0","0","0","0","0","0","0","0","0","0","0","0","0","0","0","0","0","0","0","0","0","0","-2"
"480790","Rocky Vista University","2020","First major","'99'","Grand total","Master's degree","29","13","16","0","0","0","0","0","0","0","0","0","0","0","0","0","0","0","21","10","11","7","3","4","1","0","1","0","0","0","-2"
"480790","Rocky Vista University","2020","First major","'99'","Grand total","Doctor's degree - professional practice","152","79","73","0","0","0","5","3","2","1","1","0","5","3","2","0","0","0","114","60","54","20","8","12","7","4","3","0","0","0","-2"
"480824","The College of Health Care Professions-Dallas","2020","First major","'99'","Grand total","Associate's degree","2","0","2","0","0","0","0","0","0","0","0","0","1","0","1","0","0","0","0","0","0","0","0","0","1","0","1","0","0","0","-2"
"480833","The College of Health Care Professions-Fort Worth","2020","First major","'99'","Grand total","Associate's degree","18","0","18","0","0","0","0","0","0","0","0","0","4","0","4","0","0","0","11","0","11","1","0","1","2","0","2","0","0","0","-2"
"480851","Miami Media School","2020","First major","'99'","Grand total","Associate's degree","2","0","2","0","0","0","0","0","0","0","0","0","2","0","2","0","0","0","0","0","0","0","0","0","0","0","0","0","0","0","-2"
"480912","Gemini School of Visual Arts & Communication","2020","First major","'99'","Grand total","Bachelor's degree","3","1","2","0","0","0","0","0","0","1","0","1","0","0","0","0","0","0","2","1","1","0","0","0","0","0","0","0","0","0","-2"
"480967","College of the Muscogee Nation","2020","First major","'99'","Grand total","Associate's degree","36","16","20","28","11","17","0","0","0","0","0","0","2","1","1","0","0","0","0","0","0","6","4","2","0","0","0","0","0","0","-2"
"480985","Midwives College of Utah","2020","First major","'99'","Grand total","Associate's degree","8","0","8","0","0","0","0","0","0","1","0","1","1","0","1","0","0","0","4","0","4","0","0","0","2","0","2","0","0","0","-2"
"480985","Midwives College of Utah","2020","First major","'99'","Grand total","Bachelor's degree","11","1","10","1","0","1","0","0","0","0","0","0","1","0","1","0","0","0","9","1","8","0","0","0","0","0","0","0","0","0","-2"
"480985","Midwives College of Utah","2020","First major","'99'","Grand total","Master's degree","2","0","2","0","0","0","0","0","0","0","0","0","0","0","0","0","0","0","2","0","2","0","0","0","0","0","0","0","0","0","-2"
"481030","Future Generations University","2020","First major","'99'","Grand total","Master's degree","16","6","10","0","0","0","0","0","0","0","0","0","0","0","0","0","0","0","4","0","4","0","0","0","0","0","0","12","6","6","-2"
"481058","Grace Mission University","2020","First major","'99'","Grand total","Bachelor's degree","5","2","3","0","0","0","4","2","2","0","0","0","0","0","0","0","0","0","0","0","0","0","0","0","0","0","0","1","0","1","-2"
"481058","Grace Mission University","2020","First major","'99'","Grand total","Master's degree","8","3","5","0","0","0","3","2","1","0","0","0","0","0","0","0","0","0","0","0","0","0","0","0","0","0","0","5","1","4","-2"
"481058","Grace Mission University","2020","First major","'99'","Grand total","Doctor's degree - other","0","0","0","0","0","0","0","0","0","0","0","0","0","0","0","0","0","0","0","0","0","0","0","0","0","0","0","0","0","0","-2"
"481094","Sotheby's Institute of Art-NY","2020","First major","'99'","Grand total","Master's degree","68","9","59","0","0","0","20","4","16","2","1","1","1","0","1","0","0","0","40","3","37","1","0","1","0","0","0","4","1","3","-2"
"481155","Helms College","2020","First major","'99'","Grand total","Associate's degree","70","29","41","0","0","0","0","0","0","41","18","23","5","2","3","0","0","0","19","6","13","3","2","1","2","1","1","0","0","0","-2"
"481225","Mid-South Christian College","2020","First major","'99'","Grand total","Associate's degree","0","0","0","0","0","0","0","0","0","0","0","0","0","0","0","0","0","0","0","0","0","0","0","0","0","0","0","0","0","0","-2"
"481225","Mid-South Christian College","2020","First major","'99'","Grand total","Bachelor's degree","2","2","0","0","0","0","0","0","0","1","1","0","0","0","0","0","0","0","1","1","0","0","0","0","0","0","0","0","0","0","-2"
"481252","Ultrasound Medical Institute","2020","First major","'99'","Grand total","Associate's degree","26","0","26","0","0","0","0","0","0","15","0","15","2","0","2","1","0","1","8","0","8","0","0","0","0","0","0","0","0","0","-2"
"481401","Grace School of Theology","2020","First major","'99'","Grand total","Associate's degree","6","4","2","0","0","0","0","0","0","2","0","2","1","1","0","0","0","0","1","1","0","0","0","0","2","2","0","0","0","0","-2"
"481401","Grace School of Theology","2020","First major","'99'","Grand total","Bachelor's degree","8","5","3","0","0","0","0","0","0","2","0","2","0","0","0","0","0","0","2","1","1","0","0","0","4","4","0","0","0","0","-2"
"481401","Grace School of Theology","2020","First major","'99'","Grand total","Master's degree","34","22","12","0","0","0","0","0","0","6","5","1","2","2","0","0","0","0","2","2","0","0","0","0","24","13","11","0","0","0","-2"
"481401","Grace School of Theology","2020","First major","'99'","Grand total","Doctor's degree - other","4","4","0","0","0","0","0","0","0","1","1","0","0","0","0","0","0","0","3","3","0","0","0","0","0","0","0","0","0","0","-2"
"481410","Yeshiva Gedolah Kesser Torah","2020","First major","'99'","Grand total","Bachelor's degree","1","1","0","0","0","0","0","0","0","0","0","0","0","0","0","0","0","0","1","1","0","0","0","0","0","0","0","0","0","0","-2"
"481438","Yeshiva Yesodei Hatorah","2020","First major","'99'","Grand total","Bachelor's degree","3","3","0","0","0","0","0","0","0","0","0","0","0","0","0","0","0","0","3","3","0","0","0","0","0","0","0","0","0","0","-2"
"481535","Sanford Burnham Prebys Medical Discovery Institute","2020","First major","'99'","Grand total","Doctor's degree - research/scholarship","6","3","3","0","0","0","1","0","1","0","0","0","1","1","0","0","0","0","1","0","1","0","0","0","0","0","0","3","2","1","-2"
"481720","South University-High Point","2020","First major","'99'","Grand total","Bachelor's degree","0","0","0","0","0","0","0","0","0","0","0","0","0","0","0","0","0","0","0","0","0","0","0","0","0","0","0","0","0","0","-2"
"481720","South University-High Point","2020","First major","'99'","Grand total","Master's degree","7","0","7","0","0","0","0","0","0","3","0","3","1","0","1","1","0","1","2","0","2","0","0","0","0","0","0","0","0","0","-2"
"481775","San Joaquin Valley College-Lancaster","2020","First major","'99'","Grand total","Associate's degree","16","6","10","0","0","0","0","0","0","3","1","2","9","4","5","0","0","0","2","1","1","2","0","2","0","0","0","0","0","0","-2"
"481863","Ross Medical Education Center-Kokomo","2020","First major","'99'","Grand total","Associate's degree","0","0","0","0","0","0","0","0","0","0","0","0","0","0","0","0","0","0","0","0","0","0","0","0","0","0","0","0","0","0","-2"
"481960","InterCoast Colleges-Fairfield","2020","First major","'99'","Grand total","Associate's degree","0","0","0","0","0","0","0","0","0","0","0","0","0","0","0","0","0","0","0","0","0","0","0","0","0","0","0","0","0","0","-2"
"482149","Augusta University","2020","First major","'99'","Grand total","Associate's degree","1","1","0","0","0","0","0","0","0","0","0","0","0","0","0","0","0","0","0","0","0","1","1","0","0","0","0","0","0","0","-2"
"482149","Augusta University","2020","First major","'99'","Grand total","Bachelor's degree","996","298","698","2","1","1","87","29","58","205","49","156","64","16","48","2","2","0","553","177","376","58","18","40","15","3","12","10","3","7","-2"
"482149","Augusta University","2020","First major","'99'","Grand total","Master's degree","536","139","397","0","0","0","28","13","15","76","16","60","26","8","18","0","0","0","380","90","290","8","3","5","11","3","8","7","6","1","-2"
"482149","Augusta University","2020","First major","'99'","Grand total","Doctor's degree - research/scholarship","44","12","32","0","0","0","4","1","3","5","1","4","1","0","1","0","0","0","13","3","10","2","0","2","1","0","1","18","7","11","-2"
"482149","Augusta University","2020","First major","'99'","Grand total","Doctor's degree - professional practice","389","174","215","0","0","0","82","42","40","47","12","35","28","6","22","0","0","0","218","107","111","8","4","4","6","3","3","0","0","0","-2"
"482149","Augusta University","2020","Second major","'99'","Grand total","Bachelor's degree","7","1","6","0","0","0","1","0","1","3","0","3","0","0","0","0","0","0","3","1","2","0","0","0","0","0","0","0","0","0","-2"
"482158","Middle Georgia State University","2020","First major","'99'","Grand total","Associate's degree","255","96","159","0","0","0","7","5","2","59","20","39","16","8","8","1","1","0","157","59","98","11","1","10","0","0","0","4","2","2","-2"
"482158","Middle Georgia State University","2020","First major","'99'","Grand total","Bachelor's degree","909","348","561","1","0","1","27","12","15","247","71","176","48","22","26","0","0","0","540","227","313","28","10","18","5","3","2","13","3","10","-2"
"482158","Middle Georgia State University","2020","First major","'99'","Grand total","Master's degree","123","70","53","1","1","0","12","11","1","39","12","27","5","3","2","0","0","0","47","28","19","3","2","1","0","0","0","16","13","3","-2"
"482228","Veritas Baptist College","2020","First major","'99'","Grand total","Associate's degree","2","1","1","0","0","0","0","0","0","0","0","0","0","0","0","0","0","0","2","1","1","0","0","0","0","0","0","0","0","0","-2"
"482228","Veritas Baptist College","2020","First major","'99'","Grand total","Bachelor's degree","15","10","5","0","0","0","1","1","0","0","0","0","1","1","0","0","0","0","13","8","5","0","0","0","0","0","0","0","0","0","-2"
"482228","Veritas Baptist College","2020","First major","'99'","Grand total","Master's degree","9","6","3","0","0","0","0","0","0","0","0","0","0","0","0","0","0","0","8","5","3","1","1","0","0","0","0","0","0","0","-2"
"482325","National American University-Georgetown","2020","First major","'99'","Grand total","Associate's degree","1","0","1","0","0","0","0","0","0","1","0","1","0","0","0","0","0","0","0","0","0","0","0","0","0","0","0","0","0","0","-2"
"482325","National American University-Georgetown","2020","First major","'99'","Grand total","Bachelor's degree","16","1","15","0","0","0","0","0","0","4","0","4","3","0","3","0","0","0","7","1","6","0","0","0","0","0","0","2","0","2","-2"
"482413","DeVry College of New York","2020","First major","'99'","Grand total","Associate's degree","25","24","1","0","0","0","0","0","0","9","9","0","6","5","1","0","0","0","7","7","0","0","0","0","3","3","0","0","0","0","-2"
"482413","DeVry College of New York","2020","First major","'99'","Grand total","Bachelor's degree","171","111","60","2","1","1","21","16","5","35","16","19","41","26","15","1","1","0","58","41","17","2","2","0","10","7","3","1","1","0","-2"
"482413","DeVry College of New York","2020","First major","'99'","Grand total","Master's degree","177","83","94","1","0","1","48","21","27","45","18","27","23","15","8","0","0","0","35","21","14","1","0","1","13","4","9","11","4","7","-2"
"482422","DeVry University-Arizona","2020","First major","'99'","Grand total","Associate's degree","19","18","1","1","1","0","0","0","0","0","0","0","6","6","0","0","0","0","10","10","0","1","1","0","1","0","1","0","0","0","-2"
"482422","DeVry University-Arizona","2020","First major","'99'","Grand total","Bachelor's degree","61","37","24","2","1","1","1","1","0","4","2","2","20","8","12","1","1","0","25","18","7","1","1","0","7","5","2","0","0","0","-2"
"482422","DeVry University-Arizona","2020","First major","'99'","Grand total","Master's degree","35","16","19","1","0","1","1","1","0","1","0","1","5","2","3","1","1","0","22","12","10","1","0","1","2","0","2","1","0","1","-2"
"482431","DeVry University-California","2020","First major","'99'","Grand total","Associate's degree","53","43","10","0","0","0","8","5","3","5","5","0","19","16","3","1","1","0","12","10","2","1","1","0","7","5","2","0","0","0","-2"
"482431","DeVry University-California","2020","First major","'99'","Grand total","Bachelor's degree","418","241","177","2","1","1","45","26","19","30","19","11","145","71","74","12","7","5","135","91","44","15","5","10","28","16","12","6","5","1","-2"
"482431","DeVry University-California","2020","First major","'99'","Grand total","Master's degree","184","88","96","0","0","0","58","29","29","15","5","10","33","15","18","1","0","1","55","30","25","4","2","2","8","4","4","10","3","7","-2"
"482440","DeVry University-Colorado","2020","First major","'99'","Grand total","Associate's degree","3","2","1","0","0","0","0","0","0","1","0","1","0","0","0","0","0","0","2","2","0","0","0","0","0","0","0","0","0","0","-2"
"482440","DeVry University-Colorado","2020","First major","'99'","Grand total","Bachelor's degree","34","13","21","0","0","0","2","0","2","3","0","3","8","4","4","0","0","0","19","8","11","1","0","1","1","1","0","0","0","0","-2"
"482440","DeVry University-Colorado","2020","First major","'99'","Grand total","Master's degree","3","1","2","0","0","0","0","0","0","0","0","0","0","0","0","0","0","0","2","1","1","1","0","1","0","0","0","0","0","0","-2"
"482459","DeVry University-Florida","2020","First major","'99'","Grand total","Associate's degree","13","6","7","0","0","0","0","0","0","2","1","1","5","2","3","0","0","0","5","3","2","0","0","0","1","0","1","0","0","0","-2"
"482459","DeVry University-Florida","2020","First major","'99'","Grand total","Bachelor's degree","113","61","52","1","1","0","5","5","0","20","10","10","38","20","18","0","0","0","41","22","19","0","0","0","7","3","4","1","0","1","-2"
"482459","DeVry University-Florida","2020","First major","'99'","Grand total","Master's degree","78","32","46","1","0","1","5","2","3","16","6","10","27","14","13","2","1","1","25","9","16","0","0","0","2","0","2","0","0","0","-2"
"482468","DeVry University-Georgia","2020","First major","'99'","Grand total","Associate's degree","42","23","19","0","0","0","3","3","0","19","9","10","6","3","3","0","0","0","11","6","5","1","0","1","2","2","0","0","0","0","-2"
"482468","DeVry University-Georgia","2020","First major","'99'","Grand total","Bachelor's degree","161","68","93","0","0","0","3","2","1","79","30","49","11","5","6","0","0","0","52","26","26","0","0","0","16","5","11","0","0","0","-2"
"482468","DeVry University-Georgia","2020","First major","'99'","Grand total","Master's degree","102","38","64","0","0","0","10","4","6","45","16","29","8","3","5","0","0","0","18","9","9","1","0","1","18","4","14","2","2","0","-2"
"482477","DeVry University-Illinois","2020","First major","'99'","Grand total","Associate's degree","469","186","283","4","0","4","12","7","5","80","29","51","93","41","52","2","0","2","229","90","139","7","1","6","41","18","23","1","0","1","-2"
"482477","DeVry University-Illinois","2020","First major","'99'","Grand total","Bachelor's degree","1475","706","769","12","4","8","119","68","51","207","70","137","254","137","117","6","0","6","751","382","369","23","11","12","90","29","61","13","5","8","-2"
"482477","DeVry University-Illinois","2020","First major","'99'","Grand total","Master's degree","1588","603","985","11","6","5","117","58","59","389","129","260","191","73","118","11","4","7","696","284","412","15","6","9","131","31","100","27","12","15","-2"
"482486","DeVry University-Indiana","2020","First major","'99'","Grand total","Associate's degree","0","0","0","0","0","0","0","0","0","0","0","0","0","0","0","0","0","0","0","0","0","0","0","0","0","0","0","0","0","0","-2"
"482486","DeVry University-Indiana","2020","First major","'99'","Grand total","Bachelor's degree","7","3","4","1","0","1","0","0","0","0","0","0","1","0","1","0","0","0","4","2","2","0","0","0","1","1","0","0","0","0","-2"
"482486","DeVry University-Indiana","2020","First major","'99'","Grand total","Master's degree","5","1","4","0","0","0","0","0","0","2","0","2","0","0","0","0","0","0","1","0","1","1","0","1","1","1","0","0","0","0","-2"
"482538","DeVry University-Missouri","2020","First major","'99'","Grand total","Associate's degree","2","2","0","0","0","0","0","0","0","0","0","0","0","0","0","0","0","0","2","2","0","0","0","0","0","0","0","0","0","0","-2"
"482538","DeVry University-Missouri","2020","First major","'99'","Grand total","Bachelor's degree","16","11","5","0","0","0","0","0","0","2","1","1","2","0","2","0","0","0","12","10","2","0","0","0","0","0","0","0","0","0","-2"
"482538","DeVry University-Missouri","2020","First major","'99'","Grand total","Master's degree","8","2","6","0","0","0","0","0","0","3","0","3","0","0","0","0","0","0","5","2","3","0","0","0","0","0","0","0","0","0","-2"
"482547","DeVry University-Nevada","2020","First major","'99'","Grand total","Associate's degree","1","1","0","0","0","0","0","0","0","0","0","0","1","1","0","0","0","0","0","0","0","0","0","0","0","0","0","0","0","0","-2"
"482547","DeVry University-Nevada","2020","First major","'99'","Grand total","Bachelor's degree","12","8","4","0","0","0","3","3","0","3","1","2","2","0","2","0","0","0","3","3","0","0","0","0","1","1","0","0","0","0","-2"
"482547","DeVry University-Nevada","2020","First major","'99'","Grand total","Master's degree","13","8","5","0","0","0","1","0","1","1","1","0","2","1","1","0","0","0","4","2","2","0","0","0","3","2","1","2","2","0","-2"
"482556","DeVry University-New Jersey","2020","First major","'99'","Grand total","Associate's degree","8","7","1","0","0","0","0","0","0","2","1","1","2","2","0","0","0","0","4","4","0","0","0","0","0","0","0","0","0","0","-2"
"482556","DeVry University-New Jersey","2020","First major","'99'","Grand total","Bachelor's degree","72","53","19","0","0","0","9","6","3","12","8","4","20","16","4","0","0","0","24","18","6","0","0","0","6","5","1","1","0","1","-2"
"482556","DeVry University-New Jersey","2020","First major","'99'","Grand total","Master's degree","11","4","7","0","0","0","4","1","3","3","2","1","1","1","0","0","0","0","2","0","2","0","0","0","0","0","0","1","0","1","-2"
"482565","DeVry University-North Carolina","2020","First major","'99'","Grand total","Associate's degree","1","1","0","0","0","0","0","0","0","0","0","0","0","0","0","0","0","0","1","1","0","0","0","0","0","0","0","0","0","0","-2"
"482565","DeVry University-North Carolina","2020","First major","'99'","Grand total","Bachelor's degree","5","4","1","0","0","0","0","0","0","2","2","0","0","0","0","0","0","0","2","2","0","0","0","0","1","0","1","0","0","0","-2"
"482565","DeVry University-North Carolina","2020","First major","'99'","Grand total","Master's degree","13","5","8","0","0","0","0","0","0","7","3","4","1","0","1","0","0","0","3","2","1","0","0","0","2","0","2","0","0","0","-2"
"482574","DeVry University-Ohio","2020","First major","'99'","Grand total","Associate's degree","22","14","8","0","0","0","0","0","0","4","2","2","1","0","1","0","0","0","17","12","5","0","0","0","0","0","0","0","0","0","-2"
"482574","DeVry University-Ohio","2020","First major","'99'","Grand total","Bachelor's degree","93","52","41","0","0","0","2","0","2","17","8","9","2","1","1","1","1","0","64","42","22","1","0","1","6","0","6","0","0","0","-2"
"482574","DeVry University-Ohio","2020","First major","'99'","Grand total","Master's degree","30","11","19","0","0","0","1","0","1","5","2","3","1","0","1","0","0","0","19","7","12","0","0","0","4","2","2","0","0","0","-2"
"482608","DeVry University-Pennsylvania","2020","First major","'99'","Grand total","Associate's degree","6","5","1","0","0","0","0","0","0","3","2","1","0","0","0","0","0","0","1","1","0","0","0","0","2","2","0","0","0","0","-2"
"482608","DeVry University-Pennsylvania","2020","First major","'99'","Grand total","Bachelor's degree","33","18","15","0","0","0","0","0","0","10","4","6","3","1","2","0","0","0","16","12","4","0","0","0","4","1","3","0","0","0","-2"
"482608","DeVry University-Pennsylvania","2020","First major","'99'","Grand total","Master's degree","17","8","9","0","0","0","1","1","0","6","2","4","1","1","0","1","1","0","8","3","5","0","0","0","0","0","0","0","0","0","-2"
"482617","DeVry University-Tennessee","2020","First major","'99'","Grand total","Associate's degree","0","0","0","0","0","0","0","0","0","0","0","0","0","0","0","0","0","0","0","0","0","0","0","0","0","0","0","0","0","0","-2"
"482617","DeVry University-Tennessee","2020","First major","'99'","Grand total","Bachelor's degree","3","3","0","0","0","0","0","0","0","0","0","0","0","0","0","0","0","0","3","3","0","0","0","0","0","0","0","0","0","0","-2"
"482617","DeVry University-Tennessee","2020","First major","'99'","Grand total","Master's degree","2","0","2","0","0","0","0","0","0","0","0","0","1","0","1","0","0","0","1","0","1","0","0","0","0","0","0","0","0","0","-2"
"482635","DeVry University-Texas","2020","First major","'99'","Grand total","Associate's degree","12","7","5","0","0","0","1","0","1","2","1","1","2","1","1","0","0","0","4","3","1","0","0","0","3","2","1","0","0","0","-2"
"482635","DeVry University-Texas","2020","First major","'99'","Grand total","Bachelor's degree","76","54","22","0","0","0","2","2","0","16","13","3","28","17","11","2","2","0","25","19","6","0","0","0","3","1","2","0","0","0","-2"
"482635","DeVry University-Texas","2020","First major","'99'","Grand total","Master's degree","42","20","22","1","1","0","3","1","2","12","8","4","10","4","6","0","0","0","13","4","9","0","0","0","3","2","1","0","0","0","-2"
"482653","DeVry University-Virginia","2020","First major","'99'","Grand total","Associate's degree","1","0","1","0","0","0","0","0","0","0","0","0","0","0","0","0","0","0","0","0","0","0","0","0","1","0","1","0","0","0","-2"
"482653","DeVry University-Virginia","2020","First major","'99'","Grand total","Bachelor's degree","33","17","16","0","0","0","0","0","0","11","6","5","4","2","2","0","0","0","14","7","7","1","0","1","3","2","1","0","0","0","-2"
"482653","DeVry University-Virginia","2020","First major","'99'","Grand total","Master's degree","57","26","31","0","0","0","10","4","6","11","4","7","9","5","4","0","0","0","24","11","13","0","0","0","3","2","1","0","0","0","-2"
"482680","University of North Georgia","2020","First major","'99'","Grand total","Associate's degree","807","296","511","0","0","0","26","14","12","45","16","29","128","33","95","2","1","1","572","224","348","15","2","13","7","3","4","12","3","9","-2"
"482680","University of North Georgia","2020","First major","'99'","Grand total","Bachelor's degree","2068","834","1234","6","2","4","65","31","34","73","35","38","201","79","122","2","1","1","1603","627","976","66","32","34","22","10","12","30","17","13","-2"
"482680","University of North Georgia","2020","First major","'99'","Grand total","Master's degree","192","63","129","0","0","0","5","0","5","10","2","8","13","7","6","1","0","1","152","49","103","5","2","3","3","1","2","3","2","1","-2"
"482680","University of North Georgia","2020","First major","'99'","Grand total","Doctor's degree - research/scholarship","1","1","0","0","0","0","0","0","0","0","0","0","0","0","0","0","0","0","1","1","0","0","0","0","0","0","0","0","0","0","-2"
"482680","University of North Georgia","2020","First major","'99'","Grand total","Doctor's degree - professional practice","34","9","25","0","0","0","0","0","0","0","0","0","1","0","1","0","0","0","28","7","21","0","0","0","0","0","0","5","2","3","-2"
"482680","University of North Georgia","2020","Second major","'99'","Grand total","Associate's degree","3","2","1","0","0","0","0","0","0","0","0","0","0","0","0","0","0","0","3","2","1","0","0","0","0","0","0","0","0","0","-2"
"482699","South Georgia State College","2020","First major","'99'","Grand total","Associate's degree","329","92","237","1","0","1","3","0","3","55","14","41","27","5","22","0","0","0","241","72","169","1","0","1","1","1","0","0","0","0","-2"
"482699","South Georgia State College","2020","First major","'99'","Grand total","Bachelor's degree","69","19","50","0","0","0","1","1","0","7","2","5","6","2","4","0","0","0","54","14","40","1","0","1","0","0","0","0","0","0","-2"
"482699","South Georgia State College","2020","Second major","'99'","Grand total","Associate's degree","15","4","11","0","0","0","0","0","0","3","1","2","1","0","1","0","0","0","11","3","8","0","0","0","0","0","0","0","0","0","-2"
"482705","Northeastern University Lifelong Learning Network","2020","First major","'99'","Grand total","Bachelor's degree","620","207","413","1","0","1","31","6","25","52","14","38","34","11","23","1","1","0","284","67","217","16","8","8","41","14","27","160","86","74","-2"
"482705","Northeastern University Lifelong Learning Network","2020","First major","'99'","Grand total","Master's degree","3082","1436","1646","1","0","1","134","46","88","96","29","67","96","33","63","1","1","0","675","275","400","33","8","25","311","156","155","1735","888","847","-2"
"482705","Northeastern University Lifelong Learning Network","2020","First major","'99'","Grand total","Doctor's degree - professional practice","76","27","49","0","0","0","12","3","9","1","0","1","7","3","4","0","0","0","39","16","23","2","1","1","6","2","4","9","2","7","-2"
"482705","Northeastern University Lifelong Learning Network","2020","First major","'99'","Grand total","Doctor's degree - other","226","75","151","0","0","0","10","1","9","43","16","27","10","4","6","0","0","0","135","41","94","7","2","5","15","8","7","6","3","3","-2"
"482936","Florida Polytechnic University","2020","First major","'99'","Grand total","Bachelor's degree","293","263","30","2","2","0","12","10","2","10","9","1","57","51","6","1","1","0","189","171","18","9","8","1","4","4","0","9","7","2","-2"
"482936","Florida Polytechnic University","2020","First major","'99'","Grand total","Master's degree","15","14","1","0","0","0","0","0","0","1","1","0","3","3","0","0","0","0","5","4","1","1","1","0","0","0","0","5","5","0","-2"
"482990","Arizona College-Mesa","2020","First major","'99'","Grand total","Associate's degree","11","2","9","2","0","2","0","0","0","3","1","2","3","0","3","0","0","0","2","0","2","1","1","0","0","0","0","0","0","0","-2"
"483018","Antioch College","2020","First major","'99'","Grand total","Bachelor's degree","16","7","9","0","0","0","1","0","1","2","2","0","2","0","2","0","0","0","9","5","4","2","0","2","0","0","0","0","0","0","-2"
"483036","Texas A&M University-Central Texas","2020","First major","'99'","Grand total","Bachelor's degree","564","230","334","2","2","0","23","11","12","143","65","78","130","45","85","5","1","4","237","98","139","18","5","13","6","3","3","0","0","0","-2"
"483036","Texas A&M University-Central Texas","2020","First major","'99'","Grand total","Master's degree","169","57","112","3","0","3","11","7","4","42","12","30","33","13","20","0","0","0","70","22","48","7","1","6","3","2","1","0","0","0","-2"
"483036","Texas A&M University-Central Texas","2020","Second major","'99'","Grand total","Bachelor's degree","17","5","12","0","0","0","0","0","0","7","3","4","5","0","5","0","0","0","4","2","2","1","0","1","0","0","0","0","0","0","-2"
"483036","Texas A&M University-Central Texas","2020","Second major","'99'","Grand total","Master's degree","1","1","0","0","0","0","0","0","0","1","1","0","0","0","0","0","0","0","0","0","0","0","0","0","0","0","0","0","0","0","-2"
"483045","Central Georgia Technical College","2020","First major","'99'","Grand total","Associate's degree","814","233","581","1","0","1","10","5","5","369","84","285","40","14","26","0","0","0","368","120","248","18","5","13","4","3","1","4","2","2","-2"
"483124","Arizona State University Digital Immersion","2020","First major","'99'","Grand total","Bachelor's degree","5635","1978","3657","52","13","39","231","95","136","313","120","193","1092","362","730","19","5","14","3619","1272","2347","273","91","182","25","13","12","11","7","4","-2"
"483124","Arizona State University Digital Immersion","2020","First major","'99'","Grand total","Master's degree","4083","1273","2810","44","13","31","170","46","124","287","87","200","731","203","528","24","7","17","2489","815","1674","131","39","92","179","54","125","28","9","19","-2"
"483124","Arizona State University Digital Immersion","2020","First major","'99'","Grand total","Doctor's degree - research/scholarship","99","29","70","1","0","1","2","1","1","12","3","9","12","5","7","1","0","1","62","17","45","7","1","6","2","2","0","0","0","0","-2"
"483124","Arizona State University Digital Immersion","2020","Second major","'99'","Grand total","Bachelor's degree","4","1","3","0","0","0","0","0","0","0","0","0","1","0","1","0","0","0","3","1","2","0","0","0","0","0","0","0","0","0","-2"
"483212","Louisiana Delta Community College","2020","First major","'99'","Grand total","Associate's degree","226","77","149","1","0","1","1","1","0","68","14","54","4","0","4","2","2","0","141","57","84","5","1","4","4","2","2","0","0","0","-2"
"483221","Learnet Academy Inc","2020","First major","'99'","Grand total","Associate's degree","7","3","4","0","0","0","0","0","0","0","0","0","0","0","0","0","0","0","0","0","0","0","0","0","0","0","0","7","3","4","-2"
"483221","Learnet Academy Inc","2020","First major","'99'","Grand total","Bachelor's degree","0","0","0","0","0","0","0","0","0","0","0","0","0","0","0","0","0","0","0","0","0","0","0","0","0","0","0","0","0","0","-2"
"483221","Learnet Academy Inc","2020","First major","'99'","Grand total","Master's degree","0","0","0","0","0","0","0","0","0","0","0","0","0","0","0","0","0","0","0","0","0","0","0","0","0","0","0","0","0","0","-2"
"483595","Universidad Ana G. Mendez-Online Campus","2020","First major","'99'","Grand total","Bachelor's degree","3","1","2","0","0","0","0","0","0","0","0","0","3","1","2","0","0","0","0","0","0","0","0","0","0","0","0","0","0","0","-2"
"483595","Universidad Ana G. Mendez-Online Campus","2020","First major","'99'","Grand total","Master's degree","54","13","41","0","0","0","0","0","0","4","1","3","48","11","37","0","0","0","0","0","0","2","1","1","0","0","0","0","0","0","-2"
"483780","IGlobal University","2020","First major","'99'","Grand total","Bachelor's degree","37","21","16","0","0","0","0","0","0","0","0","0","0","0","0","0","0","0","0","0","0","0","0","0","0","0","0","37","21","16","-2"
"483780","IGlobal University","2020","First major","'99'","Grand total","Master's degree","110","72","38","0","0","0","4","4","0","0","0","0","0","0","0","0","0","0","0","0","0","0","0","0","0","0","0","106","68","38","-2"
"483814","Standard Healthcare Services-College of Nursing","2020","First major","'99'","Grand total","Associate's degree","51","3","48","0","0","0","6","0","6","39","3","36","2","0","2","0","0","0","4","0","4","0","0","0","0","0","0","0","0","0","-2"
"483975","Alabama College of Osteopathic Medicine","2020","First major","'99'","Grand total","Doctor's degree - professional practice","151","94","57","1","1","0","25","13","12","7","2","5","10","6","4","0","0","0","101","67","34","4","2","2","3","3","0","0","0","0","-2"
"484002","High Desert Medical College","2020","First major","'99'","Grand total","Associate's degree","60","7","53","0","0","0","1","0","1","5","0","5","25","4","21","0","0","0","25","3","22","4","0","4","0","0","0","0","0","0","-2"
"484066","MedQuest College","2020","First major","'99'","Grand total","Associate's degree","16","4","12","0","0","0","1","1","0","0","0","0","0","0","0","0","0","0","15","3","12","0","0","0","0","0","0","0","0","0","-2"
"484473","University of Florida-Online","2020","First major","'99'","Grand total","Associate's degree","7","3","4","0","0","0","0","0","0","0","0","0","0","0","0","0","0","0","6","3","3","0","0","0","0","0","0","1","0","1","-2"
"484473","University of Florida-Online","2020","First major","'99'","Grand total","Bachelor's degree","661","236","425","2","2","0","23","9","14","40","14","26","106","42","64","0","0","0","428","148","280","20","6","14","36","12","24","6","3","3","-2"
"484473","University of Florida-Online","2020","Second major","'99'","Grand total","Bachelor's degree","3","0","3","0","0","0","0","0","0","0","0","0","0","0","0","0","0","0","3","0","3","0","0","0","0","0","0","0","0","0","-2"
"484613","University of Phoenix-Arizona","2020","First major","'99'","Grand total","Associate's degree","3546","1337","2209","26","10","16","34","14","20","867","229","638","447","164","283","22","4","18","1022","403","619","110","36","74","1018","477","541","0","0","0","-2"
"484613","University of Phoenix-Arizona","2020","First major","'99'","Grand total","Bachelor's degree","12289","4161","8128","62","22","40","254","84","170","2417","549","1868","1595","534","1061","94","38","56","3824","1338","2486","344","114","230","3687","1478","2209","12","4","8","-2"
"484613","University of Phoenix-Arizona","2020","First major","'99'","Grand total","Master's degree","5481","1481","4000","41","13","28","181","62","119","1451","303","1148","655","186","469","36","9","27","1557","424","1133","148","40","108","1396","434","962","16","10","6","-2"
"484613","University of Phoenix-Arizona","2020","First major","'99'","Grand total","Doctor's degree - research/scholarship","357","132","225","1","1","0","4","1","3","140","38","102","23","9","14","1","1","0","97","40","57","8","2","6","82","39","43","1","1","0","-2"
"484631","University of Phoenix-California","2020","First major","'99'","Grand total","Bachelor's degree","1209","734","475","5","3","2","53","31","22","99","45","54","272","143","129","22","12","10","186","119","67","30","16","14","542","365","177","0","0","0","-2"
"484631","University of Phoenix-California","2020","First major","'99'","Grand total","Master's degree","356","160","196","3","3","0","25","9","16","45","22","23","107","31","76","9","5","4","66","38","28","6","4","2","94","48","46","1","0","1","-2"
"484668","University of Phoenix-Florida","2020","First major","'99'","Grand total","Bachelor's degree","56","31","25","0","0","0","0","0","0","17","9","8","6","2","4","0","0","0","12","9","3","0","0","0","21","11","10","0","0","0","-2"
"484668","University of Phoenix-Florida","2020","First major","'99'","Grand total","Master's degree","3","1","2","0","0","0","0","0","0","1","0","1","0","0","0","0","0","0","1","0","1","0","0","0","1","1","0","0","0","0","-2"
"484677","University of Phoenix-Georgia","2020","First major","'99'","Grand total","Bachelor's degree","41","15","26","0","0","0","0","0","0","21","7","14","3","2","1","0","0","0","2","2","0","3","1","2","12","3","9","0","0","0","-2"
"484677","University of Phoenix-Georgia","2020","First major","'99'","Grand total","Master's degree","2","0","2","0","0","0","0","0","0","1","0","1","0","0","0","0","0","0","1","0","1","0","0","0","0","0","0","0","0","0","-2"
"484710","University of Phoenix-Nevada","2020","First major","'99'","Grand total","Bachelor's degree","47","29","18","1","1","0","1","1","0","12","7","5","6","5","1","2","1","1","7","2","5","0","0","0","18","12","6","0","0","0","-2"
"484710","University of Phoenix-Nevada","2020","First major","'99'","Grand total","Master's degree","25","10","15","0","0","0","1","0","1","7","2","5","3","3","0","1","1","0","6","2","4","0","0","0","7","2","5","0","0","0","-2"
"484729","University of Phoenix-North Carolina","2020","First major","'99'","Grand total","Bachelor's degree","15","10","5","0","0","0","0","0","0","5","2","3","0","0","0","0","0","0","1","1","0","0","0","0","9","7","2","0","0","0","-2"
"484729","University of Phoenix-North Carolina","2020","First major","'99'","Grand total","Master's degree","0","0","0","0","0","0","0","0","0","0","0","0","0","0","0","0","0","0","0","0","0","0","0","0","0","0","0","0","0","0","-2"
"484756","University of Phoenix-Texas","2020","First major","'99'","Grand total","Bachelor's degree","137","83","54","0","0","0","1","1","0","55","29","26","18","11","7","0","0","0","21","16","5","2","1","1","40","25","15","0","0","0","-2"
"484756","University of Phoenix-Texas","2020","First major","'99'","Grand total","Master's degree","53","31","22","0","0","0","1","0","1","17","10","7","8","3","5","1","0","1","10","6","4","1","0","1","15","12","3","0","0","0","-2"
"484783","University of Phoenix-Pennsylvania","2020","First major","'99'","Grand total","Bachelor's degree","13","3","10","0","0","0","0","0","0","6","1","5","0","0","0","0","0","0","3","1","2","1","0","1","3","1","2","0","0","0","-2"
"484783","University of Phoenix-Pennsylvania","2020","First major","'99'","Grand total","Master's degree","0","0","0","0","0","0","0","0","0","0","0","0","0","0","0","0","0","0","0","0","0","0","0","0","0","0","0","0","0","0","-2"
"484835","CEM College-Mayaguez","2020","First major","'99'","Grand total","Associate's degree","20","10","10","0","0","0","0","0","0","0","0","0","20","10","10","0","0","0","0","0","0","0","0","0","0","0","0","0","0","0","-2"
"484835","CEM College-Mayaguez","2020","First major","'99'","Grand total","Bachelor's degree","20","6","14","0","0","0","0","0","0","0","0","0","20","6","14","0","0","0","0","0","0","0","0","0","0","0","0","0","0","0","-2"
"484862","University of West Los Angeles","2020","First major","'99'","Grand total","Bachelor's degree","0","0","0","0","0","0","0","0","0","0","0","0","0","0","0","0","0","0","0","0","0","0","0","0","0","0","0","0","0","0","-2"
"484862","University of West Los Angeles","2020","First major","'99'","Grand total","Master's degree","9","1","8","0","0","0","1","0","1","6","0","6","2","1","1","0","0","0","0","0","0","0","0","0","0","0","0","0","0","0","-2"
"484862","University of West Los Angeles","2020","First major","'99'","Grand total","Doctor's degree - professional practice","39","20","19","1","1","0","3","2","1","1","1","0","6","3","3","0","0","0","19","7","12","0","0","0","8","5","3","1","1","0","-2"
"484871","Rabbinical College Ohr Yisroel","2020","First major","'99'","Grand total","Bachelor's degree","13","13","0","0","0","0","0","0","0","0","0","0","0","0","0","0","0","0","13","13","0","0","0","0","0","0","0","0","0","0","-2"
"484905","University of North Texas at Dallas","2020","First major","'99'","Grand total","Bachelor's degree","669","194","475","2","1","1","8","5","3","232","64","168","350","93","257","1","0","1","69","29","40","0","0","0","7","2","5","0","0","0","-2"
"484905","University of North Texas at Dallas","2020","First major","'99'","Grand total","Master's degree","150","49","101","0","0","0","3","2","1","61","19","42","59","16","43","0","0","0","26","12","14","0","0","0","1","0","1","0","0","0","-2"
"484905","University of North Texas at Dallas","2020","First major","'99'","Grand total","Doctor's degree - professional practice","78","33","45","3","2","1","4","1","3","13","2","11","16","4","12","0","0","0","41","23","18","0","0","0","1","1","0","0","0","0","-2"
"484932","BridgeValley Community & Technical College","2020","First major","'99'","Grand total","Associate's degree","308","113","195","0","0","0","6","4","2","18","6","12","13","6","7","1","0","1","270","97","173","0","0","0","0","0","0","0","0","0","-2"
"485111","Georgia Military College","2020","First major","'99'","Grand total","Associate's degree","1913","675","1238","68","21","47","50","24","26","751","235","516","137","52","85","5","3","2","871","321","550","2","1","1","22","13","9","7","5","2","-2"
"485111","Georgia Military College","2020","First major","'99'","Grand total","Bachelor's degree","55","20","35","1","1","0","1","0","1","19","5","14","3","2","1","0","0","0","30","12","18","0","0","0","1","0","1","0","0","0","-2"
"485139","SAE Institute of Technology-Chicago","2020","First major","'99'","Grand total","Associate's degree","27","25","2","0","0","0","1","1","0","8","8","0","8","7","1","0","0","0","8","8","0","2","1","1","0","0","0","0","0","0","-2"
"485263","California College San Diego","2020","First major","'99'","Grand total","Associate's degree","132","57","75","0","0","0","22","11","11","14","5","9","37","8","29","5","2","3","26","10","16","15","10","5","13","11","2","0","0","0","-2"
"485263","California College San Diego","2020","First major","'99'","Grand total","Bachelor's degree","61","46","15","1","1","0","11","9","2","15","12","3","9","7","2","1","1","0","12","8","4","4","2","2","8","6","2","0","0","0","-2"
"485272","West Coast University-Miami","2020","First major","'99'","Grand total","Bachelor's degree","189","23","166","0","0","0","10","1","9","34","3","31","118","17","101","1","0","1","22","2","20","1","0","1","3","0","3","0","0","0","-2"
"485403","High Tech High Graduate School of Education","2020","First major","'99'","Grand total","Master's degree","24","8","16","0","0","0","2","1","1","2","1","1","3","0","3","0","0","0","15","6","9","2","0","2","0","0","0","0","0","0","-2"
"485458","Coastal Pines Technical College","2020","First major","'99'","Grand total","Associate's degree","86","21","65","2","2","0","0","0","0","13","5","8","0","0","0","0","0","0","71","14","57","0","0","0","0","0","0","0","0","0","-2"
"485519","International Sports Sciences Association","2020","First major","'99'","Grand total","Associate's degree","121","79","42","1","1","0","3","2","1","24","18","6","5","4","1","1","0","1","78","47","31","8","6","2","0","0","0","1","1","0","-2"
"485519","International Sports Sciences Association","2020","First major","'99'","Grand total","Bachelor's degree","0","0","0","0","0","0","0","0","0","0","0","0","0","0","0","0","0","0","0","0","0","0","0","0","0","0","0","0","0","0","-2"
"485537","University of Texas Health Science Center at Tyler","2020","First major","'99'","Grand total","Master's degree","27","7","20","0","0","0","4","3","1","2","0","2","0","0","0","0","0","0","16","3","13","0","0","0","3","0","3","2","1","1","-2"
"485546","California Intercontinental University","2020","First major","'99'","Grand total","Associate's degree","3","3","0","0","0","0","0","0","0","1","1","0","1","1","0","1","1","0","0","0","0","0","0","0","0","0","0","0","0","0","-2"
"485546","California Intercontinental University","2020","First major","'99'","Grand total","Bachelor's degree","7","3","4","0","0","0","3","1","2","1","0","1","1","1","0","0","0","0","2","1","1","0","0","0","0","0","0","0","0","0","-2"
"485546","California Intercontinental University","2020","First major","'99'","Grand total","Master's degree","12","6","6","0","0","0","5","3","2","4","3","1","0","0","0","0","0","0","3","0","3","0","0","0","0","0","0","0","0","0","-2"
"485546","California Intercontinental University","2020","First major","'99'","Grand total","Doctor's degree - research/scholarship","33","17","16","1","0","1","1","1","0","18","9","9","2","1","1","0","0","0","10","6","4","0","0","0","1","0","1","0","0","0","-2"
"485698","American College of the Building Arts","2020","First major","'99'","Grand total","Associate's degree","5","4","1","0","0","0","0","0","0","0","0","0","0","0","0","0","0","0","5","4","1","0","0","0","0","0","0","0","0","0","-2"
"485698","American College of the Building Arts","2020","First major","'99'","Grand total","Bachelor's degree","9","8","1","0","0","0","0","0","0","1","1","0","0","0","0","0","0","0","8","7","1","0","0","0","0","0","0","0","0","0","-2"
"485768","Atlantis University","2020","First major","'99'","Grand total","Associate's degree","11","8","3","0","0","0","1","1","0","0","0","0","6","4","2","0","0","0","0","0","0","0","0","0","0","0","0","4","3","1","-2"
"485768","Atlantis University","2020","First major","'99'","Grand total","Bachelor's degree","22","10","12","0","0","0","1","1","0","1","1","0","11","4","7","0","0","0","2","1","1","0","0","0","0","0","0","7","3","4","-2"
"485768","Atlantis University","2020","First major","'99'","Grand total","Master's degree","101","55","46","0","0","0","8","5","3","7","6","1","60","33","27","0","0","0","5","0","5","0","0","0","3","1","2","18","10","8","-2"
"485908","Antioch University Online","2020","First major","'99'","Grand total","Bachelor's degree","44","13","31","0","0","0","0","0","0","2","1","1","3","1","2","0","0","0","28","8","20","3","0","3","8","3","5","0","0","0","-2"
"485908","Antioch University Online","2020","First major","'99'","Grand total","Master's degree","2","1","1","0","0","0","0","0","0","1","1","0","0","0","0","0","0","0","0","0","0","0","0","0","0","0","0","1","0","1","-2"
"485999","Bet Medrash Gadol Ateret Torah","2020","First major","'99'","Grand total","Bachelor's degree","9","9","0","0","0","0","0","0","0","0","0","0","0","0","0","0","0","0","9","9","0","0","0","0","0","0","0","0","0","0","-2"
"486017","Yeshiva Ohr Yisrael","2020","First major","'99'","Grand total","Bachelor's degree","19","19","0","0","0","0","0","0","0","0","0","0","0","0","0","0","0","0","18","18","0","0","0","0","0","0","0","1","1","0","-2"
"486026","Yeshiva Sholom Shachna","2020","First major","'99'","Grand total","Bachelor's degree","6","6","0","0","0","0","0","0","0","0","0","0","0","0","0","0","0","0","6","6","0","0","0","0","0","0","0","0","0","0","-2"
"486053","Bethlehem College & Seminary","2020","First major","'99'","Grand total","Associate's degree","8","4","4","0","0","0","1","0","1","0","0","0","0","0","0","0","0","0","7","4","3","0","0","0","0","0","0","0","0","0","-2"
"486053","Bethlehem College & Seminary","2020","First major","'99'","Grand total","Bachelor's degree","19","12","7","0","0","0","0","0","0","0","0","0","1","1","0","0","0","0","17","10","7","0","0","0","1","1","0","0","0","0","-2"
"486053","Bethlehem College & Seminary","2020","First major","'99'","Grand total","Master's degree","27","26","1","0","0","0","4","4","0","0","0","0","0","0","0","0","0","0","22","21","1","1","1","0","0","0","0","0","0","0","-2"
"486080","Elmezzi Graduate School of Molecular Medicine","2020","First major","'99'","Grand total","Doctor's degree - research/scholarship","3","1","2","0","0","0","0","0","0","0","0","0","0","0","0","0","0","0","3","1","2","0","0","0","0","0","0","0","0","0","-2"
"486123","Theatre of Arts","2020","First major","'99'","Grand total","Associate's degree","17","11","6","0","0","0","0","0","0","6","4","2","5","3","2","0","0","0","4","3","1","1","1","0","0","0","0","1","0","1","-2"
"486196","Beth Medrash Meor Yitzchok","2020","First major","'99'","Grand total","Bachelor's degree","2","2","0","0","0","0","0","0","0","0","0","0","0","0","0","0","0","0","2","2","0","0","0","0","0","0","0","0","0","0","-2"
"486239","San Ignacio University","2020","First major","'99'","Grand total","Associate's degree","6","1","5","0","0","0","0","0","0","0","0","0","1","0","1","0","0","0","0","0","0","0","0","0","0","0","0","5","1","4","-2"
"486239","San Ignacio University","2020","First major","'99'","Grand total","Bachelor's degree","44","22","22","0","0","0","0","0","0","0","0","0","30","14","16","0","0","0","0","0","0","0","0","0","0","0","0","14","8","6","-2"
"486239","San Ignacio University","2020","First major","'99'","Grand total","Master's degree","45","21","24","0","0","0","0","0","0","0","0","0","18","9","9","0","0","0","0","0","0","0","0","0","0","0","0","27","12","15","-2"
"486257","Valor Christian College","2020","First major","'99'","Grand total","Associate's degree","103","47","56","1","0","1","6","3","3","37","19","18","12","6","6","1","0","1","38","15","23","3","0","3","0","0","0","5","4","1","-2"
"486284","Bethany Global University","2020","First major","'99'","Grand total","Associate's degree","8","3","5","0","0","0","0","0","0","0","0","0","0","0","0","0","0","0","8","3","5","0","0","0","0","0","0","0","0","0","-2"
"486284","Bethany Global University","2020","First major","'99'","Grand total","Bachelor's degree","46","7","39","0","0","0","0","0","0","1","0","1","0","0","0","0","0","0","44","6","38","0","0","0","1","1","0","0","0","0","-2"
"486284","Bethany Global University","2020","First major","'99'","Grand total","Master's degree","7","5","2","0","0","0","0","0","0","0","0","0","0","0","0","0","0","0","5","3","2","0","0","0","0","0","0","2","2","0","-2"
"486284","Bethany Global University","2020","Second major","'99'","Grand total","Bachelor's degree","46","7","39","0","0","0","0","0","0","1","0","1","0","0","0","0","0","0","44","6","38","0","0","0","1","1","0","0","0","0","-2"
"486354","United International College","2020","First major","'99'","Grand total","Associate's degree","19","6","13","0","0","0","0","0","0","0","0","0","0","0","0","0","0","0","0","0","0","0","0","0","0","0","0","19","6","13","-2"
"486354","United International College","2020","First major","'99'","Grand total","Bachelor's degree","3","1","2","0","0","0","0","0","0","0","0","0","0","0","0","0","0","0","0","0","0","0","0","0","0","0","0","3","1","2","-2"
"486372","San Francisco Film School","2020","First major","'99'","Grand total","Associate's degree","6","4","2","0","0","0","1","1","0","2","1","1","1","1","0","0","0","0","2","1","1","0","0","0","0","0","0","0","0","0","-2"
"486424","Saint Michael College of Allied Health","2020","First major","'99'","Grand total","Associate's degree","17","0","17","0","0","0","0","0","0","16","0","16","0","0","0","0","0","0","1","0","1","0","0","0","0","0","0","0","0","0","-2"
"486433","Presidio Graduate School","2020","First major","'99'","Grand total","Master's degree","43","14","29","0","0","0","3","2","1","1","0","1","8","5","3","0","0","0","24","5","19","2","1","1","5","1","4","0","0","0","-2"
"486460","Wright Graduate University for the Realization of Human Potential","2020","First major","'99'","Grand total","Master's degree","8","4","4","0","0","0","2","0","2","2","0","2","0","0","0","0","0","0","4","4","0","0","0","0","0","0","0","0","0","0","-2"
"486460","Wright Graduate University for the Realization of Human Potential","2020","First major","'99'","Grand total","Doctor's degree - research/scholarship","1","0","1","0","0","0","0","0","0","0","0","0","0","0","0","0","0","0","1","0","1","0","0","0","0","0","0","0","0","0","-2"
"486488","California Jazz Conservatory","2020","First major","'99'","Grand total","Associate's degree","1","1","0","0","0","0","0","0","0","0","0","0","0","0","0","0","0","0","0","0","0","0","0","0","0","0","0","1","1","0","-2"
"486488","California Jazz Conservatory","2020","First major","'99'","Grand total","Bachelor's degree","11","8","3","0","0","0","0","0","0","0","0","0","0","0","0","0","0","0","9","6","3","0","0","0","0","0","0","2","2","0","-2"
"486594","Wave Leadership College","2020","First major","'99'","Grand total","Associate's degree","15","5","10","0","0","0","0","0","0","3","2","1","0","0","0","0","0","0","12","3","9","0","0","0","0","0","0","0","0","0","-2"
"486813","Pima Medical Institute-El Paso","2020","First major","'99'","Grand total","Associate's degree","89","28","61","0","0","0","1","1","0","2","1","1","70","22","48","0","0","0","14","3","11","2","1","1","0","0","0","0","0","0","-2"
"486822","Pima Medical Institute-Phoenix","2020","First major","'99'","Grand total","Associate's degree","87","9","78","0","0","0","2","0","2","1","0","1","17","2","15","0","0","0","61","7","54","3","0","3","3","0","3","0","0","0","-2"
"486840","Kennesaw State University","2020","First major","'99'","Grand total","Bachelor's degree","5772","2853","2919","4","0","4","296","175","121","1142","473","669","536","269","267","3","2","1","3282","1675","1607","263","123","140","107","59","48","139","77","62","-2"
"486840","Kennesaw State University","2020","First major","'99'","Grand total","Master's degree","1044","383","661","1","0","1","84","40","44","204","59","145","65","22","43","2","1","1","560","211","349","25","8","17","29","6","23","74","36","38","-2"
"486840","Kennesaw State University","2020","First major","'99'","Grand total","Doctor's degree - research/scholarship","54","20","34","0","0","0","3","1","2","15","4","11","2","1","1","0","0","0","27","12","15","0","0","0","3","1","2","4","1","3","-2"
"486901","Milligan University","2020","First major","'99'","Grand total","Bachelor's degree","183","75","108","0","0","0","3","0","3","8","3","5","6","2","4","0","0","0","148","59","89","7","2","5","0","0","0","11","9","2","-2"
"486901","Milligan University","2020","First major","'99'","Grand total","Master's degree","156","77","79","0","0","0","2","1","1","3","2","1","3","2","1","0","0","0","143","69","74","2","0","2","0","0","0","3","3","0","-2"
"486901","Milligan University","2020","First major","'99'","Grand total","Doctor's degree - research/scholarship","11","5","6","0","0","0","0","0","0","1","1","0","1","1","0","0","0","0","9","3","6","0","0","0","0","0","0","0","0","0","-2"
"486901","Milligan University","2020","Second major","'99'","Grand total","Bachelor's degree","18","11","7","0","0","0","0","0","0","0","0","0","0","0","0","0","0","0","15","9","6","0","0","0","0","0","0","3","2","1","-2"
"486938","Chamberlain University-Nevada","2020","First major","'99'","Grand total","Bachelor's degree","82","20","62","0","0","0","20","6","14","7","1","6","20","6","14","1","0","1","28","4","24","4","2","2","2","1","1","0","0","0","-2"
"486947","Chamberlain University-Michigan","2020","First major","'99'","Grand total","Bachelor's degree","84","10","74","0","0","0","10","3","7","5","0","5","3","0","3","0","0","0","61","7","54","2","0","2","3","0","3","0","0","0","-2"
"486956","Chamberlain University-New Jersey","2020","First major","'99'","Grand total","Bachelor's degree","189","22","167","1","0","1","19","2","17","48","8","40","33","5","28","0","0","0","84","7","77","2","0","2","2","0","2","0","0","0","-2"
"486965","Hussian College-Los Angeles","2020","First major","'99'","Grand total","Bachelor's degree","60","17","43","0","0","0","3","3","0","6","2","4","6","2","4","0","0","0","34","7","27","9","3","6","2","0","2","0","0","0","-2"
"487010","The University of Tennessee Health Science Center","2020","First major","'99'","Grand total","Bachelor's degree","182","14","168","0","0","0","6","2","4","20","3","17","2","1","1","0","0","0","129","8","121","0","0","0","25","0","25","0","0","0","-2"
"487010","The University of Tennessee Health Science Center","2020","First major","'99'","Grand total","Master's degree","213","49","164","1","1","0","14","5","9","15","2","13","3","0","3","0","0","0","165","36","129","3","1","2","8","2","6","4","2","2","-2"
"487010","The University of Tennessee Health Science Center","2020","First major","'99'","Grand total","Doctor's degree - research/scholarship","179","41","138","0","0","0","3","0","3","14","0","14","5","2","3","0","0","0","138","34","104","5","2","3","1","0","1","13","3","10","-2"
"487010","The University of Tennessee Health Science Center","2020","First major","'99'","Grand total","Doctor's degree - professional practice","413","215","198","0","0","0","65","30","35","18","10","8","13","6","7","0","0","0","303","161","142","7","3","4","7","5","2","0","0","0","-2"
"487092","Emory University-Oxford College","2020","First major","'99'","Grand total","Associate's degree","508","212","296","1","1","0","149","49","100","41","14","27","53","14","39","0","0","0","155","70","85","20","9","11","0","0","0","89","55","34","-2"
"487153","The Chicago School of Professional Psychology at Xavier University of Louisiana","2020","First major","'99'","Grand total","Doctor's degree - professional practice","0","0","0","0","0","0","0","0","0","0","0","0","0","0","0","0","0","0","0","0","0","0","0","0","0","0","0","0","0","0","-2"
"487162","Southern Regional Technical College","2020","First major","'99'","Grand total","Associate's degree","329","90","239","0","0","0","2","1","1","77","10","67","26","11","15","0","0","0","221","67","154","1","0","1","2","1","1","0","0","0","-2"
"487296","University of Arizona-Sierra Vista","2020","First major","'99'","Grand total","Bachelor's degree","154","73","81","0","0","0","4","3","1","1","0","1","75","29","46","0","0","0","66","35","31","6","4","2","2","2","0","0","0","0","-2"
"487296","University of Arizona-Sierra Vista","2020","First major","'99'","Grand total","Master's degree","16","6","10","1","0","1","1","1","0","1","0","1","1","0","1","0","0","0","9","5","4","0","0","0","3","0","3","0","0","0","-2"
"487296","University of Arizona-Sierra Vista","2020","Second major","'99'","Grand total","Bachelor's degree","1","1","0","0","0","0","0","0","0","0","0","0","0","0","0","0","0","0","1","1","0","0","0","0","0","0","0","0","0","0","-2"
"487302","Fortis College-Cuyahoga Falls","2020","First major","'99'","Grand total","Associate's degree","63","12","51","0","0","0","6","3","3","17","0","17","0","0","0","0","0","0","37","8","29","2","1","1","1","0","1","0","0","0","-2"
"487311","Sunstate Academy-Jones Technical Institute","2020","First major","'99'","Grand total","Associate's degree","123","120","3","1","1","0","3","3","0","25","25","0","14","14","0","1","1","0","72","69","3","5","5","0","2","2","0","0","0","0","-2"
"487320","Texas State Technical College","2020","First major","'99'","Grand total","Associate's degree","2032","1503","529","11","7","4","18","13","5","100","73","27","953","638","315","0","0","0","876","718","158","27","22","5","47","32","15","0","0","0","-2"
"487375","Arizona College of Nursing-Las Vegas","2020","First major","'99'","Grand total","Bachelor's degree","51","5","46","0","0","0","12","1","11","8","1","7","10","1","9","0","0","0","20","1","19","1","1","0","0","0","0","0","0","0","-2"
"487384","Florida Career College-Pembroke Pines","2020","First major","'99'","Grand total","Associate's degree","18","2","16","0","0","0","0","0","0","8","0","8","7","1","6","0","0","0","1","0","1","0","0","0","2","1","1","0","0","0","-2"
"487393","Florida Career College-West Palm Beach","2020","First major","'99'","Grand total","Associate's degree","0","0","0","0","0","0","0","0","0","0","0","0","0","0","0","0","0","0","0","0","0","0","0","0","0","0","0","0","0","0","-2"
"487409","Florida Career College-Hialeah","2020","First major","'99'","Grand total","Associate's degree","3","0","3","0","0","0","0","0","0","2","0","2","1","0","1","0","0","0","0","0","0","0","0","0","0","0","0","0","0","0","-2"
"487418","Florida Career College-Lauderdale Lakes","2020","First major","'99'","Grand total","Associate's degree","32","5","27","1","0","1","0","0","0","25","3","22","3","2","1","1","0","1","0","0","0","2","0","2","0","0","0","0","0","0","-2"
"487427","Florida Career College-Tampa","2020","First major","'99'","Grand total","Associate's degree","0","0","0","0","0","0","0","0","0","0","0","0","0","0","0","0","0","0","0","0","0","0","0","0","0","0","0","0","0","0","-2"
"487436","Florida Career College-Jacksonville","2020","First major","'99'","Grand total","Associate's degree","0","0","0","0","0","0","0","0","0","0","0","0","0","0","0","0","0","0","0","0","0","0","0","0","0","0","0","0","0","0","-2"
"487445","Florida Career College-Boynton Beach","2020","First major","'99'","Grand total","Associate's degree","11","1","10","0","0","0","2","0","2","3","1","2","2","0","2","0","0","0","4","0","4","0","0","0","0","0","0","0","0","0","-2"
"487454","Florida Career College-Margate","2020","First major","'99'","Grand total","Associate's degree","0","0","0","0","0","0","0","0","0","0","0","0","0","0","0","0","0","0","0","0","0","0","0","0","0","0","0","0","0","0","-2"
"487472","Florida Career College-Orlando","2020","First major","'99'","Grand total","Associate's degree","0","0","0","0","0","0","0","0","0","0","0","0","0","0","0","0","0","0","0","0","0","0","0","0","0","0","0","0","0","0","-2"
"487490","Florida Career College-Houston","2020","First major","'99'","Grand total","Associate's degree","3","0","3","0","0","0","0","0","0","2","0","2","0","0","0","0","0","0","1","0","1","0","0","0","0","0","0","0","0","0","-2"
"487524","Husson University","2020","First major","'99'","Grand total","Associate's degree","12","3","9","0","0","0","0","0","0","0","0","0","0","0","0","0","0","0","12","3","9","0","0","0","0","0","0","0","0","0","-2"
"487524","Husson University","2020","First major","'99'","Grand total","Bachelor's degree","543","230","313","3","1","2","4","2","2","15","11","4","8","2","6","1","1","0","475","191","284","8","5","3","8","4","4","21","13","8","-2"
"487524","Husson University","2020","First major","'99'","Grand total","Master's degree","285","99","186","1","0","1","7","4","3","9","4","5","4","1","3","0","0","0","247","81","166","1","1","0","8","2","6","8","6","2","-2"
"487524","Husson University","2020","First major","'99'","Grand total","Doctor's degree - professional practice","82","33","49","1","0","1","4","1","3","7","2","5","1","0","1","0","0","0","65","27","38","1","1","0","3","2","1","0","0","0","-2"
"487588","Concorde Career College-Southaven","2020","First major","'99'","Grand total","Associate's degree","0","0","0","0","0","0","0","0","0","0","0","0","0","0","0","0","0","0","0","0","0","0","0","0","0","0","0","0","0","0","-2"
"487597","Universal Technical Institute-Southern California","2020","First major","'99'","Grand total","Associate's degree","304","291","13","0","0","0","24","24","0","7","7","0","201","192","9","0","0","0","39","37","2","21","19","2","11","11","0","1","1","0","-2"
"487603","Northwest University-College of Adult and Professional Studies","2020","First major","'99'","Grand total","Associate's degree","54","26","28","1","1","0","1","1","0","5","3","2","6","2","4","1","0","1","36","17","19","4","2","2","0","0","0","0","0","0","-2"
"487603","Northwest University-College of Adult and Professional Studies","2020","First major","'99'","Grand total","Bachelor's degree","141","63","78","0","0","0","7","2","5","7","1","6","10","3","7","2","1","1","101","53","48","11","1","10","3","2","1","0","0","0","-2"
"487603","Northwest University-College of Adult and Professional Studies","2020","First major","'99'","Grand total","Master's degree","41","17","24","0","0","0","4","2","2","2","2","0","2","0","2","3","0","3","27","12","15","2","1","1","1","0","1","0","0","0","-2"
"487649","California Institute of Advanced Management","2020","First major","'99'","Grand total","Master's degree","19","7","12","0","0","0","1","1","0","0","0","0","0","0","0","0","0","0","0","0","0","0","0","0","0","0","0","18","6","12","-2"
"487658","Academy of Interactive Entertainment","2020","First major","'99'","Grand total","Associate's degree","0","0","0","0","0","0","0","0","0","0","0","0","0","0","0","0","0","0","0","0","0","0","0","0","0","0","0","0","0","0","-2"
"487746","Yeshiva Zichron Aryeh","2020","First major","'99'","Grand total","Bachelor's degree","8","8","0","0","0","0","0","0","0","0","0","0","0","0","0","0","0","0","8","8","0","0","0","0","0","0","0","0","0","0","-2"
"487861","Felbry College School of Nursing","2020","First major","'99'","Grand total","Associate's degree","3","1","2","0","0","0","0","0","0","3","1","2","0","0","0","0","0","0","0","0","0","0","0","0","0","0","0","0","0","0","-2"
"487977","Martinsburg College","2020","First major","'99'","Grand total","Associate's degree","28","2","26","0","0","0","0","0","0","2","0","2","6","0","6","1","0","1","19","2","17","0","0","0","0","0","0","0","0","0","-2"
"487995","Alhambra Medical University","2020","First major","'99'","Grand total","Master's degree","18","10","8","0","0","0","15","7","8","0","0","0","1","1","0","0","0","0","0","0","0","0","0","0","0","0","0","2","2","0","-2"
"488004","Central Yeshiva Beth Joseph","2020","First major","'99'","Grand total","Associate's degree","1","1","0","0","0","0","0","0","0","0","0","0","0","0","0","0","0","0","1","1","0","0","0","0","0","0","0","0","0","0","-2"
"488004","Central Yeshiva Beth Joseph","2020","First major","'99'","Grand total","Bachelor's degree","4","4","0","0","0","0","0","0","0","0","0","0","0","0","0","0","0","0","4","4","0","0","0","0","0","0","0","0","0","0","-2"
"488031","Abraham Lincoln University","2020","First major","'99'","Grand total","Associate's degree","3","2","1","0","0","0","0","0","0","0","0","0","1","1","0","0","0","0","1","1","0","0","0","0","1","0","1","0","0","0","-2"
"488031","Abraham Lincoln University","2020","First major","'99'","Grand total","Bachelor's degree","2","1","1","0","0","0","0","0","0","0","0","0","0","0","0","0","0","0","1","0","1","0","0","0","1","1","0","0","0","0","-2"
"488031","Abraham Lincoln University","2020","First major","'99'","Grand total","Master's degree","11","7","4","0","0","0","0","0","0","2","2","0","1","0","1","1","1","0","6","4","2","0","0","0","1","0","1","0","0","0","-2"
"488031","Abraham Lincoln University","2020","First major","'99'","Grand total","Doctor's degree - research/scholarship","0","0","0","0","0","0","0","0","0","0","0","0","0","0","0","0","0","0","0","0","0","0","0","0","0","0","0","0","0","0","-2"
"488031","Abraham Lincoln University","2020","First major","'99'","Grand total","Doctor's degree - professional practice","15","9","6","0","0","0","3","2","1","0","0","0","0","0","0","0","0","0","8","5","3","0","0","0","4","2","2","0","0","0","-2"
"488059","Med Academy","2020","First major","'99'","Grand total","Associate's degree","4","1","3","0","0","0","0","0","0","0","0","0","4","1","3","0","0","0","0","0","0","0","0","0","0","0","0","0","0","0","-2"
"488068","Huntington University of Health Sciences","2020","First major","'99'","Grand total","Associate's degree","9","2","7","0","0","0","0","0","0","0","0","0","2","0","2","0","0","0","7","2","5","0","0","0","0","0","0","0","0","0","-2"
"488068","Huntington University of Health Sciences","2020","First major","'99'","Grand total","Bachelor's degree","6","1","5","0","0","0","0","0","0","0","0","0","0","0","0","0","0","0","6","1","5","0","0","0","0","0","0","0","0","0","-2"
"488068","Huntington University of Health Sciences","2020","First major","'99'","Grand total","Master's degree","1","0","1","0","0","0","0","0","0","0","0","0","0","0","0","0","0","0","1","0","1","0","0","0","0","0","0","0","0","0","-2"
"488068","Huntington University of Health Sciences","2020","First major","'99'","Grand total","Doctor's degree - research/scholarship","0","0","0","0","0","0","0","0","0","0","0","0","0","0","0","0","0","0","0","0","0","0","0","0","0","0","0","0","0","0","-2"
"488077","Sonoran Desert Institute","2020","First major","'99'","Grand total","Associate's degree","418","414","4","2","2","0","4","4","0","6","6","0","34","34","0","3","2","1","339","337","2","16","15","1","14","14","0","0","0","0","-2"
"488101","Yeshivas Maharit D'Satmar","2020","First major","'99'","Grand total","Associate's degree","25","25","0","0","0","0","0","0","0","0","0","0","0","0","0","0","0","0","25","25","0","0","0","0","0","0","0","0","0","0","-2"
"488101","Yeshivas Maharit D'Satmar","2020","First major","'99'","Grand total","Bachelor's degree","20","20","0","0","0","0","0","0","0","0","0","0","0","0","0","0","0","0","20","20","0","0","0","0","0","0","0","0","0","0","-2"
"488305","Elim Bible Institute and College","2020","First major","'99'","Grand total","Associate's degree","25","10","15","0","0","0","0","0","0","2","1","1","3","1","2","0","0","0","17","7","10","0","0","0","0","0","0","3","1","2","-2"
"488314","Beth Medrash of Asbury Park","2020","First major","'99'","Grand total","Bachelor's degree","2","2","0","0","0","0","0","0","0","0","0","0","0","0","0","0","0","0","2","2","0","0","0","0","0","0","0","0","0","0","-2"
"488332","Hope College of Arts and Sciences","2020","First major","'99'","Grand total","Associate's degree","26","4","22","0","0","0","1","0","1","24","4","20","0","0","0","0","0","0","1","0","1","0","0","0","0","0","0","0","0","0","-2"
"488350","Yeshiva Gedolah Shaarei Shmuel","2020","First major","'99'","Grand total","Associate's degree","0","0","0","0","0","0","0","0","0","0","0","0","0","0","0","0","0","0","0","0","0","0","0","0","0","0","0","0","0","0","-2"
"488350","Yeshiva Gedolah Shaarei Shmuel","2020","First major","'99'","Grand total","Bachelor's degree","11","11","0","0","0","0","0","0","0","0","0","0","0","0","0","0","0","0","10","10","0","0","0","0","0","0","0","1","1","0","-2"
"488387","Claremont Lincoln University","2020","First major","'99'","Grand total","Master's degree","79","13","66","2","1","1","3","0","3","23","2","21","7","0","7","0","0","0","31","8","23","4","0","4","7","2","5","2","0","2","-2"
"488448","Seattle Film Institute","2020","First major","'99'","Grand total","Bachelor's degree","17","14","3","0","0","0","2","2","0","2","2","0","4","3","1","0","0","0","9","7","2","0","0","0","0","0","0","0","0","0","-2"
"488448","Seattle Film Institute","2020","First major","'99'","Grand total","Master's degree","23","12","11","0","0","0","0","0","0","2","2","0","1","1","0","0","0","0","15","7","8","1","1","0","0","0","0","4","1","3","-2"
"488527","Arkansas Colleges of Health Education","2020","First major","'99'","Grand total","Master's degree","37","15","22","0","0","0","9","2","7","1","0","1","0","0","0","0","0","0","19","10","9","8","3","5","0","0","0","0","0","0","-2"
"488527","Arkansas Colleges of Health Education","2020","First major","'99'","Grand total","Doctor's degree - professional practice","0","0","0","0","0","0","0","0","0","0","0","0","0","0","0","0","0","0","0","0","0","0","0","0","0","0","0","0","0","0","-2"
"488554","Burrell College of Osteopathic Medicine","2020","First major","'99'","Grand total","Doctor's degree - professional practice","133","69","64","0","0","0","27","18","9","7","4","3","22","13","9","0","0","0","60","29","31","6","4","2","11","1","10","0","0","0","-2"
"488572","California Health Sciences University","2020","First major","'99'","Grand total","Doctor's degree - professional practice","53","20","33","0","0","0","31","10","21","5","2","3","5","2","3","2","1","1","8","4","4","1","0","1","1","1","0","0","0","0","-2"
"488679","Indiana Wesleyan University-National & Global","2020","First major","'99'","Grand total","Associate's degree","539","183","356","1","0","1","5","0","5","127","31","96","25","6","19","0","0","0","347","131","216","32","13","19","2","2","0","0","0","0","-2"
"488679","Indiana Wesleyan University-National & Global","2020","First major","'99'","Grand total","Bachelor's degree","1510","376","1134","1","0","1","17","3","14","285","57","228","59","17","42","1","0","1","1075","280","795","55","10","45","9","3","6","8","6","2","-2"
"488679","Indiana Wesleyan University-National & Global","2020","First major","'99'","Grand total","Master's degree","1556","427","1129","3","2","1","28","9","19","302","59","243","70","23","47","0","0","0","1068","291","777","50","19","31","4","2","2","31","22","9","-2"
"488679","Indiana Wesleyan University-National & Global","2020","First major","'99'","Grand total","Doctor's degree - research/scholarship","5","3","2","0","0","0","0","0","0","1","0","1","0","0","0","0","0","0","4","3","1","0","0","0","0","0","0","0","0","0","-2"
"488679","Indiana Wesleyan University-National & Global","2020","First major","'99'","Grand total","Doctor's degree - professional practice","35","8","27","0","0","0","1","0","1","7","3","4","0","0","0","0","0","0","25","5","20","0","0","0","2","0","2","0","0","0","-2"
"488730","Northeast Lakeview College","2020","First major","'99'","Grand total","Associate's degree","601","245","356","3","0","3","23","10","13","69","34","35","298","120","178","1","0","1","192","75","117","14","6","8","1","0","1","0","0","0","-2"
"488776","John Patrick University of Health and Applied Sciences","2020","First major","'99'","Grand total","Associate's degree","0","0","0","0","0","0","0","0","0","0","0","0","0","0","0","0","0","0","0","0","0","0","0","0","0","0","0","0","0","0","-2"
"488776","John Patrick University of Health and Applied Sciences","2020","First major","'99'","Grand total","Bachelor's degree","27","8","19","0","0","0","0","0","0","0","0","0","5","0","5","0","0","0","18","7","11","0","0","0","4","1","3","0","0","0","-2"
"488776","John Patrick University of Health and Applied Sciences","2020","First major","'99'","Grand total","Master's degree","35","16","19","0","0","0","6","3","3","2","2","0","1","1","0","0","0","0","22","10","12","0","0","0","4","0","4","0","0","0","-2"
"488785","University of Saint Katherine","2020","First major","'99'","Grand total","Bachelor's degree","45","27","18","0","0","0","1","1","0","3","3","0","15","7","8","0","0","0","20","11","9","4","3","1","1","1","0","1","1","0","-2"
"488800","Teachers College of San Joaquin","2020","First major","'99'","Grand total","Master's degree","70","17","53","3","0","3","4","1","3","2","1","1","17","4","13","3","0","3","38","9","29","0","0","0","3","2","1","0","0","0","-2"
"488846","University of the People","2020","First major","'99'","Grand total","Associate's degree","287","195","92","0","0","0","0","0","0","1","0","1","0","0","0","0","0","0","5","2","3","1","1","0","280","192","88","0","0","0","-2"
"488846","University of the People","2020","First major","'99'","Grand total","Bachelor's degree","164","110","54","0","0","0","1","1","0","1","1","0","0","0","0","0","0","0","4","1","3","0","0","0","158","107","51","0","0","0","-2"
"488846","University of the People","2020","First major","'99'","Grand total","Master's degree","366","252","114","0","0","0","1","1","0","0","0","0","0","0","0","0","0","0","1","0","1","0","0","0","364","251","113","0","0","0","-2"
"488907","Wongu University of Oriental Medicine","2020","First major","'99'","Grand total","Master's degree","8","3","5","0","0","0","0","0","0","0","0","0","0","0","0","0","0","0","6","2","4","0","0","0","0","0","0","2","1","1","-2"
"489201","Clovis Community College","2020","First major","'99'","Grand total","Associate's degree","1163","406","757","8","2","6","177","80","97","14","3","11","463","153","310","1","0","1","450","151","299","48","16","32","2","1","1","0","0","0","-2"
"489283","The College of Health Care Professions-McAllen Campus","2020","First major","'99'","Grand total","Associate's degree","28","9","19","0","0","0","0","0","0","0","0","0","26","9","17","0","0","0","2","0","2","0","0","0","0","0","0","0","0","0","-2"
"489335","Institute of Buddhist Studies","2020","First major","'99'","Grand total","Master's degree","0","0","0","0","0","0","0","0","0","0","0","0","0","0","0","0","0","0","0","0","0","0","0","0","0","0","0","0","0","0","-2"
"489344","Chamberlain University-North Carolina","2020","First major","'99'","Grand total","Bachelor's degree","51","1","50","0","0","0","3","0","3","19","0","19","3","0","3","0","0","0","26","1","25","0","0","0","0","0","0","0","0","0","-2"
"489353","Chamberlain University-California","2020","First major","'99'","Grand total","Bachelor's degree","91","20","71","2","0","2","15","5","10","1","1","0","15","2","13","0","0","0","57","12","45","1","0","1","0","0","0","0","0","0","-2"
"489779","Purdue University Global","2020","First major","'99'","Grand total","Associate's degree","1674","863","811","5","1","4","50","31","19","294","128","166","217","129","88","10","7","3","942","497","445","71","46","25","85","24","61","0","0","0","-2"
"489779","Purdue University Global","2020","First major","'99'","Grand total","Bachelor's degree","4068","1324","2744","24","10","14","87","44","43","743","231","512","424","153","271","18","9","9","2438","787","1651","144","42","102","182","46","136","8","2","6","-2"
"489779","Purdue University Global","2020","First major","'99'","Grand total","Master's degree","2472","574","1898","21","4","17","121","37","84","648","135","513","251","68","183","16","3","13","1239","294","945","63","11","52","110","21","89","3","1","2","-2"
"489779","Purdue University Global","2020","First major","'99'","Grand total","Doctor's degree - professional practice","96","33","63","0","0","0","3","1","2","9","2","7","8","3","5","0","0","0","29","9","20","8","2","6","39","16","23","0","0","0","-2"
"489812","Pima Medical Institute-Dillon","2020","First major","'99'","Grand total","Associate's degree","12","2","10","0","0","0","0","0","0","0","0","0","0","0","0","0","0","0","10","2","8","2","0","2","0","0","0","0","0","0","-2"
"489858","West Coast University-Center for Graduate Studies","2020","First major","'99'","Grand total","Master's degree","35","7","28","1","0","1","13","3","10","4","1","3","4","1","3","0","0","0","12","2","10","0","0","0","1","0","1","0","0","0","-2"
"489858","West Coast University-Center for Graduate Studies","2020","First major","'99'","Grand total","Doctor's degree - professional practice","118","41","77","0","0","0","38","19","19","11","3","8","10","3","7","0","0","0","52","15","37","0","0","0","7","1","6","0","0","0","-2"
"489937","Carolina University","2020","First major","'99'","Grand total","Associate's degree","6","2","4","0","0","0","0","0","0","0","0","0","0","0","0","0","0","0","5","2","3","1","0","1","0","0","0","0","0","0","-2"
"489937","Carolina University","2020","First major","'99'","Grand total","Bachelor's degree","66","33","33","0","0","0","1","0","1","3","1","2","4","3","1","0","0","0","55","26","29","2","2","0","0","0","0","1","1","0","-2"
"489937","Carolina University","2020","First major","'99'","Grand total","Master's degree","54","39","15","0","0","0","0","0","0","5","4","1","4","3","1","0","0","0","43","31","12","2","1","1","0","0","0","0","0","0","-2"
"489937","Carolina University","2020","First major","'99'","Grand total","Doctor's degree - research/scholarship","14","10","4","0","0","0","2","1","1","3","1","2","0","0","0","0","0","0","9","8","1","0","0","0","0","0","0","0","0","0","-2"
"489937","Carolina University","2020","First major","'99'","Grand total","Doctor's degree - professional practice","3","3","0","0","0","0","0","0","0","1","1","0","0","0","0","0","0","0","2","2","0","0","0","0","0","0","0","0","0","0","-2"
"490045","Presbyterian Theological Seminary in America","2020","First major","'99'","Grand total","Bachelor's degree","10","4","6","0","0","0","7","1","6","0","0","0","0","0","0","0","0","0","0","0","0","0","0","0","0","0","0","3","3","0","-2"
"490045","Presbyterian Theological Seminary in America","2020","First major","'99'","Grand total","Master's degree","18","9","9","0","0","0","7","5","2","0","0","0","0","0","0","0","0","0","0","0","0","0","0","0","4","1","3","7","3","4","-2"
"490045","Presbyterian Theological Seminary in America","2020","First major","'99'","Grand total","Doctor's degree - other","0","0","0","0","0","0","0","0","0","0","0","0","0","0","0","0","0","0","0","0","0","0","0","0","0","0","0","0","0","0","-2"
"490054","HCI College","2020","First major","'99'","Grand total","Associate's degree","231","50","181","0","0","0","0","0","0","90","8","82","16","4","12","0","0","0","51","25","26","0","0","0","74","13","61","0","0","0","-2"
"490054","HCI College","2020","First major","'99'","Grand total","Bachelor's degree","2","2","0","0","0","0","0","0","0","1","1","0","0","0","0","0","0","0","0","0","0","0","0","0","1","1","0","0","0","0","-2"
"490063","Southern States University","2020","First major","'99'","Grand total","Bachelor's degree","7","2","5","0","0","0","0","0","0","0","0","0","0","0","0","0","0","0","0","0","0","0","0","0","0","0","0","7","2","5","-2"
"490063","Southern States University","2020","First major","'99'","Grand total","Master's degree","94","53","41","0","0","0","0","0","0","0","0","0","0","0","0","0","0","0","0","0","0","0","0","0","0","0","0","94","53","41","-2"
"490081","America Evangelical University","2020","First major","'99'","Grand total","Bachelor's degree","3","1","2","0","0","0","3","1","2","0","0","0","0","0","0","0","0","0","0","0","0","0","0","0","0","0","0","0","0","0","-2"
"490081","America Evangelical University","2020","First major","'99'","Grand total","Master's degree","8","4","4","0","0","0","4","3","1","0","0","0","0","0","0","0","0","0","1","1","0","0","0","0","0","0","0","3","0","3","-2"
"490081","America Evangelical University","2020","First major","'99'","Grand total","Doctor's degree - research/scholarship","4","2","2","0","0","0","4","2","2","0","0","0","0","0","0","0","0","0","0","0","0","0","0","0","0","0","0","0","0","0","-2"
"490106","Virginia University of Integrative Medicine","2020","First major","'99'","Grand total","Master's degree","29","14","15","0","0","0","24","13","11","0","0","0","1","0","1","0","0","0","2","1","1","0","0","0","1","0","1","1","0","1","-2"
"490106","Virginia University of Integrative Medicine","2020","First major","'99'","Grand total","Doctor's degree - research/scholarship","0","0","0","0","0","0","0","0","0","0","0","0","0","0","0","0","0","0","0","0","0","0","0","0","0","0","0","0","0","0","-2"
"490106","Virginia University of Integrative Medicine","2020","First major","'99'","Grand total","Doctor's degree - professional practice","0","0","0","0","0","0","0","0","0","0","0","0","0","0","0","0","0","0","0","0","0","0","0","0","0","0","0","0","0","0","-2"
"490124","Los Angeles Academy of Figurative Art","2020","First major","'99'","Grand total","Bachelor's degree","5","2","3","0","0","0","1","0","1","0","0","0","1","1","0","0","0","0","0","0","0","0","0","0","0","0","0","3","1","2","-2"
"490133","Westcliff University","2020","First major","'99'","Grand total","Bachelor's degree","72","41","31","1","0","1","3","2","1","2","1","1","4","1","3","0","0","0","4","2","2","3","1","2","51","32","19","4","2","2","-2"
"490133","Westcliff University","2020","First major","'99'","Grand total","Master's degree","334","182","152","0","0","0","5","3","2","1","0","1","0","0","0","0","0","0","4","4","0","1","0","1","127","70","57","196","105","91","-2"
"490133","Westcliff University","2020","First major","'99'","Grand total","Doctor's degree - research/scholarship","7","4","3","0","0","0","0","0","0","1","1","0","1","0","1","0","0","0","2","1","1","0","0","0","0","0","0","3","2","1","-2"
"490133","Westcliff University","2020","First major","'99'","Grand total","Doctor's degree - professional practice","85","42","43","3","0","3","10","6","4","7","4","3","21","8","13","0","0","0","35","21","14","7","2","5","0","0","0","2","1","1","-2"
"490203","Bolivar Technical College","2020","First major","'99'","Grand total","Associate's degree","35","1","34","0","0","0","0","0","0","0","0","0","2","1","1","0","0","0","32","0","32","1","0","1","0","0","0","0","0","0","-2"
"490230","Reformed University","2020","First major","'99'","Grand total","Bachelor's degree","6","1","5","0","0","0","4","1","3","0","0","0","0","0","0","0","0","0","0","0","0","0","0","0","0","0","0","2","0","2","-2"
"490230","Reformed University","2020","First major","'99'","Grand total","Master's degree","0","0","0","0","0","0","0","0","0","0","0","0","0","0","0","0","0","0","0","0","0","0","0","0","0","0","0","0","0","0","-2"
"490276","Yeshiva Shaar Ephraim","2020","First major","'99'","Grand total","Associate's degree","23","23","0","0","0","0","0","0","0","0","0","0","0","0","0","0","0","0","23","23","0","0","0","0","0","0","0","0","0","0","-2"
"490276","Yeshiva Shaar Ephraim","2020","First major","'99'","Grand total","Bachelor's degree","7","7","0","0","0","0","0","0","0","0","0","0","0","0","0","0","0","0","7","7","0","0","0","0","0","0","0","0","0","0","-2"
"490285","California Institute of Arts & Technology","2020","First major","'99'","Grand total","Associate's degree","38","34","4","0","0","0","6","5","1","2","2","0","15","13","2","0","0","0","8","8","0","3","3","0","4","3","1","0","0","0","-2"
"490319","Yeshiva Bais Aharon","2020","First major","'99'","Grand total","Bachelor's degree","1","1","0","0","0","0","0","0","0","0","0","0","0","0","0","0","0","0","1","1","0","0","0","0","0","0","0","0","0","0","-2"
"490328","Mechon L'hoyroa","2020","First major","'99'","Grand total","Bachelor's degree","8","8","0","0","0","0","0","0","0","0","0","0","0","0","0","0","0","0","8","8","0","0","0","0","0","0","0","0","0","0","-2"
"490346","Elyon College","2020","First major","'99'","Grand total","Associate's degree","27","0","27","0","0","0","0","0","0","0","0","0","0","0","0","0","0","0","27","0","27","0","0","0","0","0","0","0","0","0","-2"
"490373","Western Michigan University Homer Stryker M.D. School of Medicine","2020","First major","'99'","Grand total","Master's degree","9","5","4","0","0","0","0","0","0","3","2","1","5","2","3","0","0","0","1","1","0","0","0","0","0","0","0","0","0","0","-2"
"490373","Western Michigan University Homer Stryker M.D. School of Medicine","2020","First major","'99'","Grand total","Doctor's degree - professional practice","70","37","33","0","0","0","10","4","6","0","0","0","3","2","1","0","0","0","27","14","13","2","1","1","28","16","12","0","0","0","-2"
"490498","Digital Media Institute at InterTech","2020","First major","'99'","Grand total","Associate's degree","0","0","0","0","0","0","0","0","0","0","0","0","0","0","0","0","0","0","0","0","0","0","0","0","0","0","0","0","0","0","-2"
"490504","Yeshiva Ohr Naftoli","2020","First major","'99'","Grand total","Associate's degree","6","6","0","0","0","0","0","0","0","0","0","0","0","0","0","0","0","0","6","6","0","0","0","0","0","0","0","0","0","0","-2"
"490504","Yeshiva Ohr Naftoli","2020","First major","'99'","Grand total","Bachelor's degree","2","2","0","0","0","0","0","0","0","0","0","0","0","0","0","0","0","0","2","2","0","0","0","0","0","0","0","0","0","0","-2"
"490513","Bais Medrash Mayan Hatorah","2020","First major","'99'","Grand total","Associate's degree","18","18","0","0","0","0","0","0","0","0","0","0","0","0","0","0","0","0","18","18","0","0","0","0","0","0","0","0","0","0","-2"
"490513","Bais Medrash Mayan Hatorah","2020","First major","'99'","Grand total","Bachelor's degree","7","7","0","0","0","0","0","0","0","0","0","0","0","0","0","0","0","0","7","7","0","0","0","0","0","0","0","0","0","0","-2"
"490559","Gwinnett Institute","2020","First major","'99'","Grand total","Associate's degree","71","4","67","1","0","1","4","0","4","36","3","33","13","0","13","0","0","0","11","1","10","1","0","1","5","0","5","0","0","0","-2"
"490568","Career Quest Learning Center-Mt. Pleasant","2020","First major","'99'","Grand total","Associate's degree","22","3","19","0","0","0","0","0","0","1","0","1","0","0","0","0","0","0","21","3","18","0","0","0","0","0","0","0","0","0","-2"
"490601","Kansas City University of Medicine and Biosciences-Joplin","2020","First major","'99'","Grand total","Master's degree","0","0","0","0","0","0","0","0","0","0","0","0","0","0","0","0","0","0","0","0","0","0","0","0","0","0","0","0","0","0","-2"
"490601","Kansas City University of Medicine and Biosciences-Joplin","2020","First major","'99'","Grand total","Doctor's degree - professional practice","0","0","0","0","0","0","0","0","0","0","0","0","0","0","0","0","0","0","0","0","0","0","0","0","0","0","0","0","0","0","-2"
"490753","Maine Media College","2020","First major","'99'","Grand total","Master's degree","4","1","3","0","0","0","0","0","0","0","0","0","0","0","0","0","0","0","4","1","3","0","0","0","0","0","0","0","0","0","-2"
"490805","Purdue University Northwest","2020","First major","'99'","Grand total","Associate's degree","3","1","2","0","0","0","0","0","0","1","1","0","0","0","0","0","0","0","2","0","2","0","0","0","0","0","0","0","0","0","-2"
"490805","Purdue University Northwest","2020","First major","'99'","Grand total","Bachelor's degree","1903","742","1161","6","2","4","74","32","42","156","40","116","313","133","180","3","3","0","1213","442","771","44","19","25","26","15","11","68","56","12","-2"
"490805","Purdue University Northwest","2020","First major","'99'","Grand total","Master's degree","354","171","183","0","0","0","4","4","0","24","8","16","40","15","25","0","0","0","162","65","97","2","2","0","3","2","1","119","75","44","-2"
"490805","Purdue University Northwest","2020","First major","'99'","Grand total","Doctor's degree - professional practice","3","0","3","0","0","0","0","0","0","0","0","0","1","0","1","0","0","0","2","0","2","0","0","0","0","0","0","0","0","0","-2"
"490805","Purdue University Northwest","2020","Second major","'99'","Grand total","Bachelor's degree","12","7","5","0","0","0","0","0","0","2","1","1","2","1","1","0","0","0","7","4","3","0","0","0","0","0","0","1","1","0","-2"
"490832","Ross College-Canton","2020","First major","'99'","Grand total","Associate's degree","40","3","37","1","0","1","0","0","0","6","1","5","0","0","0","0","0","0","31","2","29","2","0","2","0","0","0","0","0","0","-2"
"490841","Ross College-Grand Rapids North","2020","First major","'99'","Grand total","Associate's degree","0","0","0","0","0","0","0","0","0","0","0","0","0","0","0","0","0","0","0","0","0","0","0","0","0","0","0","0","0","0","-2"
"490878","Platt College-Anaheim","2020","First major","'99'","Grand total","Associate's degree","180","43","137","3","0","3","16","2","14","6","2","4","75","21","54","1","0","1","62","15","47","11","1","10","6","2","4","0","0","0","-2"
"490878","Platt College-Anaheim","2020","First major","'99'","Grand total","Bachelor's degree","29","4","25","0","0","0","3","1","2","0","0","0","11","1","10","1","1","0","13","1","12","1","0","1","0","0","0","0","0","0","-2"
"490975","Fortis College-Cutler Bay","2020","First major","'99'","Grand total","Associate's degree","60","8","52","0","0","0","1","0","1","9","0","9","43","7","36","1","0","1","4","1","3","1","0","1","1","0","1","0","0","0","-2"
"491057","Yeshiva Kollel Tifereth Elizer","2020","First major","'99'","Grand total","Bachelor's degree","26","26","0","0","0","0","0","0","0","0","0","0","0","0","0","0","0","0","26","26","0","0","0","0","0","0","0","0","0","0","-2"
"491181","Galen College of Nursing-ARH","2020","First major","'99'","Grand total","Associate's degree","145","16","129","0","0","0","0","0","0","0","0","0","0","0","0","0","0","0","142","15","127","2","1","1","1","0","1","0","0","0","-2"
"491190","The Chicago School of Professional Psychology at San Diego","2020","First major","'99'","Grand total","Master's degree","13","2","11","0","0","0","2","0","2","1","0","1","4","0","4","0","0","0","6","2","4","0","0","0","0","0","0","0","0","0","-2"
"491190","The Chicago School of Professional Psychology at San Diego","2020","First major","'99'","Grand total","Doctor's degree - professional practice","0","0","0","0","0","0","0","0","0","0","0","0","0","0","0","0","0","0","0","0","0","0","0","0","0","0","0","0","0","0","-2"
"491288","University of Wisconsin-Milwaukee Flex","2020","First major","'99'","Grand total","Associate's degree","13","5","8","0","0","0","0","0","0","0","0","0","1","0","1","0","0","0","12","5","7","0","0","0","0","0","0","0","0","0","-2"
"491288","University of Wisconsin-Milwaukee Flex","2020","First major","'99'","Grand total","Bachelor's degree","92","25","67","0","0","0","3","2","1","2","0","2","6","2","4","0","0","0","80","21","59","0","0","0","1","0","1","0","0","0","-2"
"491297","University of Wisconsin-Parkside Flex","2020","First major","'99'","Grand total","Bachelor's degree","5","3","2","0","0","0","1","0","1","0","0","0","0","0","0","0","0","0","4","3","1","0","0","0","0","0","0","0","0","0","-2"
"491446","Bnos Zion Of Bobov Seminary","2020","First major","'99'","Grand total","Associate's degree","15","0","15","0","0","0","0","0","0","0","0","0","0","0","0","0","0","0","15","0","15","0","0","0","0","0","0","0","0","0","-2"
"491525","Union Bible College","2020","First major","'99'","Grand total","Associate's degree","1","0","1","0","0","0","0","0","0","0","0","0","0","0","0","0","0","0","1","0","1","0","0","0","0","0","0","0","0","0","-2"
"491525","Union Bible College","2020","First major","'99'","Grand total","Bachelor's degree","6","5","1","0","0","0","0","0","0","0","0","0","0","0","0","0","0","0","6","5","1","0","0","0","0","0","0","0","0","0","-2"
"491613","Yeshiva Gedolah Tiferes Boruch","2020","First major","'99'","Grand total","Bachelor's degree","0","0","0","0","0","0","0","0","0","0","0","0","0","0","0","0","0","0","0","0","0","0","0","0","0","0","0","0","0","0","-2"
"491622","Yeshiva Chemdas Hatorah","2020","First major","'99'","Grand total","Associate's degree","12","12","0","0","0","0","0","0","0","0","0","0","0","0","0","0","0","0","12","12","0","0","0","0","0","0","0","0","0","0","-2"
"491622","Yeshiva Chemdas Hatorah","2020","First major","'99'","Grand total","Bachelor's degree","8","8","0","0","0","0","0","0","0","0","0","0","0","0","0","0","0","0","8","8","0","0","0","0","0","0","0","0","0","0","-2"
"491631","Women's Institute of Torah Seminary and College","2020","First major","'99'","Grand total","Bachelor's degree","41","0","41","0","0","0","0","0","0","0","0","0","0","0","0","0","0","0","41","0","41","0","0","0","0","0","0","0","0","0","-2"
"491640","Yeshiva Gedolah Keren Hatorah","2020","First major","'99'","Grand total","Associate's degree","27","27","0","0","0","0","0","0","0","0","0","0","0","0","0","0","0","0","27","27","0","0","0","0","0","0","0","0","0","0","-2"
"491640","Yeshiva Gedolah Keren Hatorah","2020","First major","'99'","Grand total","Bachelor's degree","0","0","0","0","0","0","0","0","0","0","0","0","0","0","0","0","0","0","0","0","0","0","0","0","0","0","0","0","0","0","-2"
"491710","Yeshiva Gedolah of Cliffwood","2020","First major","'99'","Grand total","Bachelor's degree","7","7","0","0","0","0","0","0","0","0","0","0","0","0","0","0","0","0","7","7","0","0","0","0","0","0","0","0","0","0","-2"
"491765","Yeshivas Emek Hatorah","2020","First major","'99'","Grand total","Associate's degree","0","0","0","0","0","0","0","0","0","0","0","0","0","0","0","0","0","0","0","0","0","0","0","0","0","0","0","0","0","0","-2"
"491765","Yeshivas Emek Hatorah","2020","First major","'99'","Grand total","Bachelor's degree","0","0","0","0","0","0","0","0","0","0","0","0","0","0","0","0","0","0","0","0","0","0","0","0","0","0","0","0","0","0","-2"
"491808","Meridian University","2020","First major","'99'","Grand total","Master's degree","13","2","11","1","0","1","1","0","1","0","0","0","0","0","0","0","0","0","7","2","5","4","0","4","0","0","0","0","0","0","-2"
"491808","Meridian University","2020","First major","'99'","Grand total","Doctor's degree - research/scholarship","3","2","1","0","0","0","0","0","0","0","0","0","0","0","0","0","0","0","3","2","1","0","0","0","0","0","0","0","0","0","-2"
"491808","Meridian University","2020","First major","'99'","Grand total","Doctor's degree - professional practice","1","0","1","0","0","0","0","0","0","1","0","1","0","0","0","0","0","0","0","0","0","0","0","0","0","0","0","0","0","0","-2"
"491817","Seminary Bnos Chaim","2020","First major","'99'","Grand total","Associate's degree","13","0","13","0","0","0","0","0","0","0","0","0","0","0","0","0","0","0","13","0","13","0","0","0","0","0","0","0","0","0","-2"
"491844","Red Lake Nation College","2020","First major","'99'","Grand total","Associate's degree","12","1","11","12","1","11","0","0","0","0","0","0","0","0","0","0","0","0","0","0","0","0","0","0","0","0","0","0","0","0","-2"
"491914","Yeshiva Gedola Tiferes Yerachmiel","2020","First major","'99'","Grand total","Associate's degree","38","38","0","0","0","0","0","0","0","0","0","0","0","0","0","0","0","0","38","38","0","0","0","0","0","0","0","0","0","0","-2"
"491914","Yeshiva Gedola Tiferes Yerachmiel","2020","First major","'99'","Grand total","Bachelor's degree","0","0","0","0","0","0","0","0","0","0","0","0","0","0","0","0","0","0","0","0","0","0","0","0","0","0","0","0","0","0","-2"
"491941","Caris College","2020","First major","'99'","Grand total","Associate's degree","14","1","13","0","0","0","0","0","0","0","0","0","1","1","0","0","0","0","13","0","13","0","0","0","0","0","0","0","0","0","-2"
"492069","Champion Christian College","2020","First major","'99'","Grand total","Associate's degree","7","4","3","0","0","0","0","0","0","0","0","0","1","1","0","0","0","0","6","3","3","0","0","0","0","0","0","0","0","0","-2"
"492069","Champion Christian College","2020","First major","'99'","Grand total","Bachelor's degree","7","4","3","0","0","0","0","0","0","2","2","0","1","0","1","0","0","0","2","1","1","2","1","1","0","0","0","0","0","0","-2"
"492209","Reiss-Davis Graduate School","2020","First major","'99'","Grand total","Doctor's degree - research/scholarship","0","0","0","0","0","0","0","0","0","0","0","0","0","0","0","0","0","0","0","0","0","0","0","0","0","0","0","0","0","0","-2"
"492449","Pima Medical Institute-San Marcos","2020","First major","'99'","Grand total","Associate's degree","34","13","21","0","0","0","5","3","2","1","0","1","14","6","8","0","0","0","13","4","9","1","0","1","0","0","0","0","0","0","-2"
"492476","EDP University of Puerto Rico-Villalba","2020","First major","'99'","Grand total","Associate's degree","43","14","29","0","0","0","0","0","0","0","0","0","43","14","29","0","0","0","0","0","0","0","0","0","0","0","0","0","0","0","-2"
"492476","EDP University of Puerto Rico-Villalba","2020","First major","'99'","Grand total","Bachelor's degree","0","0","0","0","0","0","0","0","0","0","0","0","0","0","0","0","0","0","0","0","0","0","0","0","0","0","0","0","0","0","-2"
"492607","Chicago School of Professional Psychology at Dallas","2020","First major","'99'","Grand total","Master's degree","3","0","3","0","0","0","2","0","2","0","0","0","1","0","1","0","0","0","0","0","0","0","0","0","0","0","0","0","0","0","-2"
"492607","Chicago School of Professional Psychology at Dallas","2020","First major","'99'","Grand total","Doctor's degree - research/scholarship","0","0","0","0","0","0","0","0","0","0","0","0","0","0","0","0","0","0","0","0","0","0","0","0","0","0","0","0","0","0","-2"
"492689","Texas Tech University Health Sciences Center-El Paso","2020","First major","'99'","Grand total","Bachelor's degree","176","38","138","0","0","0","5","1","4","12","5","7","124","29","95","0","0","0","32","2","30","0","0","0","2","0","2","1","1","0","-2"
"492689","Texas Tech University Health Sciences Center-El Paso","2020","First major","'99'","Grand total","Master's degree","27","7","20","1","0","1","1","1","0","0","0","0","21","4","17","0","0","0","4","2","2","0","0","0","0","0","0","0","0","0","-2"
"492689","Texas Tech University Health Sciences Center-El Paso","2020","First major","'99'","Grand total","Doctor's degree - professional practice","89","54","35","0","0","0","21","11","10","3","0","3","28","19","9","0","0","0","33","20","13","2","2","0","2","2","0","0","0","0","-2"
"492704","Ponce Health Sciences University-Centro Universitario de San Juan","2020","First major","'99'","Grand total","Master's degree","25","10","15","0","0","0","0","0","0","0","0","0","25","10","15","0","0","0","0","0","0","0","0","0","0","0","0","0","0","0","-2"
"492704","Ponce Health Sciences University-Centro Universitario de San Juan","2020","First major","'99'","Grand total","Doctor's degree - professional practice","0","0","0","0","0","0","0","0","0","0","0","0","0","0","0","0","0","0","0","0","0","0","0","0","0","0","0","0","0","0","-2"
"492722","The College of Health Care Professions-South San Antonio","2020","First major","'99'","Grand total","Associate's degree","30","1","29","0","0","0","0","0","0","1","0","1","22","1","21","0","0","0","7","0","7","0","0","0","0","0","0","0","0","0","-2"
"492759","Chamberlain University-Louisiana","2020","First major","'99'","Grand total","Bachelor's degree","0","0","0","0","0","0","0","0","0","0","0","0","0","0","0","0","0","0","0","0","0","0","0","0","0","0","0","0","0","0","-2"
"492801","Drury University-College of Continuing Professional Studies","2020","First major","'99'","Grand total","Associate's degree","83","29","54","2","0","2","1","1","0","4","1","3","14","7","7","0","0","0","60","20","40","0","0","0","1","0","1","1","0","1","-2"
"492801","Drury University-College of Continuing Professional Studies","2020","First major","'99'","Grand total","Bachelor's degree","242","64","178","3","1","2","3","2","1","11","3","8","13","7","6","1","0","1","198","46","152","10","4","6","0","0","0","3","1","2","-2"
"492801","Drury University-College of Continuing Professional Studies","2020","Second major","'99'","Grand total","Associate's degree","2","0","2","1","0","1","0","0","0","0","0","0","1","0","1","0","0","0","0","0","0","0","0","0","0","0","0","0","0","0","-2"
"492801","Drury University-College of Continuing Professional Studies","2020","Second major","'99'","Grand total","Bachelor's degree","56","11","45","2","1","1","1","0","1","2","0","2","2","1","1","1","0","1","45","9","36","3","0","3","0","0","0","0","0","0","-2"
"492962","Indiana Institute of Technology-College of Professional Studies","2020","First major","'99'","Grand total","Associate's degree","212","66","146","1","0","1","1","0","1","58","11","47","8","2","6","1","0","1","119","43","76","6","3","3","17","6","11","1","1","0","-2"
"492962","Indiana Institute of Technology-College of Professional Studies","2020","First major","'99'","Grand total","Bachelor's degree","447","167","280","1","1","0","4","3","1","111","32","79","18","9","9","1","0","1","260","99","161","12","6","6","39","17","22","1","0","1","-2"
"493363","Institute of Lutheran Theology","2020","First major","'99'","Grand total","Master's degree","4","3","1","0","0","0","0","0","0","0","0","0","0","0","0","0","0","0","4","3","1","0","0","0","0","0","0","0","0","0","-2"
"493363","Institute of Lutheran Theology","2020","First major","'99'","Grand total","Doctor's degree - research/scholarship","0","0","0","0","0","0","0","0","0","0","0","0","0","0","0","0","0","0","0","0","0","0","0","0","0","0","0","0","0","0","-2"
"493363","Institute of Lutheran Theology","2020","First major","'99'","Grand total","Doctor's degree - professional practice","0","0","0","0","0","0","0","0","0","0","0","0","0","0","0","0","0","0","0","0","0","0","0","0","0","0","0","0","0","0","-2"
"493424","Career Quest Learning Center-Bay City Branch","2020","First major","'99'","Grand total","Associate's degree","8","0","8","0","0","0","0","0","0","0","0","0","1","0","1","0","0","0","7","0","7","0","0","0","0","0","0","0","0","0","-2"
"493451","WellSpring School of Allied Health-Springfield","2020","First major","'99'","Grand total","Associate's degree","0","0","0","0","0","0","0","0","0","0","0","0","0","0","0","0","0","0","0","0","0","0","0","0","0","0","0","0","0","0","-2"
"493488","Premiere International College","2020","First major","'99'","Grand total","Associate's degree","0","0","0","0","0","0","0","0","0","0","0","0","0","0","0","0","0","0","0","0","0","0","0","0","0","0","0","0","0","0","-2"
"493512","San Diego Global Knowledge University","2020","First major","'99'","Grand total","Bachelor's degree","35","12","23","0","0","0","0","0","0","0","0","0","35","12","23","0","0","0","0","0","0","0","0","0","0","0","0","0","0","0","-2"
"493512","San Diego Global Knowledge University","2020","First major","'99'","Grand total","Master's degree","0","0","0","0","0","0","0","0","0","0","0","0","0","0","0","0","0","0","0","0","0","0","0","0","0","0","0","0","0","0","-2"
"493521","Global Tech College","2020","First major","'99'","Grand total","Associate's degree","0","0","0","0","0","0","0","0","0","0","0","0","0","0","0","0","0","0","0","0","0","0","0","0","0","0","0","0","0","0","-2"
"493594","Yeshiva of Ocean","2020","First major","'99'","Grand total","Associate's degree","10","10","0","0","0","0","0","0","0","0","0","0","0","0","0","0","0","0","9","9","0","0","0","0","0","0","0","1","1","0","-2"
"493594","Yeshiva of Ocean","2020","First major","'99'","Grand total","Bachelor's degree","1","1","0","0","0","0","0","0","0","0","0","0","0","0","0","0","0","0","1","1","0","0","0","0","0","0","0","0","0","0","-2"
"493600","Congregation Talmidei Mesivta Tiferes Shmiel Aleksander","2020","First major","'99'","Grand total","Bachelor's degree","21","21","0","0","0","0","0","0","0","0","0","0","0","0","0","0","0","0","21","21","0","0","0","0","0","0","0","0","0","0","-2"
"493619","Young Americans College of the Performing Arts","2020","First major","'99'","Grand total","Associate's degree","45","21","24","0","0","0","0","0","0","1","0","1","4","3","1","0","0","0","19","6","13","1","1","0","20","11","9","0","0","0","-2"
"493646","Ohel Margulia Seminary","2020","First major","'99'","Grand total","Associate's degree","53","0","53","0","0","0","0","0","0","0","0","0","0","0","0","0","0","0","53","0","53","0","0","0","0","0","0","0","0","0","-2"
"493664","Yeshivat Hechal Shemuel","2020","First major","'99'","Grand total","Associate's degree","16","16","0","0","0","0","0","0","0","0","0","0","0","0","0","0","0","0","16","16","0","0","0","0","0","0","0","0","0","0","-2"
"493664","Yeshivat Hechal Shemuel","2020","First major","'99'","Grand total","Bachelor's degree","8","8","0","0","0","0","0","0","0","0","0","0","0","0","0","0","0","0","8","8","0","0","0","0","0","0","0","0","0","0","-2"
"493673","Puerto Rico School of Nurse Anesthetists","2020","First major","'99'","Grand total","Master's degree","8","5","3","0","0","0","0","0","0","0","0","0","8","5","3","0","0","0","0","0","0","0","0","0","0","0","0","0","0","0","-2"
"493707","Yeshiva Gedolah of Woodlake Village","2020","First major","'99'","Grand total","Associate's degree","10","10","0","0","0","0","0","0","0","0","0","0","0","0","0","0","0","0","10","10","0","0","0","0","0","0","0","0","0","0","-2"
"493707","Yeshiva Gedolah of Woodlake Village","2020","First major","'99'","Grand total","Bachelor's degree","1","1","0","0","0","0","0","0","0","0","0","0","0","0","0","0","0","0","1","1","0","0","0","0","0","0","0","0","0","0","-2"
"493716","Yeshiva Gedola Tiferes Yaakov Yitzchok","2020","First major","'99'","Grand total","Associate's degree","15","15","0","0","0","0","0","0","0","0","0","0","0","0","0","0","0","0","15","15","0","0","0","0","0","0","0","0","0","0","-2"
"493716","Yeshiva Gedola Tiferes Yaakov Yitzchok","2020","First major","'99'","Grand total","Bachelor's degree","15","15","0","0","0","0","0","0","0","0","0","0","0","0","0","0","0","0","15","15","0","0","0","0","0","0","0","0","0","0","-2"
"493725","University of Arkansas System eVersity","2020","First major","'99'","Grand total","Associate's degree","87","27","60","0","0","0","1","1","0","23","0","23","0","0","0","0","0","0","59","26","33","2","0","2","2","0","2","0","0","0","-2"
"493725","University of Arkansas System eVersity","2020","First major","'99'","Grand total","Bachelor's degree","90","27","63","0","0","0","0","0","0","17","3","14","1","0","1","0","0","0","68","23","45","1","0","1","3","1","2","0","0","0","-2"
"493798","New York Seminary","2020","First major","'99'","Grand total","Associate's degree","0","0","0","0","0","0","0","0","0","0","0","0","0","0","0","0","0","0","0","0","0","0","0","0","0","0","0","0","0","0","-2"
"493822","College Unbound","2020","First major","'99'","Grand total","Bachelor's degree","11","2","9","0","0","0","0","0","0","2","1","1","4","0","4","0","0","0","4","0","4","0","0","0","1","1","0","0","0","0","-2"
"493895","SANS Technology Institute","2020","First major","'99'","Grand total","Master's degree","16","13","3","0","0","0","1","1","0","0","0","0","1","0","1","0","0","0","10","8","2","0","0","0","1","1","0","3","3","0","-2"
"493947","Idaho College of Osteopathic Medicine","2020","First major","'99'","Grand total","Doctor's degree - professional practice","0","0","0","0","0","0","0","0","0","0","0","0","0","0","0","0","0","0","0","0","0","0","0","0","0","0","0","0","0","0","-2"
"494010","Ponce Health Sciences University-St Louis","2020","First major","'99'","Grand total","Master's degree","5","1","4","0","0","0","0","0","0","2","1","1","0","0","0","0","0","0","3","0","3","0","0","0","0","0","0","0","0","0","-2"
"494010","Ponce Health Sciences University-St Louis","2020","First major","'99'","Grand total","Doctor's degree - professional practice","0","0","0","0","0","0","0","0","0","0","0","0","0","0","0","0","0","0","0","0","0","0","0","0","0","0","0","0","0","0","-2"
"494162","Arizona College-Dallas","2020","First major","'99'","Grand total","Bachelor's degree","0","0","0","0","0","0","0","0","0","0","0","0","0","0","0","0","0","0","0","0","0","0","0","0","0","0","0","0","0","0","-2"
"494171","Arizona College of Nursing-Tempe","2020","First major","'99'","Grand total","Bachelor's degree","73","5","68","0","0","0","3","0","3","8","0","8","10","2","8","0","0","0","44","3","41","8","0","8","0","0","0","0","0","0","-2"
"494250","Valley College-Cleveland","2020","First major","'99'","Grand total","Associate's degree","0","0","0","0","0","0","0","0","0","0","0","0","0","0","0","0","0","0","0","0","0","0","0","0","0","0","0","0","0","0","-2"
"494269","National American University-Kings Bay","2020","First major","'99'","Grand total","Associate's degree","2","2","0","1","1","0","0","0","0","0","0","0","0","0","0","0","0","0","1","1","0","0","0","0","0","0","0","0","0","0","-2"
"494269","National American University-Kings Bay","2020","First major","'99'","Grand total","Bachelor's degree","1","0","1","0","0","0","0","0","0","1","0","1","0","0","0","0","0","0","0","0","0","0","0","0","0","0","0","0","0","0","-2"
"494278","EDP University of Puerto Rico-Humacao","2020","First major","'99'","Grand total","Associate's degree","40","7","33","0","0","0","0","0","0","0","0","0","40","7","33","0","0","0","0","0","0","0","0","0","0","0","0","0","0","0","-2"
"494278","EDP University of Puerto Rico-Humacao","2020","First major","'99'","Grand total","Bachelor's degree","0","0","0","0","0","0","0","0","0","0","0","0","0","0","0","0","0","0","0","0","0","0","0","0","0","0","0","0","0","0","-2"
"494287","EDP University of Puerto Rico-Manati","2020","First major","'99'","Grand total","Associate's degree","155","51","104","0","0","0","0","0","0","0","0","0","155","51","104","0","0","0","0","0","0","0","0","0","0","0","0","0","0","0","-2"
"494287","EDP University of Puerto Rico-Manati","2020","First major","'99'","Grand total","Bachelor's degree","6","2","4","0","0","0","0","0","0","0","0","0","6","2","4","0","0","0","0","0","0","0","0","0","0","0","0","0","0","0","-2"
"494436","Fortis Institute-Cookeville","2020","First major","'99'","Grand total","Associate's degree","22","2","20","0","0","0","1","0","1","0","0","0","0","0","0","0","0","0","21","2","19","0","0","0","0","0","0","0","0","0","-2"
"494551","Glasgow Caledonian New York College","2020","First major","'99'","Grand total","Master's degree","32","5","27","0","0","0","1","0","1","4","0","4","3","1","2","2","0","2","19","3","16","0","0","0","3","1","2","0","0","0","-2"
"494588","Pima Medical Institute-San Antonio","2020","First major","'99'","Grand total","Associate's degree","0","0","0","0","0","0","0","0","0","0","0","0","0","0","0","0","0","0","0","0","0","0","0","0","0","0","0","0","0","0","-2"
"494597","Faith Theological Seminary and Christian College","2020","First major","'99'","Grand total","Associate's degree","11","2","9","0","0","0","0","0","0","2","0","2","7","1","6","0","0","0","0","0","0","2","1","1","0","0","0","0","0","0","-2"
"494597","Faith Theological Seminary and Christian College","2020","First major","'99'","Grand total","Bachelor's degree","30","21","9","0","0","0","2","2","0","7","6","1","16","11","5","0","0","0","4","2","2","1","0","1","0","0","0","0","0","0","-2"
"494597","Faith Theological Seminary and Christian College","2020","First major","'99'","Grand total","Master's degree","2","1","1","0","0","0","0","0","0","0","0","0","2","1","1","0","0","0","0","0","0","0","0","0","0","0","0","0","0","0","-2"
"494597","Faith Theological Seminary and Christian College","2020","First major","'99'","Grand total","Doctor's degree - research/scholarship","3","1","2","0","0","0","2","0","2","1","1","0","0","0","0","0","0","0","0","0","0","0","0","0","0","0","0","0","0","0","-2"
"494621","Lotus School of Integrated Professions","2020","First major","'99'","Grand total","Master's degree","0","0","0","0","0","0","0","0","0","0","0","0","0","0","0","0","0","0","0","0","0","0","0","0","0","0","0","0","0","0","-2"
"494630","Christ Mission College","2020","First major","'99'","Grand total","Associate's degree","4","2","2","0","0","0","0","0","0","0","0","0","2","1","1","1","0","1","1","1","0","0","0","0","0","0","0","0","0","0","-2"
"494630","Christ Mission College","2020","First major","'99'","Grand total","Bachelor's degree","9","2","7","0","0","0","0","0","0","0","0","0","5","1","4","0","0","0","0","0","0","0","0","0","0","0","0","4","1","3","-2"
"494685","Urshan College","2020","First major","'99'","Grand total","Associate's degree","4","0","4","0","0","0","0","0","0","0","0","0","1","0","1","0","0","0","1","0","1","0","0","0","1","0","1","1","0","1","-2"
"494685","Urshan College","2020","First major","'99'","Grand total","Bachelor's degree","25","6","19","1","1","0","0","0","0","2","1","1","0","0","0","0","0","0","20","2","18","1","1","0","0","0","0","1","1","0","-2"
"494737","Yeshiva Yesoda Hatorah Vetz Chaim","2020","First major","'99'","Grand total","Bachelor's degree","17","17","0","0","0","0","0","0","0","0","0","0","0","0","0","0","0","0","17","17","0","0","0","0","0","0","0","0","0","0","-2"
"494746","Glendale Career College-Brightwood Teachout","2020","First major","'99'","Grand total","Associate's degree","98","26","72","1","0","1","22","8","14","6","3","3","18","3","15","3","1","2","27","6","21","14","4","10","7","1","6","0","0","0","-2"
"494755","West Virginia Junior College-United Career Institute","2020","First major","'99'","Grand total","Associate's degree","0","0","0","0","0","0","0","0","0","0","0","0","0","0","0","0","0","0","0","0","0","0","0","0","0","0","0","0","0","0","-2"
"494807","Ponce Health Sciences University-East","2020","First major","'99'","Grand total","Bachelor's degree","6","2","4","0","0","0","0","0","0","0","0","0","6","2","4","0","0","0","0","0","0","0","0","0","0","0","0","0","0","0","-2"
"494807","Ponce Health Sciences University-East","2020","First major","'99'","Grand total","Master's degree","49","9","40","0","0","0","0","0","0","0","0","0","35","6","29","0","0","0","0","0","0","0","0","0","14","3","11","0","0","0","-2"
"494807","Ponce Health Sciences University-East","2020","First major","'99'","Grand total","Doctor's degree - research/scholarship","9","1","8","0","0","0","0","0","0","0","0","0","9","1","8","0","0","0","0","0","0","0","0","0","0","0","0","0","0","0","-2"
"494807","Ponce Health Sciences University-East","2020","First major","'99'","Grand total","Doctor's degree - professional practice","22","3","19","0","0","0","0","0","0","0","0","0","22","3","19","0","0","0","0","0","0","0","0","0","0","0","0","0","0","0","-2"
"494843","Fortis College-Landover","2020","First major","'99'","Grand total","Associate's degree","38","8","30","0","0","0","4","3","1","20","5","15","3","0","3","0","0","0","8","0","8","1","0","1","2","0","2","0","0","0","-2"
"494852","Stautzenberger College-Rockford Career College","2020","First major","'99'","Grand total","Associate's degree","74","13","61","0","0","0","0","0","0","11","2","9","14","3","11","0","0","0","48","8","40","1","0","1","0","0","0","0","0","0","-2"
"494898","WellSpring School of Allied Health-Wichita","2020","First major","'99'","Grand total","Associate's degree","6","1","5","1","0","1","0","0","0","1","0","1","0","0","0","0","0","0","4","1","3","0","0","0","0","0","0","0","0","0","-2"
"494940","California Arts University","2020","First major","'99'","Grand total","Master's degree","5","3","2","0","0","0","5","3","2","0","0","0","0","0","0","0","0","0","0","0","0","0","0","0","0","0","0","0","0","0","-2"
"494940","California Arts University","2020","First major","'99'","Grand total","Doctor's degree - research/scholarship","0","0","0","0","0","0","0","0","0","0","0","0","0","0","0","0","0","0","0","0","0","0","0","0","0","0","0","0","0","0","-2"
"494959","Northern Pennsylvania Regional College","2020","First major","'99'","Grand total","Associate's degree","1","0","1","0","0","0","0","0","0","0","0","0","0","0","0","0","0","0","1","0","1","0","0","0","0","0","0","0","0","0","-2"
"494986","Apex College of Veterinary Technology","2020","First major","'99'","Grand total","Associate's degree","1","0","1","0","0","0","0","0","0","0","0","0","0","0","0","0","0","0","1","0","1","0","0","0","0","0","0","0","0","0","-2"
"495031","Bais Medrash of Dexter Park","2020","First major","'99'","Grand total","Associate's degree","17","17","0","0","0","0","0","0","0","0","0","0","0","0","0","0","0","0","17","17","0","0","0","0","0","0","0","0","0","0","-2"
"495031","Bais Medrash of Dexter Park","2020","First major","'99'","Grand total","Bachelor's degree","3","3","0","0","0","0","0","0","0","0","0","0","0","0","0","0","0","0","3","3","0","0","0","0","0","0","0","0","0","0","-2"
"495059","Oak Valley College","2020","First major","'99'","Grand total","Bachelor's degree","8","1","7","0","0","0","0","0","0","0","0","0","5","1","4","0","0","0","3","0","3","0","0","0","0","0","0","0","0","0","-2"
"495192","Alder Graduate School of Education","2020","First major","'99'","Grand total","Master's degree","0","0","0","0","0","0","0","0","0","0","0","0","0","0","0","0","0","0","0","0","0","0","0","0","0","0","0","0","0","0","-2"
"495271","California Indian Nations College","2020","First major","'99'","Grand total","Associate's degree","1","0","1","1","0","1","0","0","0","0","0","0","0","0","0","0","0","0","0","0","0","0","0","0","0","0","0","0","0","0","-2"
"495280","Indian Bible College","2020","First major","'99'","Grand total","Associate's degree","7","3","4","5","2","3","0","0","0","0","0","0","0","0","0","0","0","0","2","1","1","0","0","0","0","0","0","0","0","0","-2"
"495280","Indian Bible College","2020","First major","'99'","Grand total","Bachelor's degree","0","0","0","0","0","0","0","0","0","0","0","0","0","0","0","0","0","0","0","0","0","0","0","0","0","0","0","0","0","0","-2"
"495314","Hackensack Meridian School of Medicine","2020","First major","'99'","Grand total","Doctor's degree - professional practice","0","0","0","0","0","0","0","0","0","0","0","0","0","0","0","0","0","0","0","0","0","0","0","0","0","0","0","0","0","0","-2"
"495420","Arizona College of Nursing-Tampa","2020","First major","'99'","Grand total","Bachelor's degree","0","0","0","0","0","0","0","0","0","0","0","0","0","0","0","0","0","0","0","0","0","0","0","0","0","0","0","0","0","0","-2"
"495439","Arizona College of Nursing-Fort Lauderdale","2020","First major","'99'","Grand total","Bachelor's degree","0","0","0","0","0","0","0","0","0","0","0","0","0","0","0","0","0","0","0","0","0","0","0","0","0","0","0","0","0","0","-2"
"495448","Arizona College of Nursing-Tucson","2020","First major","'99'","Grand total","Bachelor's degree","0","0","0","0","0","0","0","0","0","0","0","0","0","0","0","0","0","0","0","0","0","0","0","0","0","0","0","0","0","0","-2"
"495457","Arizona College of Nursing-Phoenix","2020","First major","'99'","Grand total","Bachelor's degree","0","0","0","0","0","0","0","0","0","0","0","0","0","0","0","0","0","0","0","0","0","0","0","0","0","0","0","0","0","0","-2"
"495767","The Pennsylvania State University","2020","First major","'99'","Grand total","Associate's degree","570","280","290","0","0","0","11","4","7","22","9","13","32","14","18","0","0","0","480","241","239","16","9","7","7","1","6","2","2","0","-2"
"495767","The Pennsylvania State University","2020","First major","'99'","Grand total","Bachelor's degree","17461","9045","8416","16","7","9","1115","612","503","874","337","537","1168","517","651","21","9","12","11568","6074","5494","524","247","277","279","143","136","1896","1099","797","-2"
"495767","The Pennsylvania State University","2020","First major","'99'","Grand total","Master's degree","3798","1956","1842","4","3","1","180","87","93","174","82","92","252","130","122","4","3","1","2302","1177","1125","166","89","77","51","31","20","665","354","311","-2"
"495767","The Pennsylvania State University","2020","First major","'99'","Grand total","Doctor's degree - research/scholarship","705","395","310","0","0","0","19","10","9","13","3","10","25","12","13","1","0","1","272","141","131","18","9","9","19","12","7","338","208","130","-2"
"495767","The Pennsylvania State University","2020","First major","'99'","Grand total","Doctor's degree - professional practice","317","156","161","0","0","0","21","13","8","20","9","11","14","5","9","0","0","0","178","87","91","10","6","4","67","30","37","7","6","1","-2"
"495916","Pathways College","2020","First major","'99'","Grand total","Bachelor's degree","0","0","0","0","0","0","0","0","0","0","0","0","0","0","0","0","0","0","0","0","0","0","0","0","0","0","0","0","0","0","-2"
"495952","San Joaquin Valley College-Rancho Mirage","2020","First major","'99'","Grand total","Associate's degree","0","0","0","0","0","0","0","0","0","0","0","0","0","0","0","0","0","0","0","0","0","0","0","0","0","0","0","0","0","0","-2"
"495961","San Joaquin Valley College-Santa Maria","2020","First major","'99'","Grand total","Associate's degree","0","0","0","0","0","0","0","0","0","0","0","0","0","0","0","0","0","0","0","0","0","0","0","0","0","0","0","0","0","0","-2"
"496043","California University of Science and Medicine","2020","First major","'99'","Grand total","Master's degree","47","13","34","0","0","0","17","3","14","5","1","4","6","3","3","0","0","0","15","4","11","4","2","2","0","0","0","0","0","0","-2"
"496043","California University of Science and Medicine","2020","First major","'99'","Grand total","Doctor's degree - professional practice","0","0","0","0","0","0","0","0","0","0","0","0","0","0","0","0","0","0","0","0","0","0","0","0","0","0","0","0","0","0","-2"
"496186","California Institute of Arts & Technology-National City","2020","First major","'99'","Grand total","Associate's degree","29","28","1","0","0","0","9","8","1","9","9","0","1","1","0","0","0","0","5","5","0","3","3","0","2","2","0","0","0","0","-2"
"496265","Triangle Tech-Chambersburg","2020","First major","'99'","Grand total","Associate's degree","0","0","0","0","0","0","0","0","0","0","0","0","0","0","0","0","0","0","0","0","0","0","0","0","0","0","0","0","0","0","-2"
"496283","Provo College-Idaho Falls Campus","2020","First major","'99'","Grand total","Bachelor's degree","0","0","0","0","0","0","0","0","0","0","0","0","0","0","0","0","0","0","0","0","0","0","0","0","0","0","0","0","0","0","-2"
"496326","Eagle Gate College-Boise Campus","2020","First major","'99'","Grand total","Bachelor's degree","0","0","0","0","0","0","0","0","0","0","0","0","0","0","0","0","0","0","0","0","0","0","0","0","0","0","0","0","0","0","-2"
