"unitid","institution name","year","C2020_A.First or Second Major","C2020_A.CIP Code -  2020 Classification","CipTitle","C2020_A.Award Level code","C2020_A.Grand total","C2020_A.Grand total men","C2020_A.Grand total women","C2020_A.American Indian or Alaska Native total","C2020_A.American Indian or Alaska Native men","C2020_A.American Indian or Alaska Native women","C2020_A.Asian total","C2020_A.Asian men","C2020_A.Asian women","C2020_A.Black or African American total","C2020_A.Black or African American men","C2020_A.Black or African American women","C2020_A.Hispanic or Latino total","C2020_A.Hispanic or Latino men","C2020_A.Hispanic or Latino women","C2020_A.Native Hawaiian or Other Pacific Islander total","C2020_A.Native Hawaiian or Other Pacific Islander men","C2020_A.Native Hawaiian or Other Pacific Islander women","C2020_A.White total","C2020_A.White men","C2020_A.White women","C2020_A.Two or more races total","C2020_A.Two or more races men","C2020_A.Two or more races women","C2020_A.Race/ethnicity unknown total","C2020_A.Race/ethnicity unknown men","C2020_A.Race/ethnicity unknown women","C2020_A.Nonresident alien total","C2020_A.Nonresident alien men","C2020_A.Nonresident alien women","IDX_C"
"100654","Alabama A & M University","2020","First major","'14'","Engineering","Bachelor's degree","92","57","35","0","0","0","0","0","0","84","53","31","2","1","1","0","0","0","1","0","1","1","1","0","3","2","1","1","0","1","-2"
"100654","Alabama A & M University","2020","First major","'14'","Engineering","Master's degree","30","16","14","0","0","0","0","0","0","26","13","13","0","0","0","0","0","0","0","0","0","0","0","0","3","2","1","1","1","0","-2"
"100663","University of Alabama at Birmingham","2020","First major","'14'","Engineering","Bachelor's degree","152","110","42","0","0","0","14","8","6","21","14","7","8","6","2","0","0","0","99","76","23","4","1","3","3","3","0","3","2","1","-2"
"100663","University of Alabama at Birmingham","2020","First major","'14'","Engineering","Master's degree","202","146","56","0","0","0","7","4","3","24","15","9","6","4","2","0","0","0","100","77","23","1","1","0","6","1","5","58","44","14","-2"
"100663","University of Alabama at Birmingham","2020","First major","'14'","Engineering","Doctor's degree - research/scholarship","22","17","5","0","0","0","0","0","0","1","0","1","1","1","0","0","0","0","8","6","2","1","0","1","0","0","0","11","10","1","-2"
"100706","University of Alabama in Huntsville","2020","First major","'14'","Engineering","Bachelor's degree","423","327","96","7","7","0","21","13","8","15","12","3","22","18","4","1","1","0","319","249","70","7","4","3","13","10","3","18","13","5","-2"
"100706","University of Alabama in Huntsville","2020","First major","'14'","Engineering","Master's degree","129","107","22","1","1","0","7","5","2","4","3","1","5","4","1","0","0","0","83","72","11","1","1","0","5","4","1","23","17","6","-2"
"100706","University of Alabama in Huntsville","2020","First major","'14'","Engineering","Doctor's degree - research/scholarship","30","20","10","0","0","0","2","1","1","0","0","0","0","0","0","0","0","0","13","11","2","0","0","0","0","0","0","15","8","7","-2"
"100724","Alabama State University","2020","First major","'14'","Engineering","Bachelor's degree","3","1","2","0","0","0","0","0","0","0","0","0","0","0","0","0","0","0","0","0","0","0","0","0","1","1","0","2","0","2","-2"
"100751","The University of Alabama","2020","First major","'14'","Engineering","Bachelor's degree","976","747","229","2","2","0","16","12","4","40","34","6","33","28","5","0","0","0","767","563","204","21","16","5","7","5","2","90","87","3","-2"
"100751","The University of Alabama","2020","First major","'14'","Engineering","Master's degree","109","84","25","0","0","0","1","1","0","1","1","0","6","2","4","0","0","0","78","62","16","4","2","2","1","1","0","18","15","3","-2"
"100751","The University of Alabama","2020","First major","'14'","Engineering","Doctor's degree - research/scholarship","23","18","5","0","0","0","0","0","0","0","0","0","0","0","0","0","0","0","6","3","3","0","0","0","0","0","0","17","15","2","-2"
"100751","The University of Alabama","2020","Second major","'14'","Engineering","Bachelor's degree","4","4","0","0","0","0","0","0","0","0","0","0","0","0","0","0","0","0","4","4","0","0","0","0","0","0","0","0","0","0","-2"
"100858","Auburn University","2020","First major","'14'","Engineering","Bachelor's degree","1122","899","223","5","4","1","39","29","10","43","27","16","27","18","9","1","1","0","916","747","169","20","11","9","5","3","2","66","59","7","-2"
"100858","Auburn University","2020","First major","'14'","Engineering","Master's degree","260","191","69","1","1","0","10","7","3","9","7","2","8","5","3","0","0","0","118","88","30","2","2","0","1","1","0","111","80","31","-2"
"100858","Auburn University","2020","First major","'14'","Engineering","Doctor's degree - research/scholarship","71","60","11","0","0","0","0","0","0","1","1","0","2","2","0","0","0","0","15","13","2","0","0","0","0","0","0","53","44","9","-2"
"100937","Birmingham-Southern College","2020","First major","'14'","Engineering","Bachelor's degree","2","1","1","0","0","0","0","0","0","1","1","0","0","0","0","0","0","0","1","0","1","0","0","0","0","0","0","0","0","0","-2"
"101879","University of North Alabama","2020","First major","'14'","Engineering","Master's degree","0","0","0","0","0","0","0","0","0","0","0","0","0","0","0","0","0","0","0","0","0","0","0","0","0","0","0","0","0","0","-2"
"102049","Samford University","2020","First major","'14'","Engineering","Bachelor's degree","0","0","0","0","0","0","0","0","0","0","0","0","0","0","0","0","0","0","0","0","0","0","0","0","0","0","0","0","0","0","-2"
"102094","University of South Alabama","2020","First major","'14'","Engineering","Bachelor's degree","227","183","44","2","0","2","11","9","2","25","18","7","5","4","1","0","0","0","136","110","26","3","2","1","7","6","1","38","34","4","-2"
"102094","University of South Alabama","2020","First major","'14'","Engineering","Master's degree","12","9","3","0","0","0","1","0","1","1","1","0","1","0","1","0","0","0","6","5","1","0","0","0","0","0","0","3","3","0","-2"
"102094","University of South Alabama","2020","First major","'14'","Engineering","Doctor's degree - research/scholarship","1","1","0","0","0","0","0","0","0","0","0","0","0","0","0","0","0","0","0","0","0","0","0","0","0","0","0","1","1","0","-2"
"102094","University of South Alabama","2020","Second major","'14'","Engineering","Bachelor's degree","3","1","2","0","0","0","1","1","0","0","0","0","0","0","0","0","0","0","2","0","2","0","0","0","0","0","0","0","0","0","-2"
"102234","Spring Hill College","2020","First major","'14'","Engineering","Bachelor's degree","2","2","0","0","0","0","0","0","0","0","0","0","0","0","0","0","0","0","2","2","0","0","0","0","0","0","0","0","0","0","-2"
"102377","Tuskegee University","2020","First major","'14'","Engineering","Bachelor's degree","106","70","36","1","1","0","11","11","0","89","53","36","0","0","0","0","0","0","1","1","0","1","1","0","3","3","0","0","0","0","-2"
"102377","Tuskegee University","2020","First major","'14'","Engineering","Master's degree","2","2","0","0","0","0","0","0","0","1","1","0","0","0","0","0","0","0","0","0","0","0","0","0","1","1","0","0","0","0","-2"
"102553","University of Alaska Anchorage","2020","First major","'14'","Engineering","Bachelor's degree","102","80","22","3","2","1","12","10","2","1","0","1","4","4","0","1","1","0","64","49","15","14","11","3","1","1","0","2","2","0","-2"
"102553","University of Alaska Anchorage","2020","First major","'14'","Engineering","Master's degree","11","7","4","0","0","0","1","1","0","0","0","0","0","0","0","0","0","0","10","6","4","0","0","0","0","0","0","0","0","0","-2"
"102614","University of Alaska Fairbanks","2020","First major","'14'","Engineering","Bachelor's degree","90","78","12","4","4","0","1","0","1","4","4","0","2","2","0","0","0","0","44","40","4","6","6","0","27","20","7","2","2","0","-2"
"102614","University of Alaska Fairbanks","2020","First major","'14'","Engineering","Master's degree","23","17","6","0","0","0","1","1","0","0","0","0","1","1","0","0","0","0","11","8","3","2","2","0","2","1","1","6","4","2","-2"
"102614","University of Alaska Fairbanks","2020","First major","'14'","Engineering","Doctor's degree - research/scholarship","2","2","0","0","0","0","0","0","0","0","0","0","0","0","0","0","0","0","1","1","0","0","0","0","1","1","0","0","0","0","-2"
"104151","Arizona State University Campus Immersion","2020","First major","'14'","Engineering","Bachelor's degree","1604","1290","314","10","6","4","145","101","44","24","17","7","271","208","63","2","1","1","777","629","148","66","46","20","9","7","2","300","275","25","-2"
"104151","Arizona State University Campus Immersion","2020","First major","'14'","Engineering","Master's degree","835","634","201","1","0","1","32","25","7","5","3","2","38","25","13","0","0","0","169","133","36","19","15","4","1","1","0","570","432","138","-2"
"104151","Arizona State University Campus Immersion","2020","First major","'14'","Engineering","Doctor's degree - research/scholarship","142","111","31","2","2","0","4","2","2","2","1","1","10","7","3","0","0","0","33","24","9","2","2","0","2","2","0","87","71","16","-2"
"104151","Arizona State University Campus Immersion","2020","Second major","'14'","Engineering","Bachelor's degree","1","0","1","0","0","0","0","0","0","0","0","0","0","0","0","0","0","0","1","0","1","0","0","0","0","0","0","0","0","0","-2"
"104160","Arizona Western College","2020","First major","'14'","Engineering","Associate's degree","25","18","7","0","0","0","0","0","0","0","0","0","16","11","5","1","1","0","4","3","1","0","0","0","2","2","0","2","1","1","-2"
"104179","University of Arizona","2020","First major","'14'","Engineering","Bachelor's degree","587","451","136","4","4","0","41","34","7","15","15","0","145","104","41","1","1","0","274","200","74","19","12","7","11","10","1","77","71","6","-2"
"104179","University of Arizona","2020","First major","'14'","Engineering","Master's degree","167","129","38","1","1","0","9","6","3","5","4","1","20","17","3","0","0","0","69","58","11","6","5","1","15","10","5","42","28","14","-2"
"104179","University of Arizona","2020","First major","'14'","Engineering","Doctor's degree - research/scholarship","57","41","16","0","0","0","3","1","2","1","1","0","7","5","2","0","0","0","11","10","1","0","0","0","3","1","2","32","23","9","-2"
"104425","Cochise County Community College District","2020","First major","'14'","Engineering","Associate's degree","12","9","3","0","0","0","0","0","0","1","1","0","10","7","3","0","0","0","1","1","0","0","0","0","0","0","0","0","0","0","-2"
"104586","Embry-Riddle Aeronautical University-Prescott","2020","First major","'14'","Engineering","Bachelor's degree","216","171","45","1","0","1","12","11","1","1","1","0","30","19","11","0","0","0","141","113","28","12","11","1","7","6","1","12","10","2","-2"
"104586","Embry-Riddle Aeronautical University-Prescott","2020","Second major","'14'","Engineering","Bachelor's degree","2","2","0","0","0","0","0","0","0","0","0","0","0","0","0","0","0","0","0","0","0","0","0","0","0","0","0","2","2","0","-2"
"104717","Grand Canyon University","2020","First major","'14'","Engineering","Bachelor's degree","102","75","27","0","0","0","1","0","1","6","5","1","15","14","1","0","0","0","59","41","18","5","3","2","6","5","1","10","7","3","-2"
"105154","Mesa Community College","2020","First major","'14'","Engineering","Associate's degree","0","0","0","0","0","0","0","0","0","0","0","0","0","0","0","0","0","0","0","0","0","0","0","0","0","0","0","0","0","0","-2"
"105206","Mohave Community College","2020","First major","'14'","Engineering","Associate's degree","1","1","0","0","0","0","0","0","0","0","0","0","0","0","0","0","0","0","1","1","0","0","0","0","0","0","0","0","0","0","-2"
"105297","Dine College","2020","First major","'14'","Engineering","Associate's degree","2","1","1","2","1","1","0","0","0","0","0","0","0","0","0","0","0","0","0","0","0","0","0","0","0","0","0","0","0","0","-2"
"105330","Northern Arizona University","2020","First major","'14'","Engineering","Bachelor's degree","339","285","54","7","6","1","7","3","4","2","1","1","36","28","8","0","0","0","147","115","32","12","9","3","41","38","3","87","85","2","-2"
"105330","Northern Arizona University","2020","First major","'14'","Engineering","Master's degree","40","34","6","0","0","0","4","4","0","0","0","0","4","3","1","0","0","0","11","8","3","3","2","1","0","0","0","18","17","1","-2"
"105330","Northern Arizona University","2020","First major","'14'","Engineering","Doctor's degree - research/scholarship","3","2","1","0","0","0","0","0","0","0","0","0","0","0","0","0","0","0","2","1","1","1","1","0","0","0","0","0","0","0","-2"
"105330","Northern Arizona University","2020","Second major","'14'","Engineering","Bachelor's degree","2","0","2","0","0","0","0","0","0","0","0","0","0","0","0","0","0","0","2","0","2","0","0","0","0","0","0","0","0","0","-2"
"105349","Northland Pioneer College","2020","First major","'14'","Engineering","Associate's degree","2","1","1","2","1","1","0","0","0","0","0","0","0","0","0","0","0","0","0","0","0","0","0","0","0","0","0","0","0","0","-2"
"105525","Pima Community College","2020","First major","'14'","Engineering","Associate's degree","1","1","0","0","0","0","0","0","0","0","0","0","0","0","0","0","0","0","1","1","0","0","0","0","0","0","0","0","0","0","-2"
"106148","Yavapai College","2020","First major","'14'","Engineering","Associate's degree","1","0","1","0","0","0","1","0","1","0","0","0","0","0","0","0","0","0","0","0","0","0","0","0","0","0","0","0","0","0","-2"
"106245","University of Arkansas at Little Rock","2020","First major","'14'","Engineering","Bachelor's degree","25","21","4","0","0","0","0","0","0","4","3","1","1","1","0","0","0","0","15","13","2","2","2","0","0","0","0","3","2","1","-2"
"106245","University of Arkansas at Little Rock","2020","First major","'14'","Engineering","Master's degree","8","7","1","0","0","0","0","0","0","0","0","0","0","0","0","0","0","0","2","2","0","0","0","0","1","1","0","5","4","1","-2"
"106245","University of Arkansas at Little Rock","2020","First major","'14'","Engineering","Doctor's degree - research/scholarship","8","5","3","0","0","0","0","0","0","0","0","0","0","0","0","0","0","0","0","0","0","0","0","0","0","0","0","8","5","3","-2"
"106397","University of Arkansas","2020","First major","'14'","Engineering","Bachelor's degree","569","407","162","2","2","0","30","21","9","22","14","8","46","30","16","0","0","0","384","290","94","12","8","4","3","2","1","70","40","30","-2"
"106397","University of Arkansas","2020","First major","'14'","Engineering","Master's degree","117","105","12","0","0","0","5","5","0","6","6","0","9","8","1","0","0","0","75","66","9","0","0","0","2","2","0","20","18","2","-2"
"106397","University of Arkansas","2020","First major","'14'","Engineering","Doctor's degree - research/scholarship","40","31","9","1","0","1","0","0","0","0","0","0","0","0","0","0","0","0","8","7","1","1","1","0","0","0","0","30","23","7","-2"
"106458","Arkansas State University","2020","First major","'14'","Engineering","Bachelor's degree","40","35","5","0","0","0","1","1","0","0","0","0","2","2","0","0","0","0","23","20","3","2","1","1","0","0","0","12","11","1","-2"
"106458","Arkansas State University","2020","First major","'14'","Engineering","Master's degree","5","5","0","0","0","0","0","0","0","0","0","0","0","0","0","0","0","0","1","1","0","0","0","0","0","0","0","4","4","0","-2"
"106467","Arkansas Tech University","2020","First major","'14'","Engineering","Bachelor's degree","112","102","10","0","0","0","3","2","1","1","1","0","9","7","2","0","0","0","63","56","7","4","4","0","0","0","0","32","32","0","-2"
"106467","Arkansas Tech University","2020","First major","'14'","Engineering","Master's degree","4","4","0","0","0","0","0","0","0","0","0","0","0","0","0","0","0","0","0","0","0","0","0","0","0","0","0","4","4","0","-2"
"106704","University of Central Arkansas","2020","First major","'14'","Engineering","Bachelor's degree","2","2","0","0","0","0","0","0","0","0","0","0","0","0","0","0","0","0","2","2","0","0","0","0","0","0","0","0","0","0","-2"
"106980","National Park College","2020","First major","'14'","Engineering","Associate's degree","1","1","0","0","0","0","0","0","0","0","0","0","0","0","0","0","0","0","1","1","0","0","0","0","0","0","0","0","0","0","-2"
"106999","University of Arkansas Community College-Batesville","2020","First major","'14'","Engineering","Associate's degree","3","3","0","0","0","0","1","1","0","0","0","0","0","0","0","0","0","0","2","2","0","0","0","0","0","0","0","0","0","0","-2"
"107044","Harding University","2020","First major","'14'","Engineering","Bachelor's degree","45","36","9","0","0","0","0","0","0","0","0","0","1","0","1","0","0","0","38","31","7","2","2","0","0","0","0","4","3","1","-2"
"107044","Harding University","2020","Second major","'14'","Engineering","Bachelor's degree","1","1","0","0","0","0","0","0","0","0","0","0","0","0","0","0","0","0","1","1","0","0","0","0","0","0","0","0","0","0","-2"
"107071","Henderson State University","2020","First major","'14'","Engineering","Bachelor's degree","4","4","0","0","0","0","0","0","0","0","0","0","0","0","0","0","0","0","4","4","0","0","0","0","0","0","0","0","0","0","-2"
"107141","John Brown University","2020","First major","'14'","Engineering","Bachelor's degree","26","22","4","0","0","0","1","1","0","0","0","0","2","2","0","0","0","0","17","14","3","0","0","0","1","1","0","5","4","1","-2"
"107460","North Arkansas College","2020","First major","'14'","Engineering","Associate's degree","0","0","0","0","0","0","0","0","0","0","0","0","0","0","0","0","0","0","0","0","0","0","0","0","0","0","0","0","0","0","-2"
"107512","Ouachita Baptist University","2020","First major","'14'","Engineering","Bachelor's degree","2","2","0","0","0","0","0","0","0","1","1","0","0","0","0","0","0","0","1","1","0","0","0","0","0","0","0","0","0","0","-2"
"107983","Southern Arkansas University Main Campus","2020","First major","'14'","Engineering","Bachelor's degree","17","15","2","0","0","0","1","0","1","0","0","0","0","0","0","0","0","0","15","14","1","0","0","0","0","0","0","1","1","0","-2"
"108092","University of Arkansas-Fort Smith","2020","First major","'14'","Engineering","Associate's degree","25","22","3","0","0","0","0","0","0","0","0","0","5","5","0","0","0","0","18","17","1","2","0","2","0","0","0","0","0","0","-2"
"108807","Allan Hancock College","2020","First major","'14'","Engineering","Associate's degree","11","10","1","0","0","0","0","0","0","0","0","0","4","4","0","0","0","0","6","5","1","1","1","0","0","0","0","0","0","0","-2"
"109208","American River College","2020","First major","'14'","Engineering","Associate's degree","26","25","1","0","0","0","3","3","0","0","0","0","5","5","0","0","0","0","12","11","1","5","5","0","1","1","0","0","0","0","-2"
"109350","Antelope Valley College","2020","First major","'14'","Engineering","Associate's degree","15","13","2","0","0","0","2","2","0","0","0","0","9","8","1","0","0","0","2","2","0","2","1","1","0","0","0","0","0","0","-2"
"109785","Azusa Pacific University","2020","First major","'14'","Engineering","Bachelor's degree","8","6","2","0","0","0","0","0","0","0","0","0","1","1","0","0","0","0","6","5","1","1","0","1","0","0","0","0","0","0","-2"
"109819","Bakersfield College","2020","First major","'14'","Engineering","Associate's degree","14","11","3","0","0","0","1","0","1","0","0","0","7","6","1","0","0","0","4","4","0","1","1","0","0","0","0","1","0","1","-2"
"110097","Biola University","2020","First major","'14'","Engineering","Bachelor's degree","9","7","2","0","0","0","0","0","0","0","0","0","1","1","0","0","0","0","7","6","1","1","0","1","0","0","0","0","0","0","-2"
"110246","Butte College","2020","First major","'14'","Engineering","Associate's degree","4","2","2","0","0","0","0","0","0","0","0","0","2","1","1","0","0","0","2","1","1","0","0","0","0","0","0","0","0","0","-2"
"110334","Cabrillo College","2020","First major","'14'","Engineering","Associate's degree","17","13","4","0","0","0","0","0","0","0","0","0","8","5","3","0","0","0","9","8","1","0","0","0","0","0","0","0","0","0","-2"
"110361","California Baptist University","2020","First major","'14'","Engineering","Bachelor's degree","106","87","19","0","0","0","8","6","2","1","1","0","33","27","6","4","1","3","48","40","8","5","5","0","4","4","0","3","3","0","-2"
"110361","California Baptist University","2020","First major","'14'","Engineering","Master's degree","12","9","3","0","0","0","0","0","0","0","0","0","1","1","0","0","0","0","3","2","1","0","0","0","0","0","0","8","6","2","-2"
"110404","California Institute of Technology","2020","First major","'14'","Engineering","Bachelor's degree","53","33","20","0","0","0","15","9","6","0","0","0","7","6","1","0","0","0","16","11","5","7","3","4","0","0","0","8","4","4","-2"
"110404","California Institute of Technology","2020","First major","'14'","Engineering","Master's degree","75","53","22","0","0","0","11","8","3","0","0","0","1","1","0","0","0","0","20","16","4","2","2","0","0","0","0","41","26","15","-2"
"110404","California Institute of Technology","2020","First major","'14'","Engineering","Doctor's degree - research/scholarship","68","54","14","0","0","0","5","4","1","0","0","0","1","1","0","0","0","0","25","20","5","0","0","0","1","1","0","36","28","8","-2"
"110422","California Polytechnic State University-San Luis Obispo","2020","First major","'14'","Engineering","Bachelor's degree","1254","898","356","0","0","0","193","120","73","9","6","3","181","136","45","0","0","0","696","510","186","80","52","28","58","45","13","37","29","8","-2"
"110422","California Polytechnic State University-San Luis Obispo","2020","First major","'14'","Engineering","Master's degree","158","114","44","0","0","0","23","14","9","0","0","0","12","10","2","0","0","0","100","73","27","10","7","3","7","6","1","6","4","2","-2"
"110422","California Polytechnic State University-San Luis Obispo","2020","Second major","'14'","Engineering","Master's degree","3","3","0","0","0","0","0","0","0","0","0","0","0","0","0","0","0","0","1","1","0","1","1","0","1","1","0","0","0","0","-2"
"110486","California State University-Bakersfield","2020","First major","'14'","Engineering","Bachelor's degree","73","60","13","0","0","0","8","6","2","2","2","0","36","27","9","0","0","0","15","14","1","2","2","0","8","7","1","2","2","0","-2"
"110510","California State University-San Bernardino","2020","First major","'14'","Engineering","Bachelor's degree","56","52","4","0","0","0","7","6","1","3","3","0","28","25","3","0","0","0","11","11","0","5","5","0","1","1","0","1","1","0","-2"
"110510","California State University-San Bernardino","2020","Second major","'14'","Engineering","Bachelor's degree","1","1","0","0","0","0","0","0","0","0","0","0","1","1","0","0","0","0","0","0","0","0","0","0","0","0","0","0","0","0","-2"
"110529","California State Polytechnic University-Pomona","2020","First major","'14'","Engineering","Bachelor's degree","958","722","236","2","2","0","232","179","53","24","13","11","332","244","88","2","1","1","235","182","53","46","37","9","19","13","6","66","51","15","-2"
"110529","California State Polytechnic University-Pomona","2020","First major","'14'","Engineering","Master's degree","70","52","18","0","0","0","16","12","4","1","1","0","15","11","4","0","0","0","16","15","1","4","4","0","3","1","2","15","8","7","-2"
"110529","California State Polytechnic University-Pomona","2020","Second major","'14'","Engineering","Bachelor's degree","14","11","3","0","0","0","3","3","0","0","0","0","5","4","1","0","0","0","4","3","1","1","0","1","0","0","0","1","1","0","-2"
"110538","California State University-Chico","2020","First major","'14'","Engineering","Bachelor's degree","224","181","43","1","1","0","6","4","2","1","1","0","71","54","17","2","2","0","95","77","18","6","6","0","16","14","2","26","22","4","-2"
"110538","California State University-Chico","2020","First major","'14'","Engineering","Master's degree","3","3","0","0","0","0","0","0","0","0","0","0","0","0","0","0","0","0","0","0","0","0","0","0","0","0","0","3","3","0","-2"
"110538","California State University-Chico","2020","Second major","'14'","Engineering","Bachelor's degree","3","3","0","0","0","0","0","0","0","0","0","0","1","1","0","0","0","0","2","2","0","0","0","0","0","0","0","0","0","0","-2"
"110556","California State University-Fresno","2020","First major","'14'","Engineering","Bachelor's degree","234","198","36","1","1","0","21","17","4","3","2","1","86","71","15","1","1","0","64","53","11","4","3","1","12","11","1","42","39","3","-2"
"110556","California State University-Fresno","2020","First major","'14'","Engineering","Master's degree","42","35","7","0","0","0","4","2","2","1","1","0","5","5","0","0","0","0","5","4","1","0","0","0","0","0","0","27","23","4","-2"
"110565","California State University-Fullerton","2020","First major","'14'","Engineering","Bachelor's degree","462","394","68","0","0","0","95","78","17","3","3","0","160","131","29","0","0","0","78","71","7","15","10","5","21","19","2","90","82","8","-2"
"110565","California State University-Fullerton","2020","First major","'14'","Engineering","Master's degree","261","182","79","0","0","0","50","35","15","5","5","0","30","24","6","1","1","0","40","26","14","8","5","3","12","7","5","115","79","36","-2"
"110565","California State University-Fullerton","2020","Second major","'14'","Engineering","Bachelor's degree","1","1","0","0","0","0","0","0","0","0","0","0","1","1","0","0","0","0","0","0","0","0","0","0","0","0","0","0","0","0","-2"
"110574","California State University-East Bay","2020","First major","'14'","Engineering","Bachelor's degree","35","29","6","0","0","0","7","7","0","1","1","0","6","5","1","0","0","0","4","2","2","2","2","0","3","2","1","12","10","2","-2"
"110583","California State University-Long Beach","2020","First major","'14'","Engineering","Bachelor's degree","749","597","152","2","0","2","178","147","31","24","18","6","277","221","56","0","0","0","129","107","22","28","18","10","26","22","4","85","64","21","-2"
"110583","California State University-Long Beach","2020","First major","'14'","Engineering","Master's degree","111","83","28","0","0","0","13","11","2","1","0","1","29","24","5","0","0","0","17","13","4","0","0","0","6","5","1","45","30","15","-2"
"110583","California State University-Long Beach","2020","Second major","'14'","Engineering","Bachelor's degree","10","8","2","0","0","0","6","5","1","0","0","0","0","0","0","0","0","0","1","0","1","0","0","0","1","1","0","2","2","0","-2"
"110592","California State University-Los Angeles","2020","First major","'14'","Engineering","Bachelor's degree","313","272","41","0","0","0","49","38","11","8","7","1","182","161","21","0","0","0","21","21","0","6","5","1","7","6","1","40","34","6","-2"
"110592","California State University-Los Angeles","2020","First major","'14'","Engineering","Master's degree","60","51","9","0","0","0","11","8","3","2","2","0","22","21","1","0","0","0","5","5","0","0","0","0","4","2","2","16","13","3","-2"
"110608","California State University-Northridge","2020","First major","'14'","Engineering","Bachelor's degree","506","423","83","0","0","0","69","51","18","5","5","0","164","139","25","0","0","0","86","75","11","23","20","3","27","26","1","132","107","25","-2"
"110608","California State University-Northridge","2020","First major","'14'","Engineering","Master's degree","81","60","21","0","0","0","6","4","2","1","1","0","21","13","8","1","1","0","24","20","4","1","1","0","5","5","0","22","15","7","-2"
"110608","California State University-Northridge","2020","Second major","'14'","Engineering","Bachelor's degree","1","1","0","0","0","0","0","0","0","0","0","0","0","0","0","0","0","0","1","1","0","0","0","0","0","0","0","0","0","0","-2"
"110617","California State University-Sacramento","2020","First major","'14'","Engineering","Bachelor's degree","514","429","85","0","0","0","116","91","25","14","12","2","131","107","24","9","8","1","166","141","25","32","27","5","28","27","1","18","16","2","-2"
"110617","California State University-Sacramento","2020","First major","'14'","Engineering","Master's degree","61","44","17","0","0","0","10","8","2","3","2","1","6","5","1","0","0","0","13","11","2","0","0","0","6","5","1","23","13","10","-2"
"110617","California State University-Sacramento","2020","Second major","'14'","Engineering","Bachelor's degree","2","1","1","0","0","0","0","0","0","0","0","0","1","0","1","0","0","0","0","0","0","1","1","0","0","0","0","0","0","0","-2"
"110635","University of California-Berkeley","2020","First major","'14'","Engineering","Bachelor's degree","992","708","284","0","0","0","472","340","132","1","0","1","71","50","21","0","0","0","214","152","62","45","30","15","39","27","12","150","109","41","-2"
"110635","University of California-Berkeley","2020","First major","'14'","Engineering","Master's degree","842","543","299","1","1","0","144","97","47","10","5","5","33","23","10","1","1","0","135","90","45","16","12","4","14","10","4","488","304","184","-2"
"110635","University of California-Berkeley","2020","First major","'14'","Engineering","Doctor's degree - research/scholarship","179","124","55","0","0","0","19","13","6","2","1","1","8","5","3","0","0","0","52","34","18","7","2","5","18","13","5","73","56","17","-2"
"110635","University of California-Berkeley","2020","Second major","'14'","Engineering","Bachelor's degree","19","15","4","0","0","0","10","9","1","0","0","0","0","0","0","0","0","0","5","4","1","1","1","0","0","0","0","3","1","2","-2"
"110644","University of California-Davis","2020","First major","'14'","Engineering","Bachelor's degree","840","570","270","0","0","0","241","144","97","17","15","2","130","91","39","5","2","3","242","162","80","46","34","12","12","9","3","147","113","34","-2"
"110644","University of California-Davis","2020","First major","'14'","Engineering","Master's degree","186","126","60","0","0","0","26","15","11","0","0","0","17","12","5","0","0","0","68","47","21","5","4","1","1","0","1","69","48","21","-2"
"110644","University of California-Davis","2020","First major","'14'","Engineering","Doctor's degree - research/scholarship","90","68","22","0","0","0","9","6","3","0","0","0","6","5","1","1","1","0","32","24","8","4","3","1","4","3","1","34","26","8","-2"
"110644","University of California-Davis","2020","Second major","'14'","Engineering","Bachelor's degree","93","61","32","0","0","0","15","11","4","0","0","0","14","11","3","0","0","0","44","25","19","3","3","0","1","1","0","16","10","6","-2"
"110653","University of California-Irvine","2020","First major","'14'","Engineering","Bachelor's degree","1028","790","238","1","1","0","386","296","90","11","9","2","224","165","59","1","1","0","204","157","47","39","29","10","18","14","4","144","118","26","-2"
"110653","University of California-Irvine","2020","First major","'14'","Engineering","Master's degree","257","163","94","0","0","0","35","25","10","3","1","2","12","5","7","0","0","0","27","18","9","5","3","2","12","9","3","163","102","61","-2"
"110653","University of California-Irvine","2020","First major","'14'","Engineering","Doctor's degree - research/scholarship","90","64","26","0","0","0","5","3","2","0","0","0","4","3","1","0","0","0","14","9","5","1","1","0","12","8","4","54","40","14","-2"
"110653","University of California-Irvine","2020","Second major","'14'","Engineering","Bachelor's degree","27","24","3","0","0","0","6","4","2","0","0","0","6","6","0","0","0","0","11","10","1","0","0","0","0","0","0","4","4","0","-2"
"110662","University of California-Los Angeles","2020","First major","'14'","Engineering","Bachelor's degree","669","492","177","1","1","0","258","192","66","12","8","4","69","50","19","4","4","0","196","138","58","34","26","8","18","15","3","77","58","19","-2"
"110662","University of California-Los Angeles","2020","First major","'14'","Engineering","Master's degree","448","327","121","0","0","0","86","74","12","6","5","1","37","27","10","1","0","1","109","81","28","14","13","1","8","6","2","187","121","66","-2"
"110662","University of California-Los Angeles","2020","First major","'14'","Engineering","Doctor's degree - research/scholarship","143","117","26","0","0","0","22","18","4","0","0","0","4","4","0","0","0","0","26","20","6","3","3","0","1","1","0","87","71","16","-2"
"110671","University of California-Riverside","2020","First major","'14'","Engineering","Bachelor's degree","455","340","115","0","0","0","159","119","40","11","8","3","156","116","40","4","4","0","79","63","16","23","18","5","5","3","2","18","9","9","-2"
"110671","University of California-Riverside","2020","First major","'14'","Engineering","Master's degree","130","99","31","2","0","2","18","15","3","4","3","1","24","18","6","0","0","0","28","22","6","5","4","1","7","2","5","42","35","7","-2"
"110671","University of California-Riverside","2020","First major","'14'","Engineering","Doctor's degree - research/scholarship","47","38","9","0","0","0","2","1","1","2","1","1","1","0","1","0","0","0","8","7","1","1","1","0","4","4","0","29","24","5","-2"
"110680","University of California-San Diego","2020","First major","'14'","Engineering","Bachelor's degree","945","688","257","0","0","0","329","238","91","12","9","3","145","100","45","3","3","0","182","138","44","48","33","15","17","9","8","209","158","51","-2"
"110680","University of California-San Diego","2020","First major","'14'","Engineering","Master's degree","686","513","173","1","1","0","77","60","17","6","5","1","31","22","9","0","0","0","99","70","29","13","7","6","15","10","5","444","338","106","-2"
"110680","University of California-San Diego","2020","First major","'14'","Engineering","Doctor's degree - research/scholarship","164","124","40","0","0","0","23","18","5","1","1","0","8","5","3","0","0","0","29","22","7","3","3","0","9","7","2","91","68","23","-2"
"110680","University of California-San Diego","2020","Second major","'14'","Engineering","Bachelor's degree","3","2","1","0","0","0","0","0","0","0","0","0","0","0","0","0","0","0","2","1","1","0","0","0","0","0","0","1","1","0","-2"
"110699","University of California-San Francisco","2020","First major","'14'","Engineering","Master's degree","15","8","7","0","0","0","4","0","4","2","1","1","0","0","0","0","0","0","2","2","0","0","0","0","3","3","0","4","2","2","-2"
"110699","University of California-San Francisco","2020","First major","'14'","Engineering","Doctor's degree - research/scholarship","13","8","5","0","0","0","3","1","2","1","1","0","0","0","0","0","0","0","4","1","3","1","1","0","1","1","0","3","3","0","-2"
"110705","University of California-Santa Barbara","2020","First major","'14'","Engineering","Bachelor's degree","249","202","47","0","0","0","57","47","10","0","0","0","48","39","9","1","1","0","74","58","16","14","12","2","2","1","1","53","44","9","-2"
"110705","University of California-Santa Barbara","2020","First major","'14'","Engineering","Master's degree","87","70","17","0","0","0","17","14","3","0","0","0","9","9","0","0","0","0","17","14","3","2","2","0","2","2","0","40","29","11","-2"
"110705","University of California-Santa Barbara","2020","First major","'14'","Engineering","Doctor's degree - research/scholarship","49","42","7","1","1","0","6","5","1","0","0","0","0","0","0","0","0","0","13","10","3","0","0","0","1","1","0","28","25","3","-2"
"110714","University of California-Santa Cruz","2020","First major","'14'","Engineering","Bachelor's degree","212","174","38","0","0","0","52","41","11","2","1","1","55","45","10","1","1","0","66","58","8","23","19","4","4","3","1","9","6","3","-2"
"110714","University of California-Santa Cruz","2020","First major","'14'","Engineering","Master's degree","50","38","12","0","0","0","5","5","0","0","0","0","8","7","1","0","0","0","8","5","3","0","0","0","2","2","0","27","19","8","-2"
"110714","University of California-Santa Cruz","2020","First major","'14'","Engineering","Doctor's degree - research/scholarship","15","10","5","0","0","0","3","2","1","0","0","0","1","1","0","0","0","0","3","1","2","0","0","0","0","0","0","8","6","2","-2"
"110714","University of California-Santa Cruz","2020","Second major","'14'","Engineering","Bachelor's degree","3","1","2","0","0","0","3","1","2","0","0","0","0","0","0","0","0","0","0","0","0","0","0","0","0","0","0","0","0","0","-2"
"111188","California State University Maritime Academy","2020","First major","'14'","Engineering","Bachelor's degree","44","39","5","0","0","0","4","3","1","0","0","0","5","4","1","0","0","0","22","19","3","7","7","0","6","6","0","0","0","0","-2"
"111188","California State University Maritime Academy","2020","First major","'14'","Engineering","Master's degree","0","0","0","0","0","0","0","0","0","0","0","0","0","0","0","0","0","0","0","0","0","0","0","0","0","0","0","0","0","0","-2"
"111434","Canada College","2020","First major","'14'","Engineering","Associate's degree","12","8","4","0","0","0","0","0","0","1","1","0","9","5","4","0","0","0","0","0","0","0","0","0","0","0","0","2","2","0","-2"
"111461","College of the Canyons","2020","First major","'14'","Engineering","Associate's degree","15","15","0","0","0","0","2","2","0","0","0","0","6","6","0","0","0","0","7","7","0","0","0","0","0","0","0","0","0","0","-2"
"111887","Cerritos College","2020","First major","'14'","Engineering","Associate's degree","13","10","3","0","0","0","1","1","0","0","0","0","11","8","3","0","0","0","1","1","0","0","0","0","0","0","0","0","0","0","-2"
"111896","Cerro Coso Community College","2020","First major","'14'","Engineering","Associate's degree","2","2","0","0","0","0","0","0","0","0","0","0","0","0","0","0","0","0","2","2","0","0","0","0","0","0","0","0","0","0","-2"
"111920","Chabot College","2020","First major","'14'","Engineering","Associate's degree","7","6","1","0","0","0","3","3","0","1","1","0","1","0","1","0","0","0","2","2","0","0","0","0","0","0","0","0","0","0","-2"
"111939","Chaffey College","2020","First major","'14'","Engineering","Associate's degree","7","5","2","0","0","0","0","0","0","0","0","0","4","2","2","0","0","0","3","3","0","0","0","0","0","0","0","0","0","0","-2"
"111948","Chapman University","2020","First major","'14'","Engineering","Bachelor's degree","8","8","0","0","0","0","1","1","0","0","0","0","2","2","0","0","0","0","3","3","0","0","0","0","2","2","0","0","0","0","-2"
"112172","Citrus College","2020","First major","'14'","Engineering","Associate's degree","7","6","1","0","0","0","1","1","0","0","0","0","2","1","1","0","0","0","3","3","0","0","0","0","1","1","0","0","0","0","-2"
"112190","City College of San Francisco","2020","First major","'14'","Engineering","Associate's degree","7","6","1","0","0","0","1","1","0","1","1","0","4","3","1","0","0","0","1","1","0","0","0","0","0","0","0","0","0","0","-2"
"112260","Claremont McKenna College","2020","First major","'14'","Engineering","Bachelor's degree","13","6","7","0","0","0","1","1","0","0","0","0","1","1","0","0","0","0","3","1","2","0","0","0","2","0","2","6","3","3","-2"
"112561","Columbia College","2020","First major","'14'","Engineering","Associate's degree","2","1","1","0","0","0","0","0","0","0","0","0","0","0","0","0","0","0","2","1","1","0","0","0","0","0","0","0","0","0","-2"
"112826","Contra Costa College","2020","First major","'14'","Engineering","Associate's degree","2","1","1","0","0","0","0","0","0","0","0","0","2","1","1","0","0","0","0","0","0","0","0","0","0","0","0","0","0","0","-2"
"113096","Cosumnes River College","2020","First major","'14'","Engineering","Associate's degree","8","8","0","0","0","0","6","6","0","0","0","0","1","1","0","0","0","0","0","0","0","1","1","0","0","0","0","0","0","0","-2"
"113193","Cuesta College","2020","First major","'14'","Engineering","Associate's degree","8","5","3","0","0","0","0","0","0","0","0","0","2","0","2","0","0","0","6","5","1","0","0","0","0","0","0","0","0","0","-2"
"113218","Cuyamaca College","2020","First major","'14'","Engineering","Associate's degree","1","1","0","0","0","0","0","0","0","0","0","0","0","0","0","0","0","0","1","1","0","0","0","0","0","0","0","0","0","0","-2"
"113236","Cypress College","2020","First major","'14'","Engineering","Associate's degree","0","0","0","0","0","0","0","0","0","0","0","0","0","0","0","0","0","0","0","0","0","0","0","0","0","0","0","0","0","0","-2"
"113634","Diablo Valley College","2020","First major","'14'","Engineering","Associate's degree","15","13","2","0","0","0","2","1","1","0","0","0","4","4","0","0","0","0","6","6","0","2","2","0","0","0","0","1","0","1","-2"
"113980","El Camino Community College District","2020","First major","'14'","Engineering","Associate's degree","28","21","7","0","0","0","7","7","0","0","0","0","13","8","5","0","0","0","3","2","1","4","3","1","1","1","0","0","0","0","-2"
"114266","Evergreen Valley College","2020","First major","'14'","Engineering","Associate's degree","0","0","0","0","0","0","0","0","0","0","0","0","0","0","0","0","0","0","0","0","0","0","0","0","0","0","0","0","0","0","-2"
"114716","Foothill College","2020","First major","'14'","Engineering","Associate's degree","8","5","3","0","0","0","4","2","2","0","0","0","0","0","0","0","0","0","2","1","1","0","0","0","0","0","0","2","2","0","-2"
"114789","Fresno City College","2020","First major","'14'","Engineering","Associate's degree","13","11","2","0","0","0","2","2","0","1","1","0","1","1","0","0","0","0","9","7","2","0","0","0","0","0","0","0","0","0","-2"
"114859","Fullerton College","2020","First major","'14'","Engineering","Associate's degree","12","10","2","0","0","0","3","1","2","0","0","0","2","2","0","0","0","0","4","4","0","0","0","0","2","2","0","1","1","0","-2"
"114938","Gavilan College","2020","First major","'14'","Engineering","Associate's degree","1","0","1","0","0","0","0","0","0","0","0","0","1","0","1","0","0","0","0","0","0","0","0","0","0","0","0","0","0","0","-2"
"115001","Glendale Community College","2020","First major","'14'","Engineering","Associate's degree","2","2","0","0","0","0","0","0","0","0","0","0","2","2","0","0","0","0","0","0","0","0","0","0","0","0","0","0","0","0","-2"
"115393","Hartnell College","2020","First major","'14'","Engineering","Associate's degree","14","14","0","0","0","0","0","0","0","0","0","0","11","11","0","0","0","0","2","2","0","0","0","0","1","1","0","0","0","0","-2"
"115409","Harvey Mudd College","2020","First major","'14'","Engineering","Bachelor's degree","68","43","25","0","0","0","10","6","4","2","2","0","15","11","4","1","1","0","27","15","12","4","2","2","5","3","2","4","3","1","-2"
"115755","Humboldt State University","2020","First major","'14'","Engineering","Bachelor's degree","68","45","23","0","0","0","2","2","0","1","1","0","16","8","8","0","0","0","34","23","11","6","5","1","9","6","3","0","0","0","-2"
"115861","Imperial Valley College","2020","First major","'14'","Engineering","Associate's degree","5","4","1","0","0","0","0","0","0","0","0","0","5","4","1","0","0","0","0","0","0","0","0","0","0","0","0","0","0","0","-2"
"117052","Reedley College","2020","First major","'14'","Engineering","Associate's degree","14","9","5","0","0","0","0","0","0","0","0","0","10","7","3","0","0","0","4","2","2","0","0","0","0","0","0","0","0","0","-2"
"117645","Long Beach City College","2020","First major","'14'","Engineering","Associate's degree","6","6","0","0","0","0","0","0","0","0","0","0","2","2","0","0","0","0","2","2","0","2","2","0","0","0","0","0","0","0","-2"
"117690","Los Angeles Harbor College","2020","First major","'14'","Engineering","Associate's degree","0","0","0","0","0","0","0","0","0","0","0","0","0","0","0","0","0","0","0","0","0","0","0","0","0","0","0","0","0","0","-2"
"117706","Los Angeles Pierce College","2020","First major","'14'","Engineering","Associate's degree","7","5","2","0","0","0","0","0","0","2","2","0","3","2","1","0","0","0","1","1","0","1","0","1","0","0","0","0","0","0","-2"
"117724","Los Angeles Trade Technical College","2020","First major","'14'","Engineering","Associate's degree","0","0","0","0","0","0","0","0","0","0","0","0","0","0","0","0","0","0","0","0","0","0","0","0","0","0","0","0","0","0","-2"
"117733","Los Angeles Valley College","2020","First major","'14'","Engineering","Associate's degree","0","0","0","0","0","0","0","0","0","0","0","0","0","0","0","0","0","0","0","0","0","0","0","0","0","0","0","0","0","0","-2"
"117751","The Master's University and Seminary","2020","First major","'14'","Engineering","Bachelor's degree","0","0","0","0","0","0","0","0","0","0","0","0","0","0","0","0","0","0","0","0","0","0","0","0","0","0","0","0","0","0","-2"
"117788","Los Angeles City College","2020","First major","'14'","Engineering","Associate's degree","0","0","0","0","0","0","0","0","0","0","0","0","0","0","0","0","0","0","0","0","0","0","0","0","0","0","0","0","0","0","-2"
"117867","Los Angeles Mission College","2020","First major","'14'","Engineering","Associate's degree","6","6","0","1","1","0","0","0","0","0","0","0","5","5","0","0","0","0","0","0","0","0","0","0","0","0","0","0","0","0","-2"
"117894","Los Medanos College","2020","First major","'14'","Engineering","Associate's degree","7","7","0","0","0","0","3","3","0","0","0","0","2","2","0","0","0","0","2","2","0","0","0","0","0","0","0","0","0","0","-2"
"117946","Loyola Marymount University","2020","First major","'14'","Engineering","Bachelor's degree","79","60","19","0","0","0","13","11","2","2","1","1","22","17","5","1","0","1","27","20","7","3","3","0","0","0","0","11","8","3","-2"
"117946","Loyola Marymount University","2020","First major","'14'","Engineering","Master's degree","48","34","14","0","0","0","6","5","1","4","2","2","10","7","3","0","0","0","8","7","1","4","2","2","2","1","1","14","10","4","-2"
"118347","College of Marin","2020","First major","'14'","Engineering","Associate's degree","0","0","0","0","0","0","0","0","0","0","0","0","0","0","0","0","0","0","0","0","0","0","0","0","0","0","0","0","0","0","-2"
"118718","Merced College","2020","First major","'14'","Engineering","Associate's degree","3","3","0","0","0","0","1","1","0","0","0","0","2","2","0","0","0","0","0","0","0","0","0","0","0","0","0","0","0","0","-2"
"118930","Mission College","2020","First major","'14'","Engineering","Associate's degree","16","13","3","0","0","0","6","5","1","0","0","0","3","3","0","0","0","0","2","2","0","0","0","0","1","1","0","4","2","2","-2"
"119067","Monterey Peninsula College","2020","First major","'14'","Engineering","Associate's degree","7","5","2","0","0","0","0","0","0","0","0","0","6","4","2","0","0","0","1","1","0","0","0","0","0","0","0","0","0","0","-2"
"119137","Moorpark College","2020","First major","'14'","Engineering","Associate's degree","12","9","3","0","0","0","3","3","0","0","0","0","3","3","0","0","0","0","4","2","2","2","1","1","0","0","0","0","0","0","-2"
"119164","Mt San Antonio College","2020","First major","'14'","Engineering","Associate's degree","0","0","0","0","0","0","0","0","0","0","0","0","0","0","0","0","0","0","0","0","0","0","0","0","0","0","0","0","0","0","-2"
"119605","National University","2020","First major","'14'","Engineering","Bachelor's degree","42","37","5","1","1","0","4","4","0","5","5","0","9","8","1","0","0","0","14","12","2","4","2","2","3","3","0","2","2","0","-2"
"119678","Naval Postgraduate School","2020","First major","'14'","Engineering","Master's degree","550","450","100","1","1","0","45","41","4","25","17","8","40","34","6","1","0","1","376","303","73","1","1","0","50","43","7","11","10","1","-2"
"119678","Naval Postgraduate School","2020","First major","'14'","Engineering","Doctor's degree - research/scholarship","10","8","2","0","0","0","0","0","0","0","0","0","0","0","0","0","0","0","10","8","2","0","0","0","0","0","0","0","0","0","-2"
"120166","Northwestern Polytechnic University","2020","First major","'14'","Engineering","Master's degree","1","1","0","0","0","0","0","0","0","0","0","0","0","0","0","0","0","0","0","0","0","0","0","0","0","0","0","1","1","0","-2"
"120290","Ohlone College","2020","First major","'14'","Engineering","Associate's degree","1","1","0","0","0","0","1","1","0","0","0","0","0","0","0","0","0","0","0","0","0","0","0","0","0","0","0","0","0","0","-2"
"120342","Orange Coast College","2020","First major","'14'","Engineering","Associate's degree","66","52","14","0","0","0","22","16","6","0","0","0","12","10","2","1","1","0","20","18","2","2","0","2","1","1","0","8","6","2","-2"
"120883","University of the Pacific","2020","First major","'14'","Engineering","Bachelor's degree","68","43","25","1","0","1","24","16","8","1","1","0","10","7","3","0","0","0","23","13","10","4","2","2","5","4","1","0","0","0","-2"
"120883","University of the Pacific","2020","First major","'14'","Engineering","Master's degree","29","19","10","1","0","1","9","7","2","0","0","0","4","2","2","0","0","0","13","8","5","0","0","0","1","1","0","1","1","0","-2"
"120971","Palomar College","2020","First major","'14'","Engineering","Associate's degree","5","5","0","0","0","0","0","0","0","0","0","0","1","1","0","0","0","0","4","4","0","0","0","0","0","0","0","0","0","0","-2"
"121257","Pitzer College","2020","First major","'14'","Engineering","Bachelor's degree","0","0","0","0","0","0","0","0","0","0","0","0","0","0","0","0","0","0","0","0","0","0","0","0","0","0","0","0","0","0","-2"
"121309","Point Loma Nazarene University","2020","First major","'14'","Engineering","Bachelor's degree","11","10","1","0","0","0","4","4","0","0","0","0","3","2","1","0","0","0","3","3","0","0","0","0","1","1","0","0","0","0","-2"
"121345","Pomona College","2020","First major","'14'","Engineering","Bachelor's degree","0","0","0","0","0","0","0","0","0","0","0","0","0","0","0","0","0","0","0","0","0","0","0","0","0","0","0","0","0","0","-2"
"121345","Pomona College","2020","Second major","'14'","Engineering","Bachelor's degree","1","1","0","0","0","0","0","0","0","0","0","0","0","0","0","0","0","0","1","1","0","0","0","0","0","0","0","0","0","0","-2"
"121619","Santa Ana College","2020","First major","'14'","Engineering","Associate's degree","3","3","0","0","0","0","0","0","0","0","0","0","3","3","0","0","0","0","0","0","0","0","0","0","0","0","0","0","0","0","-2"
"121886","Rio Hondo College","2020","First major","'14'","Engineering","Associate's degree","12","9","3","0","0","0","3","3","0","0","0","0","8","6","2","0","0","0","0","0","0","1","0","1","0","0","0","0","0","0","-2"
"122180","Sacramento City College","2020","First major","'14'","Engineering","Associate's degree","7","5","2","0","0","0","1","1","0","0","0","0","0","0","0","0","0","0","3","3","0","3","1","2","0","0","0","0","0","0","-2"
"122205","Saddleback College","2020","First major","'14'","Engineering","Associate's degree","12","10","2","0","0","0","1","0","1","0","0","0","3","3","0","0","0","0","7","6","1","0","0","0","0","0","0","1","1","0","-2"
"122339","San Diego City College","2020","First major","'14'","Engineering","Associate's degree","15","14","1","0","0","0","3","3","0","2","2","0","8","8","0","0","0","0","2","1","1","0","0","0","0","0","0","0","0","0","-2"
"122375","San Diego Mesa College","2020","First major","'14'","Engineering","Associate's degree","8","8","0","0","0","0","3","3","0","0","0","0","2","2","0","0","0","0","3","3","0","0","0","0","0","0","0","0","0","0","-2"
"122384","San Diego Miramar College","2020","First major","'14'","Engineering","Associate's degree","31","23","8","0","0","0","15","10","5","0","0","0","3","3","0","0","0","0","11","8","3","2","2","0","0","0","0","0","0","0","-2"
"122409","San Diego State University","2020","First major","'14'","Engineering","Bachelor's degree","805","644","161","1","1","0","112","90","22","13","10","3","179","148","31","3","2","1","271","215","56","55","39","16","26","21","5","145","118","27","-2"
"122409","San Diego State University","2020","First major","'14'","Engineering","Master's degree","92","66","26","0","0","0","7","3","4","1","1","0","12","11","1","0","0","0","32","27","5","4","3","1","5","3","2","31","18","13","-2"
"122409","San Diego State University","2020","First major","'14'","Engineering","Doctor's degree - research/scholarship","3","3","0","0","0","0","0","0","0","0","0","0","0","0","0","0","0","0","0","0","0","0","0","0","0","0","0","3","3","0","-2"
"122409","San Diego State University","2020","Second major","'14'","Engineering","Bachelor's degree","5","5","0","0","0","0","0","0","0","0","0","0","0","0","0","0","0","0","5","5","0","0","0","0","0","0","0","0","0","0","-2"
"122436","University of San Diego","2020","First major","'14'","Engineering","Bachelor's degree","140","104","36","1","0","1","11","6","5","1","1","0","23","20","3","1","1","0","67","49","18","6","3","3","4","4","0","26","20","6","-2"
"122597","San Francisco State University","2020","First major","'14'","Engineering","Bachelor's degree","240","208","32","0","0","0","67","58","9","12","9","3","55","46","9","3","3","0","48","42","6","14","11","3","14","13","1","27","26","1","-2"
"122597","San Francisco State University","2020","First major","'14'","Engineering","Master's degree","29","22","7","0","0","0","3","2","1","0","0","0","3","3","0","0","0","0","5","4","1","0","0","0","0","0","0","18","13","5","-2"
"122597","San Francisco State University","2020","Second major","'14'","Engineering","Bachelor's degree","4","4","0","0","0","0","2","2","0","0","0","0","0","0","0","0","0","0","1","1","0","0","0","0","0","0","0","1","1","0","-2"
"122612","University of San Francisco","2020","First major","'14'","Engineering","Bachelor's degree","0","0","0","0","0","0","0","0","0","0","0","0","0","0","0","0","0","0","0","0","0","0","0","0","0","0","0","0","0","0","-2"
"122658","San Joaquin Delta College","2020","First major","'14'","Engineering","Associate's degree","4","4","0","0","0","0","0","0","0","0","0","0","3","3","0","0","0","0","1","1","0","0","0","0","0","0","0","0","0","0","-2"
"122755","San Jose State University","2020","First major","'14'","Engineering","Bachelor's degree","983","803","180","0","0","0","380","297","83","16","14","2","210","173","37","3","3","0","169","153","16","37","28","9","51","45","6","117","90","27","-2"
"122755","San Jose State University","2020","First major","'14'","Engineering","Master's degree","962","634","328","1","1","0","225","107","118","9","6","3","27","23","4","0","0","0","53","39","14","9","8","1","29","18","11","609","432","177","-2"
"122755","San Jose State University","2020","Second major","'14'","Engineering","Bachelor's degree","1","0","1","0","0","0","1","0","1","0","0","0","0","0","0","0","0","0","0","0","0","0","0","0","0","0","0","0","0","0","-2"
"122791","College of San Mateo","2020","First major","'14'","Engineering","Associate's degree","12","10","2","0","0","0","1","0","1","0","0","0","4","4","0","0","0","0","3","3","0","1","1","0","0","0","0","3","2","1","-2"
"122889","Santa Barbara City College","2020","First major","'14'","Engineering","Associate's degree","42","32","10","0","0","0","2","1","1","0","0","0","17","13","4","0","0","0","17","15","2","3","2","1","1","0","1","2","1","1","-2"
"122931","Santa Clara University","2020","First major","'14'","Engineering","Bachelor's degree","205","142","63","0","0","0","54","38","16","9","5","4","39","24","15","0","0","0","80","60","20","18","13","5","3","0","3","2","2","0","-2"
"122931","Santa Clara University","2020","First major","'14'","Engineering","Master's degree","319","198","121","0","0","0","49","32","17","0","0","0","9","5","4","0","0","0","35","26","9","11","8","3","2","2","0","213","125","88","-2"
"122931","Santa Clara University","2020","First major","'14'","Engineering","Doctor's degree - research/scholarship","4","3","1","0","0","0","1","1","0","0","0","0","0","0","0","0","0","0","2","2","0","0","0","0","0","0","0","1","0","1","-2"
"122931","Santa Clara University","2020","First major","'14'","Engineering","Doctor's degree - professional practice","0","0","0","0","0","0","0","0","0","0","0","0","0","0","0","0","0","0","0","0","0","0","0","0","0","0","0","0","0","0","-2"
"122931","Santa Clara University","2020","Second major","'14'","Engineering","Bachelor's degree","6","4","2","0","0","0","4","3","1","0","0","0","0","0","0","0","0","0","1","1","0","0","0","0","1","0","1","0","0","0","-2"
"122977","Santa Monica College","2020","First major","'14'","Engineering","Associate's degree","2","1","1","0","0","0","0","0","0","0","0","0","2","1","1","0","0","0","0","0","0","0","0","0","0","0","0","0","0","0","-2"
"123013","Santa Rosa Junior College","2020","First major","'14'","Engineering","Associate's degree","22","16","6","0","0","0","3","1","2","0","0","0","10","9","1","0","0","0","7","5","2","1","1","0","1","0","1","0","0","0","-2"
"123165","Scripps College","2020","First major","'14'","Engineering","Bachelor's degree","3","0","3","0","0","0","0","0","0","0","0","0","2","0","2","0","0","0","1","0","1","0","0","0","0","0","0","0","0","0","-2"
"123217","College of the Sequoias","2020","First major","'14'","Engineering","Associate's degree","13","11","2","0","0","0","1","1","0","0","0","0","6","6","0","0","0","0","4","2","2","2","2","0","0","0","0","0","0","0","-2"
"123299","Shasta College","2020","First major","'14'","Engineering","Associate's degree","6","6","0","0","0","0","0","0","0","0","0","0","0","0","0","0","0","0","6","6","0","0","0","0","0","0","0","0","0","0","-2"
"123341","Sierra College","2020","First major","'14'","Engineering","Associate's degree","18","16","2","0","0","0","1","1","0","0","0","0","2","2","0","0","0","0","11","9","2","2","2","0","0","0","0","2","2","0","-2"
"123509","Skyline College","2020","First major","'14'","Engineering","Associate's degree","3","3","0","0","0","0","0","0","0","0","0","0","0","0","0","0","0","0","1","1","0","1","1","0","0","0","0","1","1","0","-2"
"123527","San Bernardino Valley College","2020","First major","'14'","Engineering","Associate's degree","0","0","0","0","0","0","0","0","0","0","0","0","0","0","0","0","0","0","0","0","0","0","0","0","0","0","0","0","0","0","-2"
"123554","Saint Mary's College of California","2020","First major","'14'","Engineering","Bachelor's degree","8","5","3","0","0","0","3","1","2","1","1","0","1","1","0","0","0","0","2","2","0","1","0","1","0","0","0","0","0","0","-2"
"123563","Solano Community College","2020","First major","'14'","Engineering","Associate's degree","6","5","1","0","0","0","0","0","0","0","0","0","3","3","0","0","0","0","2","2","0","1","0","1","0","0","0","0","0","0","-2"
"123572","Sonoma State University","2020","First major","'14'","Engineering","Bachelor's degree","13","12","1","0","0","0","0","0","0","0","0","0","5","5","0","0","0","0","6","6","0","0","0","0","1","0","1","1","1","0","-2"
"123572","Sonoma State University","2020","First major","'14'","Engineering","Master's degree","7","4","3","0","0","0","0","0","0","0","0","0","1","1","0","0","0","0","1","0","1","0","0","0","1","1","0","4","2","2","-2"
"123572","Sonoma State University","2020","Second major","'14'","Engineering","Bachelor's degree","1","1","0","0","0","0","0","0","0","0","0","0","0","0","0","0","0","0","1","1","0","0","0","0","0","0","0","0","0","0","-2"
"123800","Southwestern College","2020","First major","'14'","Engineering","Associate's degree","0","0","0","0","0","0","0","0","0","0","0","0","0","0","0","0","0","0","0","0","0","0","0","0","0","0","0","0","0","0","-2"
"123961","University of Southern California","2020","First major","'14'","Engineering","Bachelor's degree","413","255","158","0","0","0","90","56","34","9","3","6","71","47","24","2","1","1","155","86","69","27","17","10","3","0","3","56","45","11","-2"
"123961","University of Southern California","2020","First major","'14'","Engineering","Master's degree","1328","934","394","0","0","0","89","56","33","13","8","5","49","39","10","0","0","0","151","111","40","16","7","9","16","13","3","994","700","294","-2"
"123961","University of Southern California","2020","First major","'14'","Engineering","Doctor's degree - research/scholarship","123","90","33","0","0","0","14","10","4","2","2","0","2","2","0","0","0","0","20","13","7","0","0","0","0","0","0","85","63","22","-2"
"123961","University of Southern California","2020","First major","'14'","Engineering","Doctor's degree - other","0","0","0","0","0","0","0","0","0","0","0","0","0","0","0","0","0","0","0","0","0","0","0","0","0","0","0","0","0","0","-2"
"124113","Taft College","2020","First major","'14'","Engineering","Associate's degree","2","2","0","0","0","0","0","0","0","0","0","0","2","2","0","0","0","0","0","0","0","0","0","0","0","0","0","0","0","0","-2"
"125028","Ventura College","2020","First major","'14'","Engineering","Associate's degree","21","18","3","0","0","0","1","1","0","0","0","0","14","11","3","0","0","0","5","5","0","1","1","0","0","0","0","0","0","0","-2"
"125499","West Valley College","2020","First major","'14'","Engineering","Associate's degree","0","0","0","0","0","0","0","0","0","0","0","0","0","0","0","0","0","0","0","0","0","0","0","0","0","0","0","0","0","0","-2"
"125727","Westmont College","2020","First major","'14'","Engineering","Bachelor's degree","5","3","2","0","0","0","0","0","0","0","0","0","0","0","0","0","0","0","5","3","2","0","0","0","0","0","0","0","0","0","-2"
"125763","Whittier College","2020","First major","'14'","Engineering","Bachelor's degree","0","0","0","0","0","0","0","0","0","0","0","0","0","0","0","0","0","0","0","0","0","0","0","0","0","0","0","0","0","0","-2"
"126562","University of Colorado Denver/Anschutz Medical Campus","2020","First major","'14'","Engineering","Bachelor's degree","181","151","30","0","0","0","14","8","6","21","18","3","29","23","6","0","0","0","87","76","11","9","8","1","4","4","0","17","14","3","-2"
"126562","University of Colorado Denver/Anschutz Medical Campus","2020","First major","'14'","Engineering","Master's degree","70","53","17","0","0","0","2","1","1","1","1","0","1","0","1","0","0","0","35","26","9","1","0","1","0","0","0","30","25","5","-2"
"126562","University of Colorado Denver/Anschutz Medical Campus","2020","First major","'14'","Engineering","Doctor's degree - research/scholarship","8","5","3","0","0","0","0","0","0","0","0","0","0","0","0","0","0","0","6","5","1","0","0","0","0","0","0","2","0","2","-2"
"126580","University of Colorado Colorado Springs","2020","First major","'14'","Engineering","Bachelor's degree","175","145","30","0","0","0","7","5","2","4","4","0","17","14","3","1","1","0","128","106","22","10","8","2","3","3","0","5","4","1","-2"
"126580","University of Colorado Colorado Springs","2020","First major","'14'","Engineering","Master's degree","40","31","9","0","0","0","1","1","0","0","0","0","0","0","0","0","0","0","25","18","7","2","2","0","4","4","0","8","6","2","-2"
"126580","University of Colorado Colorado Springs","2020","First major","'14'","Engineering","Doctor's degree - research/scholarship","12","10","2","0","0","0","1","1","0","0","0","0","0","0","0","0","0","0","2","2","0","0","0","0","0","0","0","9","7","2","-2"
"126614","University of Colorado Boulder","2020","First major","'14'","Engineering","Bachelor's degree","1010","758","252","1","1","0","65","44","21","8","7","1","125","98","27","1","1","0","646","475","171","38","31","7","2","2","0","124","99","25","-2"
"126614","University of Colorado Boulder","2020","First major","'14'","Engineering","Master's degree","543","407","136","0","0","0","16","11","5","4","4","0","28","21","7","0","0","0","295","217","78","12","10","2","7","5","2","181","139","42","-2"
"126614","University of Colorado Boulder","2020","First major","'14'","Engineering","Doctor's degree - research/scholarship","99","73","26","0","0","0","5","3","2","1","0","1","7","7","0","0","0","0","56","39","17","1","0","1","2","0","2","27","24","3","-2"
"126775","Colorado School of Mines","2020","First major","'14'","Engineering","Bachelor's degree","892","619","273","2","2","0","35","22","13","9","6","3","79","55","24","1","1","0","650","444","206","53","38","15","6","5","1","57","46","11","-2"
"126775","Colorado School of Mines","2020","First major","'14'","Engineering","Master's degree","223","161","62","1","0","1","10","5","5","0","0","0","10","9","1","0","0","0","152","108","44","8","3","5","5","4","1","37","32","5","-2"
"126775","Colorado School of Mines","2020","First major","'14'","Engineering","Doctor's degree - research/scholarship","97","81","16","0","0","0","4","3","1","0","0","0","5","4","1","0","0","0","43","33","10","1","1","0","0","0","0","44","40","4","-2"
"126818","Colorado State University-Fort Collins","2020","First major","'14'","Engineering","Bachelor's degree","537","381","156","1","1","0","9","5","4","2","2","0","39","25","14","1","0","1","402","283","119","25","18","7","5","4","1","53","43","10","-2"
"126818","Colorado State University-Fort Collins","2020","First major","'14'","Engineering","Master's degree","188","141","47","0","0","0","4","3","1","4","4","0","6","5","1","0","0","0","105","77","28","3","2","1","2","2","0","64","48","16","-2"
"126818","Colorado State University-Fort Collins","2020","First major","'14'","Engineering","Doctor's degree - research/scholarship","43","34","9","0","0","0","1","0","1","0","0","0","0","0","0","0","0","0","10","7","3","0","0","0","1","1","0","31","26","5","-2"
"126818","Colorado State University-Fort Collins","2020","Second major","'14'","Engineering","Bachelor's degree","71","44","27","1","1","0","2","1","1","0","0","0","4","2","2","1","0","1","55","33","22","6","5","1","0","0","0","2","2","0","-2"
"126827","Colorado Technical University-Colorado Springs","2020","First major","'14'","Engineering","Bachelor's degree","9","6","3","0","0","0","0","0","0","0","0","0","1","1","0","0","0","0","7","4","3","0","0","0","1","1","0","0","0","0","-2"
"126827","Colorado Technical University-Colorado Springs","2020","First major","'14'","Engineering","Master's degree","11","11","0","0","0","0","2","2","0","1","1","0","0","0","0","0","0","0","7","7","0","0","0","0","1","1","0","0","0","0","-2"
"127060","University of Denver","2020","First major","'14'","Engineering","Bachelor's degree","56","36","20","0","0","0","5","1","4","2","1","1","5","3","2","0","0","0","36","25","11","3","2","1","1","0","1","4","4","0","-2"
"127060","University of Denver","2020","First major","'14'","Engineering","Master's degree","28","21","7","0","0","0","2","1","1","1","1","0","0","0","0","0","0","0","9","6","3","1","1","0","1","0","1","14","12","2","-2"
"127060","University of Denver","2020","First major","'14'","Engineering","Doctor's degree - research/scholarship","14","10","4","0","0","0","1","1","0","0","0","0","0","0","0","0","0","0","3","0","3","1","1","0","0","0","0","9","8","1","-2"
"127185","Fort Lewis College","2020","First major","'14'","Engineering","Bachelor's degree","24","21","3","3","2","1","0","0","0","0","0","0","5","4","1","0","0","0","13","12","1","3","3","0","0","0","0","0","0","0","-2"
"127565","Metropolitan State University of Denver","2020","First major","'14'","Engineering","Bachelor's degree","6","4","2","0","0","0","0","0","0","1","0","1","2","2","0","0","0","0","3","2","1","0","0","0","0","0","0","0","0","0","-2"
"127741","University of Northern Colorado","2020","First major","'14'","Engineering","Bachelor's degree","11","9","2","0","0","0","1","1","0","0","0","0","2","2","0","0","0","0","6","5","1","1","0","1","0","0","0","1","1","0","-2"
"128106","Colorado State University Pueblo","2020","First major","'14'","Engineering","Bachelor's degree","21","16","5","0","0","0","0","0","0","0","0","0","7","5","2","0","0","0","13","10","3","0","0","0","0","0","0","1","1","0","-2"
"128106","Colorado State University Pueblo","2020","First major","'14'","Engineering","Master's degree","5","5","0","0","0","0","0","0","0","0","0","0","0","0","0","0","0","0","3","3","0","0","0","0","0","0","0","2","2","0","-2"
"128328","United States Air Force Academy","2020","First major","'14'","Engineering","Bachelor's degree","276","219","57","0","0","0","22","18","4","12","9","3","25","18","7","0","0","0","177","138","39","24","20","4","8","8","0","8","8","0","-2"
"128328","United States Air Force Academy","2020","Second major","'14'","Engineering","Bachelor's degree","7","7","0","0","0","0","0","0","0","0","0","0","0","0","0","0","0","0","5","5","0","1","1","0","0","0","0","1","1","0","-2"
"128577","Asnuntuck Community College","2020","First major","'14'","Engineering","Associate's degree","0","0","0","0","0","0","0","0","0","0","0","0","0","0","0","0","0","0","0","0","0","0","0","0","0","0","0","0","0","0","-2"
"128744","University of Bridgeport","2020","First major","'14'","Engineering","Bachelor's degree","26","23","3","0","0","0","1","1","0","2","2","0","2","1","1","0","0","0","4","4","0","0","0","0","0","0","0","17","15","2","-2"
"128744","University of Bridgeport","2020","First major","'14'","Engineering","Master's degree","46","37","9","0","0","0","5","4","1","3","2","1","3","3","0","0","0","0","5","2","3","1","1","0","0","0","0","29","25","4","-2"
"128744","University of Bridgeport","2020","First major","'14'","Engineering","Doctor's degree - research/scholarship","1","1","0","0","0","0","0","0","0","0","0","0","0","0","0","0","0","0","0","0","0","0","0","0","0","0","0","1","1","0","-2"
"128771","Central Connecticut State University","2020","First major","'14'","Engineering","Bachelor's degree","61","52","9","0","0","0","3","3","0","4","3","1","10","8","2","0","0","0","40","34","6","1","1","0","0","0","0","3","3","0","-2"
"128771","Central Connecticut State University","2020","First major","'14'","Engineering","Master's degree","6","4","2","0","0","0","1","0","1","0","0","0","0","0","0","0","0","0","3","2","1","1","1","0","1","1","0","0","0","0","-2"
"128902","Connecticut College","2020","First major","'14'","Engineering","Bachelor's degree","0","0","0","0","0","0","0","0","0","0","0","0","0","0","0","0","0","0","0","0","0","0","0","0","0","0","0","0","0","0","-2"
"129020","University of Connecticut","2020","First major","'14'","Engineering","Bachelor's degree","746","546","200","0","0","0","109","79","30","27","20","7","62","45","17","0","0","0","479","348","131","19","14","5","21","18","3","29","22","7","129020"
"129020","University of Connecticut","2020","First major","'14'","Engineering","Master's degree","95","65","30","0","0","0","3","3","0","5","4","1","6","4","2","1","0","1","52","36","16","1","0","1","10","7","3","17","11","6","129020"
"129020","University of Connecticut","2020","First major","'14'","Engineering","Doctor's degree - research/scholarship","56","41","15","0","0","0","3","2","1","1","1","0","1","1","0","0","0","0","6","4","2","0","0","0","2","2","0","43","31","12","129020"
"129020","University of Connecticut","2020","Second major","'14'","Engineering","Bachelor's degree","13","11","2","0","0","0","0","0","0","2","2","0","0","0","0","0","0","0","9","8","1","1","1","0","0","0","0","1","0","1","129020"
"129242","Fairfield University","2020","First major","'14'","Engineering","Bachelor's degree","53","41","12","0","0","0","3","1","2","1","1","0","5","3","2","0","0","0","32","28","4","1","1","0","5","3","2","6","4","2","-2"
"129242","Fairfield University","2020","First major","'14'","Engineering","Master's degree","50","27","23","0","0","0","7","3","4","3","3","0","4","1","3","0","0","0","14","9","5","0","0","0","1","1","0","21","10","11","-2"
"129242","Fairfield University","2020","Second major","'14'","Engineering","Bachelor's degree","1","0","1","0","0","0","0","0","0","0","0","0","0","0","0","0","0","0","1","0","1","0","0","0","0","0","0","0","0","0","-2"
"129367","Capital Community College","2020","First major","'14'","Engineering","Associate's degree","0","0","0","0","0","0","0","0","0","0","0","0","0","0","0","0","0","0","0","0","0","0","0","0","0","0","0","0","0","0","-2"
"129428","Rensselaer at Hartford","2020","First major","'14'","Engineering","Master's degree","22","20","2","1","1","0","2","2","0","1","1","0","1","1","0","0","0","0","16","15","1","1","0","1","0","0","0","0","0","0","-2"
"129525","University of Hartford","2020","First major","'14'","Engineering","Bachelor's degree","133","107","26","0","0","0","5","2","3","13","8","5","8","4","4","0","0","0","56","46","10","1","0","1","1","0","1","49","47","2","-2"
"129525","University of Hartford","2020","First major","'14'","Engineering","Master's degree","47","40","7","0","0","0","2","2","0","5","4","1","5","4","1","0","0","0","26","23","3","0","0","0","1","0","1","8","7","1","-2"
"129543","Housatonic Community College","2020","First major","'14'","Engineering","Associate's degree","11","7","4","0","0","0","3","1","2","3","2","1","0","0","0","0","0","0","3","2","1","0","0","0","0","0","0","2","2","0","-2"
"129695","Manchester Community College","2020","First major","'14'","Engineering","Associate's degree","30","19","11","0","0","0","4","2","2","2","2","0","6","4","2","0","0","0","17","10","7","0","0","0","0","0","0","1","1","0","-2"
"129729","Naugatuck Valley Community College","2020","First major","'14'","Engineering","Associate's degree","2","2","0","0","0","0","0","0","0","0","0","0","0","0","0","0","0","0","1","1","0","0","0","0","0","0","0","1","1","0","-2"
"129756","Middlesex Community College","2020","First major","'14'","Engineering","Associate's degree","7","5","2","0","0","0","2","2","0","0","0","0","1","0","1","0","0","0","3","3","0","1","0","1","0","0","0","0","0","0","-2"
"129808","Three Rivers Community College","2020","First major","'14'","Engineering","Associate's degree","19","16","3","0","0","0","2","2","0","0","0","0","2","1","1","0","0","0","13","11","2","0","0","0","1","1","0","1","1","0","-2"
"129941","University of New Haven","2020","First major","'14'","Engineering","Bachelor's degree","86","73","13","0","0","0","3","3","0","6","3","3","9","7","2","0","0","0","43","35","8","1","1","0","3","3","0","21","21","0","-2"
"129941","University of New Haven","2020","First major","'14'","Engineering","Master's degree","132","86","46","0","0","0","3","1","2","3","1","2","3","3","0","0","0","0","18","11","7","0","0","0","1","1","0","104","69","35","-2"
"130004","Norwalk Community College","2020","First major","'14'","Engineering","Associate's degree","10","8","2","0","0","0","1","0","1","2","2","0","3","3","0","0","0","0","4","3","1","0","0","0","0","0","0","0","0","0","-2"
"130040","Northwestern Connecticut Community College","2020","First major","'14'","Engineering","Associate's degree","2","2","0","0","0","0","0","0","0","0","0","0","0","0","0","0","0","0","2","2","0","0","0","0","0","0","0","0","0","0","-2"
"130217","Quinebaug Valley Community College","2020","First major","'14'","Engineering","Associate's degree","4","4","0","0","0","0","0","0","0","0","0","0","1","1","0","0","0","0","3","3","0","0","0","0","0","0","0","0","0","0","-2"
"130226","Quinnipiac University","2020","First major","'14'","Engineering","Bachelor's degree","59","47","12","0","0","0","2","1","1","2","2","0","7","6","1","0","0","0","42","33","9","2","1","1","1","1","0","3","3","0","-2"
"130396","Gateway Community College","2020","First major","'14'","Engineering","Associate's degree","13","9","4","0","0","0","0","0","0","1","1","0","4","3","1","0","0","0","6","3","3","0","0","0","0","0","0","2","2","0","-2"
"130590","Trinity College","2020","First major","'14'","Engineering","Bachelor's degree","22","10","12","0","0","0","1","0","1","2","1","1","1","0","1","0","0","0","9","2","7","1","1","0","1","1","0","7","5","2","-2"
"130606","Tunxis Community College","2020","First major","'14'","Engineering","Associate's degree","6","5","1","0","0","0","1","1","0","1","1","0","0","0","0","0","0","0","4","3","1","0","0","0","0","0","0","0","0","0","-2"
"130624","United States Coast Guard Academy","2020","First major","'14'","Engineering","Bachelor's degree","132","83","49","0","0","0","11","10","1","6","6","0","8","4","4","0","0","0","85","50","35","17","10","7","1","1","0","4","2","2","-2"
"130624","United States Coast Guard Academy","2020","Second major","'14'","Engineering","Bachelor's degree","1","1","0","0","0","0","1","1","0","0","0","0","0","0","0","0","0","0","0","0","0","0","0","0","0","0","0","0","0","0","-2"
"130794","Yale University","2020","First major","'14'","Engineering","Bachelor's degree","80","45","35","0","0","0","13","6","7","6","4","2","11","4","7","0","0","0","34","21","13","5","4","1","0","0","0","11","6","5","-2"
"130794","Yale University","2020","First major","'14'","Engineering","Master's degree","84","56","28","0","0","0","2","1","1","0","0","0","3","0","3","0","0","0","28","21","7","1","1","0","1","1","0","49","32","17","-2"
"130794","Yale University","2020","First major","'14'","Engineering","Doctor's degree - research/scholarship","42","27","15","0","0","0","3","3","0","2","1","1","0","0","0","0","0","0","14","8","6","1","1","0","0","0","0","22","14","8","-2"
"130794","Yale University","2020","Second major","'14'","Engineering","Bachelor's degree","7","3","4","0","0","0","1","1","0","1","0","1","2","1","1","0","0","0","2","1","1","0","0","0","0","0","0","1","0","1","-2"
"130907","Delaware Technical Community College-Terry","2020","First major","'14'","Engineering","Associate's degree","9","8","1","0","0","0","1","1","0","1","1","0","1","1","0","0","0","0","4","3","1","0","0","0","1","1","0","1","1","0","-2"
"130934","Delaware State University","2020","First major","'14'","Engineering","Bachelor's degree","15","9","6","0","0","0","0","0","0","10","5","5","2","2","0","0","0","0","2","1","1","1","1","0","0","0","0","0","0","0","-2"
"130943","University of Delaware","2020","First major","'14'","Engineering","Bachelor's degree","392","285","107","1","0","1","37","29","8","6","5","1","31","23","8","0","0","0","278","200","78","11","6","5","10","7","3","18","15","3","-2"
"130943","University of Delaware","2020","First major","'14'","Engineering","Master's degree","96","70","26","0","0","0","5","3","2","0","0","0","2","2","0","1","1","0","45","33","12","3","1","2","0","0","0","40","30","10","-2"
"130943","University of Delaware","2020","First major","'14'","Engineering","Doctor's degree - research/scholarship","49","35","14","0","0","0","2","0","2","1","0","1","2","2","0","0","0","0","20","14","6","0","0","0","3","2","1","21","17","4","-2"
"130943","University of Delaware","2020","Second major","'14'","Engineering","Bachelor's degree","2","1","1","0","0","0","1","0","1","0","0","0","0","0","0","0","0","0","1","1","0","0","0","0","0","0","0","0","0","0","-2"
"130943","University of Delaware","2020","Second major","'14'","Engineering","Master's degree","1","1","0","0","0","0","0","0","0","0","0","0","0","0","0","0","0","0","0","0","0","0","0","0","0","0","0","1","1","0","-2"
"131283","The Catholic University of America","2020","First major","'14'","Engineering","Bachelor's degree","95","63","32","0","0","0","4","1","3","0","0","0","9","5","4","0","0","0","52","36","16","3","2","1","0","0","0","27","19","8","-2"
"131283","The Catholic University of America","2020","First major","'14'","Engineering","Master's degree","40","20","20","0","0","0","0","0","0","3","2","1","3","2","1","0","0","0","10","6","4","3","2","1","0","0","0","21","8","13","-2"
"131283","The Catholic University of America","2020","First major","'14'","Engineering","Doctor's degree - research/scholarship","9","5","4","0","0","0","0","0","0","0","0","0","0","0","0","0","0","0","3","3","0","0","0","0","0","0","0","6","2","4","-2"
"131283","The Catholic University of America","2020","Second major","'14'","Engineering","Bachelor's degree","11","7","4","0","0","0","0","0","0","1","1","0","2","1","1","0","0","0","3","2","1","0","0","0","1","1","0","4","2","2","-2"
"131283","The Catholic University of America","2020","Second major","'14'","Engineering","Doctor's degree - research/scholarship","1","0","1","0","0","0","0","0","0","0","0","0","0","0","0","0","0","0","0","0","0","0","0","0","0","0","0","1","0","1","-2"
"131399","University of the District of Columbia","2020","First major","'14'","Engineering","Bachelor's degree","39","35","4","0","0","0","0","0","0","7","5","2","4","3","1","0","0","0","3","3","0","2","1","1","1","1","0","22","22","0","-2"
"131399","University of the District of Columbia","2020","First major","'14'","Engineering","Master's degree","1","1","0","0","0","0","0","0","0","0","0","0","0","0","0","0","0","0","1","1","0","0","0","0","0","0","0","0","0","0","-2"
"131399","University of the District of Columbia","2020","First major","'14'","Engineering","Doctor's degree - research/scholarship","0","0","0","0","0","0","0","0","0","0","0","0","0","0","0","0","0","0","0","0","0","0","0","0","0","0","0","0","0","0","-2"
"131469","George Washington University","2020","First major","'14'","Engineering","Bachelor's degree","170","95","75","0","0","0","23","11","12","10","7","3","15","7","8","0","0","0","95","56","39","7","3","4","6","3","3","14","8","6","-2"
"131469","George Washington University","2020","First major","'14'","Engineering","Master's degree","296","233","63","0","0","0","15","11","4","19","14","5","12","9","3","1","0","1","89","71","18","0","0","0","18","13","5","142","115","27","-2"
"131469","George Washington University","2020","First major","'14'","Engineering","Doctor's degree - research/scholarship","38","30","8","0","0","0","1","1","0","3","3","0","1","1","0","0","0","0","11","8","3","1","1","0","0","0","0","21","16","5","-2"
"131520","Howard University","2020","First major","'14'","Engineering","Bachelor's degree","64","38","26","0","0","0","1","1","0","40","20","20","3","3","0","0","0","0","0","0","0","2","0","2","0","0","0","18","14","4","-2"
"131520","Howard University","2020","First major","'14'","Engineering","Master's degree","5","3","2","0","0","0","0","0","0","2","0","2","0","0","0","0","0","0","1","1","0","0","0","0","0","0","0","2","2","0","-2"
"131520","Howard University","2020","First major","'14'","Engineering","Doctor's degree - research/scholarship","3","3","0","0","0","0","0","0","0","0","0","0","0","0","0","0","0","0","0","0","0","0","0","0","0","0","0","3","3","0","-2"
"132602","Bethune-Cookman University","2020","First major","'14'","Engineering","Bachelor's degree","5","4","1","0","0","0","1","1","0","2","1","1","0","0","0","0","0","0","0","0","0","0","0","0","2","2","0","0","0","0","-2"
"132903","University of Central Florida","2020","First major","'14'","Engineering","Bachelor's degree","1188","956","232","0","0","0","104","79","25","72","55","17","326","259","67","2","2","0","588","487","101","45","35","10","11","9","2","40","30","10","-2"
"132903","University of Central Florida","2020","First major","'14'","Engineering","Master's degree","257","207","50","0","0","0","24","21","3","12","10","2","39","28","11","0","0","0","97","79","18","4","4","0","0","0","0","81","65","16","-2"
"132903","University of Central Florida","2020","First major","'14'","Engineering","Doctor's degree - research/scholarship","118","102","16","0","0","0","4","3","1","0","0","0","5","5","0","0","0","0","21","17","4","1","1","0","1","1","0","86","75","11","-2"
"133492","Eckerd College","2020","First major","'14'","Engineering","Bachelor's degree","0","0","0","0","0","0","0","0","0","0","0","0","0","0","0","0","0","0","0","0","0","0","0","0","0","0","0","0","0","0","-2"
"133553","Embry-Riddle Aeronautical University-Daytona Beach","2020","First major","'14'","Engineering","Bachelor's degree","375","289","86","2","2","0","14","11","3","9","7","2","61","47","14","2","2","0","210","167","43","12","5","7","13","9","4","52","39","13","-2"
"133553","Embry-Riddle Aeronautical University-Daytona Beach","2020","First major","'14'","Engineering","Master's degree","100","73","27","0","0","0","3","1","2","3","1","2","7","6","1","0","0","0","38","31","7","1","1","0","3","3","0","45","30","15","-2"
"133553","Embry-Riddle Aeronautical University-Daytona Beach","2020","First major","'14'","Engineering","Doctor's degree - research/scholarship","14","12","2","0","0","0","0","0","0","0","0","0","1","1","0","0","0","0","0","0","0","0","0","0","0","0","0","13","11","2","-2"
"133650","Florida Agricultural and Mechanical University","2020","First major","'14'","Engineering","Bachelor's degree","34","21","13","0","0","0","0","0","0","25","13","12","0","0","0","0","0","0","6","6","0","3","2","1","0","0","0","0","0","0","-2"
"133650","Florida Agricultural and Mechanical University","2020","First major","'14'","Engineering","Master's degree","10","6","4","0","0","0","0","0","0","10","6","4","0","0","0","0","0","0","0","0","0","0","0","0","0","0","0","0","0","0","-2"
"133650","Florida Agricultural and Mechanical University","2020","First major","'14'","Engineering","Doctor's degree - research/scholarship","7","4","3","0","0","0","0","0","0","7","4","3","0","0","0","0","0","0","0","0","0","0","0","0","0","0","0","0","0","0","-2"
"133669","Florida Atlantic University","2020","First major","'14'","Engineering","Bachelor's degree","275","233","42","0","0","0","19","16","3","31","23","8","78","68","10","0","0","0","106","90","16","14","12","2","1","1","0","26","23","3","-2"
"133669","Florida Atlantic University","2020","First major","'14'","Engineering","Master's degree","91","69","22","0","0","0","4","2","2","6","5","1","18","14","4","0","0","0","37","32","5","3","2","1","0","0","0","23","14","9","-2"
"133669","Florida Atlantic University","2020","First major","'14'","Engineering","Doctor's degree - research/scholarship","17","12","5","0","0","0","0","0","0","0","0","0","1","1","0","0","0","0","2","0","2","0","0","0","0","0","0","14","11","3","-2"
"133881","Florida Institute of Technology","2020","First major","'14'","Engineering","Bachelor's degree","381","299","82","0","0","0","8","6","2","10","8","2","25","20","5","1","1","0","156","123","33","8","7","1","6","5","1","167","129","38","-2"
"133881","Florida Institute of Technology","2020","First major","'14'","Engineering","Master's degree","152","113","39","1","0","1","4","3","1","4","3","1","6","3","3","0","0","0","65","53","12","3","2","1","2","2","0","67","47","20","-2"
"133881","Florida Institute of Technology","2020","First major","'14'","Engineering","Doctor's degree - research/scholarship","28","18","10","0","0","0","2","1","1","3","2","1","1","0","1","0","0","0","2","0","2","0","0","0","0","0","0","20","15","5","-2"
"133951","Florida International University","2020","First major","'14'","Engineering","Bachelor's degree","633","482","151","0","0","0","18","13","5","43","30","13","404","307","97","0","0","0","33","27","6","7","6","1","2","2","0","126","97","29","-2"
"133951","Florida International University","2020","First major","'14'","Engineering","Master's degree","179","116","63","0","0","0","5","4","1","11","10","1","69","50","19","0","0","0","16","9","7","3","2","1","1","0","1","74","41","33","-2"
"133951","Florida International University","2020","First major","'14'","Engineering","Doctor's degree - research/scholarship","46","34","12","0","0","0","2","2","0","2","1","1","2","2","0","0","0","0","3","2","1","2","1","1","0","0","0","35","26","9","-2"
"134097","Florida State University","2020","First major","'14'","Engineering","Bachelor's degree","372","274","98","0","0","0","10","7","3","25","17","8","73","52","21","0","0","0","215","167","48","11","6","5","2","2","0","36","23","13","-2"
"134097","Florida State University","2020","First major","'14'","Engineering","Master's degree","72","53","19","0","0","0","1","1","0","3","2","1","7","7","0","0","0","0","34","26","8","1","0","1","1","1","0","25","16","9","-2"
"134097","Florida State University","2020","First major","'14'","Engineering","Doctor's degree - research/scholarship","34","27","7","0","0","0","1","1","0","1","1","0","0","0","0","0","0","0","4","3","1","0","0","0","0","0","0","28","22","6","-2"
"134097","Florida State University","2020","Second major","'14'","Engineering","Bachelor's degree","5","3","2","0","0","0","0","0","0","0","0","0","2","2","0","0","0","0","1","0","1","0","0","0","0","0","0","2","1","1","-2"
"134130","University of Florida","2020","First major","'14'","Engineering","Bachelor's degree","1308","921","387","2","2","0","130","96","34","38","25","13","282","200","82","4","1","3","728","511","217","39","27","12","56","37","19","29","22","7","-2"
"134130","University of Florida","2020","First major","'14'","Engineering","Master's degree","548","421","127","1","1","0","29","24","5","13","9","4","46","30","16","0","0","0","172","122","50","6","3","3","12","11","1","269","221","48","-2"
"134130","University of Florida","2020","First major","'14'","Engineering","Doctor's degree - research/scholarship","138","109","29","1","1","0","7","5","2","3","3","0","10","7","3","0","0","0","41","34","7","2","2","0","4","4","0","70","53","17","-2"
"134237","Full Sail University","2020","First major","'14'","Engineering","Associate's degree","1","1","0","0","0","0","0","0","0","0","0","0","1","1","0","0","0","0","0","0","0","0","0","0","0","0","0","0","0","0","-2"
"134237","Full Sail University","2020","First major","'14'","Engineering","Bachelor's degree","16","15","1","0","0","0","1","1","0","0","0","0","5","5","0","0","0","0","6","6","0","3","3","0","0","0","0","1","0","1","-2"
"134945","Jacksonville University","2020","First major","'14'","Engineering","Bachelor's degree","21","17","4","0","0","0","0","0","0","3","1","2","1","1","0","0","0","0","12","10","2","1","1","0","0","0","0","4","4","0","-2"
"135081","Keiser University-Ft Lauderdale","2020","First major","'14'","Engineering","Bachelor's degree","21","19","2","1","1","0","0","0","0","3","3","0","14","13","1","0","0","0","3","2","1","0","0","0","0","0","0","0","0","0","-2"
"135726","University of Miami","2020","First major","'14'","Engineering","Bachelor's degree","225","156","69","0","0","0","14","7","7","15","6","9","48","35","13","0","0","0","75","54","21","11","8","3","5","2","3","57","44","13","-2"
"135726","University of Miami","2020","First major","'14'","Engineering","Master's degree","58","46","12","0","0","0","5","3","2","2","2","0","8","6","2","0","0","0","16","13","3","0","0","0","9","6","3","18","16","2","-2"
"135726","University of Miami","2020","First major","'14'","Engineering","Doctor's degree - research/scholarship","27","22","5","0","0","0","1","0","1","0","0","0","3","2","1","0","0","0","3","2","1","0","0","0","0","0","0","20","18","2","-2"
"136172","University of North Florida","2020","First major","'14'","Engineering","Bachelor's degree","160","123","37","0","0","0","7","6","1","10","8","2","19","16","3","0","0","0","108","82","26","8","5","3","0","0","0","8","6","2","-2"
"136172","University of North Florida","2020","First major","'14'","Engineering","Master's degree","20","15","5","0","0","0","1","1","0","1","1","0","2","2","0","0","0","0","8","5","3","0","0","0","0","0","0","8","6","2","-2"
"136215","Nova Southeastern University","2020","First major","'14'","Engineering","Bachelor's degree","12","8","4","0","0","0","0","0","0","4","3","1","3","3","0","0","0","0","5","2","3","0","0","0","0","0","0","0","0","0","-2"
"136215","Nova Southeastern University","2020","First major","'14'","Engineering","Master's degree","1","1","0","0","0","0","0","0","0","0","0","0","0","0","0","0","0","0","0","0","0","0","0","0","0","0","0","1","1","0","-2"
"136950","Rollins College","2020","First major","'14'","Engineering","Bachelor's degree","3","2","1","0","0","0","0","0","0","0","0","0","0","0","0","0","0","0","1","1","0","0","0","0","0","0","0","2","1","1","-2"
"137351","University of South Florida","2020","First major","'14'","Engineering","Bachelor's degree","736","571","165","1","1","0","49","37","12","34","21","13","149","115","34","1","1","0","302","247","55","17","15","2","25","15","10","158","119","39","-2"
"137351","University of South Florida","2020","First major","'14'","Engineering","Master's degree","278","206","72","0","0","0","9","6","3","7","6","1","13","10","3","0","0","0","36","23","13","0","0","0","2","2","0","211","159","52","-2"
"137351","University of South Florida","2020","First major","'14'","Engineering","Doctor's degree - research/scholarship","71","53","18","0","0","0","6","4","2","0","0","0","4","2","2","0","0","0","11","5","6","0","0","0","0","0","0","50","42","8","-2"
"138309","Rasmussen University-Florida","2020","First major","'14'","Engineering","Associate's degree","14","7","7","1","0","1","0","0","0","0","0","0","4","4","0","0","0","0","6","2","4","0","0","0","3","1","2","0","0","0","-2"
"138354","The University of West Florida","2020","First major","'14'","Engineering","Bachelor's degree","105","88","17","1","1","0","6","3","3","3","3","0","5","4","1","0","0","0","77","64","13","4","4","0","3","3","0","6","6","0","-2"
"138354","The University of West Florida","2020","First major","'14'","Engineering","Master's degree","1","1","0","0","0","0","0","0","0","0","0","0","0","0","0","0","0","0","0","0","0","0","0","0","0","0","0","1","1","0","-2"
"138354","The University of West Florida","2020","Second major","'14'","Engineering","Bachelor's degree","6","6","0","0","0","0","0","0","0","0","0","0","0","0","0","0","0","0","5","5","0","0","0","0","1","1","0","0","0","0","-2"
"138761","Andrew College","2020","First major","'14'","Engineering","Associate's degree","0","0","0","0","0","0","0","0","0","0","0","0","0","0","0","0","0","0","0","0","0","0","0","0","0","0","0","0","0","0","-2"
"139366","Columbus State University","2020","First major","'14'","Engineering","Associate's degree","6","6","0","0","0","0","0","0","0","0","0","0","0","0","0","0","0","0","6","6","0","0","0","0","0","0","0","0","0","0","-2"
"139658","Emory University","2020","First major","'14'","Engineering","Master's degree","4","1","3","0","0","0","1","0","1","0","0","0","2","1","1","0","0","0","1","0","1","0","0","0","0","0","0","0","0","0","-2"
"139658","Emory University","2020","First major","'14'","Engineering","Doctor's degree - research/scholarship","34","18","16","1","0","1","2","1","1","1","0","1","2","0","2","0","0","0","15","10","5","1","1","0","5","3","2","7","3","4","-2"
"139755","Georgia Institute of Technology-Main Campus","2020","First major","'14'","Engineering","Bachelor's degree","2279","1500","779","1","0","1","402","263","139","136","82","54","184","134","50","1","1","0","1153","760","393","100","56","44","72","46","26","230","158","72","-2"
"139755","Georgia Institute of Technology-Main Campus","2020","First major","'14'","Engineering","Master's degree","1123","858","265","0","0","0","124","95","29","26","18","8","41","31","10","0","0","0","352","280","72","27","19","8","1","1","0","552","414","138","-2"
"139755","Georgia Institute of Technology-Main Campus","2020","First major","'14'","Engineering","Doctor's degree - research/scholarship","336","257","79","0","0","0","26","20","6","7","4","3","11","5","6","0","0","0","107","86","21","7","6","1","0","0","0","178","136","42","-2"
"139931","Georgia Southern University","2020","First major","'14'","Engineering","Bachelor's degree","339","289","50","0","0","0","12","10","2","66","56","10","34","27","7","1","1","0","205","180","25","7","6","1","1","1","0","13","8","5","-2"
"139931","Georgia Southern University","2020","First major","'14'","Engineering","Master's degree","44","34","10","0","0","0","3","3","0","5","3","2","2","2","0","0","0","0","7","7","0","2","2","0","0","0","0","25","17","8","-2"
"139940","Georgia State University","2020","First major","'14'","Engineering","Master's degree","0","0","0","0","0","0","0","0","0","0","0","0","0","0","0","0","0","0","0","0","0","0","0","0","0","0","0","0","0","0","-2"
"139959","University of Georgia","2020","First major","'14'","Engineering","Bachelor's degree","372","274","98","0","0","0","48","33","15","26","16","10","24","18","6","0","0","0","254","192","62","14","11","3","2","1","1","4","3","1","-2"
"139959","University of Georgia","2020","First major","'14'","Engineering","Master's degree","29","19","10","0","0","0","0","0","0","1","1","0","0","0","0","0","0","0","15","11","4","3","1","2","0","0","0","10","6","4","-2"
"139959","University of Georgia","2020","First major","'14'","Engineering","Doctor's degree - research/scholarship","17","13","4","0","0","0","0","0","0","0","0","0","0","0","0","0","0","0","2","1","1","0","0","0","1","0","1","14","12","2","-2"
"139968","Gordon State College","2020","First major","'14'","Engineering","Associate's degree","4","3","1","0","0","0","0","0","0","0","0","0","0","0","0","0","0","0","4","3","1","0","0","0","0","0","0","0","0","0","-2"
"140234","LaGrange College","2020","First major","'14'","Engineering","Bachelor's degree","0","0","0","0","0","0","0","0","0","0","0","0","0","0","0","0","0","0","0","0","0","0","0","0","0","0","0","0","0","0","-2"
"140447","Mercer University","2020","First major","'14'","Engineering","Bachelor's degree","144","92","52","0","0","0","11","5","6","15","9","6","9","5","4","0","0","0","92","63","29","4","3","1","8","3","5","5","4","1","-2"
"140447","Mercer University","2020","First major","'14'","Engineering","Master's degree","68","50","18","0","0","0","7","4","3","5","5","0","3","3","0","0","0","0","36","25","11","2","2","0","12","9","3","3","2","1","-2"
"140447","Mercer University","2020","Second major","'14'","Engineering","Bachelor's degree","2","2","0","0","0","0","0","0","0","0","0","0","0","0","0","0","0","0","2","2","0","0","0","0","0","0","0","0","0","0","-2"
"140553","Morehouse College","2020","First major","'14'","Engineering","Bachelor's degree","5","5","0","0","0","0","0","0","0","5","5","0","0","0","0","0","0","0","0","0","0","0","0","0","0","0","0","0","0","0","-2"
"140696","Oglethorpe University","2020","First major","'14'","Engineering","Bachelor's degree","4","4","0","0","0","0","0","0","0","0","0","0","1","1","0","0","0","0","3","3","0","0","0","0","0","0","0","0","0","0","-2"
"140818","Piedmont University","2020","First major","'14'","Engineering","Bachelor's degree","1","1","0","0","0","0","0","0","0","0","0","0","0","0","0","0","0","0","1","1","0","0","0","0","0","0","0","0","0","0","-2"
"140951","Savannah College of Art and Design","2020","First major","'14'","Engineering","Bachelor's degree","12","4","8","0","0","0","0","0","0","0","0","0","1","1","0","0","0","0","6","2","4","0","0","0","0","0","0","5","1","4","-2"
"140951","Savannah College of Art and Design","2020","First major","'14'","Engineering","Master's degree","7","1","6","0","0","0","0","0","0","1","0","1","0","0","0","0","0","0","3","1","2","0","0","0","0","0","0","3","0","3","-2"
"140951","Savannah College of Art and Design","2020","Second major","'14'","Engineering","Master's degree","2","1","1","0","0","0","0","0","0","0","0","0","0","0","0","0","0","0","0","0","0","0","0","0","0","0","0","2","1","1","-2"
"141060","Spelman College","2020","First major","'14'","Engineering","Bachelor's degree","2","0","2","0","0","0","0","0","0","1","0","1","0","0","0","0","0","0","0","0","0","0","0","0","0","0","0","1","0","1","-2"
"141264","Valdosta State University","2020","First major","'14'","Engineering","Associate's degree","3","1","2","0","0","0","0","0","0","2","1","1","0","0","0","0","0","0","1","0","1","0","0","0","0","0","0","0","0","0","-2"
"141325","Wesleyan College","2020","First major","'14'","Engineering","Bachelor's degree","0","0","0","0","0","0","0","0","0","0","0","0","0","0","0","0","0","0","0","0","0","0","0","0","0","0","0","0","0","0","-2"
"141574","University of Hawaii at Manoa","2020","First major","'14'","Engineering","Bachelor's degree","277","204","73","0","0","0","169","123","46","2","1","1","15","11","4","3","3","0","24","19","5","56","44","12","0","0","0","8","3","5","-2"
"141574","University of Hawaii at Manoa","2020","First major","'14'","Engineering","Master's degree","37","26","11","0","0","0","12","9","3","1","1","0","2","2","0","1","1","0","6","5","1","10","6","4","0","0","0","5","2","3","-2"
"141574","University of Hawaii at Manoa","2020","First major","'14'","Engineering","Doctor's degree - research/scholarship","17","14","3","0","0","0","5","5","0","0","0","0","0","0","0","0","0","0","1","0","1","2","2","0","0","0","0","9","7","2","-2"
"141644","Hawaii Pacific University","2020","First major","'14'","Engineering","Bachelor's degree","0","0","0","0","0","0","0","0","0","0","0","0","0","0","0","0","0","0","0","0","0","0","0","0","0","0","0","0","0","0","-2"
"142115","Boise State University","2020","First major","'14'","Engineering","Bachelor's degree","203","164","39","1","1","0","5","2","3","3","2","1","23","20","3","1","1","0","148","120","28","11","9","2","2","2","0","9","7","2","-2"
"142115","Boise State University","2020","First major","'14'","Engineering","Master's degree","31","24","7","0","0","0","4","3","1","0","0","0","2","1","1","0","0","0","13","10","3","0","0","0","0","0","0","12","10","2","-2"
"142115","Boise State University","2020","First major","'14'","Engineering","Doctor's degree - research/scholarship","10","9","1","0","0","0","0","0","0","0","0","0","2","2","0","0","0","0","4","4","0","0","0","0","0","0","0","4","3","1","-2"
"142115","Boise State University","2020","Second major","'14'","Engineering","Bachelor's degree","30","26","4","0","0","0","0","0","0","1","1","0","4","4","0","0","0","0","24","21","3","1","0","1","0","0","0","0","0","0","-2"
"142115","Boise State University","2020","Second major","'14'","Engineering","Master's degree","1","1","0","0","0","0","0","0","0","0","0","0","1","1","0","0","0","0","0","0","0","0","0","0","0","0","0","0","0","0","-2"
"142276","Idaho State University","2020","First major","'14'","Engineering","Bachelor's degree","77","69","8","0","0","0","3","3","0","0","0","0","6","6","0","0","0","0","26","23","3","2","1","1","4","3","1","36","33","3","-2"
"142276","Idaho State University","2020","First major","'14'","Engineering","Master's degree","14","13","1","0","0","0","0","0","0","1","1","0","1","1","0","1","1","0","6","6","0","0","0","0","0","0","0","5","4","1","-2"
"142276","Idaho State University","2020","First major","'14'","Engineering","Doctor's degree - research/scholarship","5","2","3","0","0","0","0","0","0","0","0","0","0","0","0","0","0","0","3","1","2","0","0","0","1","1","0","1","0","1","-2"
"142276","Idaho State University","2020","Second major","'14'","Engineering","Bachelor's degree","1","1","0","0","0","0","0","0","0","0","0","0","0","0","0","0","0","0","1","1","0","0","0","0","0","0","0","0","0","0","-2"
"142285","University of Idaho","2020","First major","'14'","Engineering","Bachelor's degree","243","191","52","1","1","0","5","2","3","2","2","0","13","10","3","0","0","0","154","119","35","8","5","3","2","1","1","58","51","7","-2"
"142285","University of Idaho","2020","First major","'14'","Engineering","Master's degree","72","64","8","1","1","0","1","1","0","0","0","0","8","8","0","0","0","0","33","28","5","0","0","0","3","3","0","26","23","3","-2"
"142285","University of Idaho","2020","First major","'14'","Engineering","Doctor's degree - research/scholarship","18","12","6","0","0","0","0","0","0","1","1","0","1","1","0","0","0","0","9","4","5","0","0","0","0","0","0","7","6","1","-2"
"142294","The College of Idaho","2020","First major","'14'","Engineering","Bachelor's degree","0","0","0","0","0","0","0","0","0","0","0","0","0","0","0","0","0","0","0","0","0","0","0","0","0","0","0","0","0","0","-2"
"142328","Lewis-Clark State College","2020","First major","'14'","Engineering","Associate's degree","6","5","1","0","0","0","0","0","0","0","0","0","0","0","0","0","0","0","5","4","1","1","1","0","0","0","0","0","0","0","-2"
"142443","North Idaho College","2020","First major","'14'","Engineering","Associate's degree","10","10","0","0","0","0","0","0","0","0","0","0","2","2","0","0","0","0","6","6","0","0","0","0","2","2","0","0","0","0","-2"
"142461","Northwest Nazarene University","2020","First major","'14'","Engineering","Bachelor's degree","12","11","1","0","0","0","0","0","0","0","0","0","0","0","0","0","0","0","10","9","1","1","1","0","1","1","0","0","0","0","-2"
"142522","Brigham Young University-Idaho","2020","First major","'14'","Engineering","Bachelor's degree","209","195","14","0","0","0","5","4","1","1","1","0","7","7","0","0","0","0","169","158","11","11","11","0","2","2","0","14","12","2","-2"
"142559","College of Southern Idaho","2020","First major","'14'","Engineering","Associate's degree","4","4","0","0","0","0","1","1","0","0","0","0","0","0","0","0","0","0","3","3","0","0","0","0","0","0","0","0","0","0","-2"
"143084","Augustana College","2020","First major","'14'","Engineering","Bachelor's degree","12","11","1","0","0","0","0","0","0","0","0","0","0","0","0","0","0","0","9","9","0","1","1","0","1","1","0","1","0","1","-2"
"143118","Aurora University","2020","First major","'14'","Engineering","Bachelor's degree","0","0","0","0","0","0","0","0","0","0","0","0","0","0","0","0","0","0","0","0","0","0","0","0","0","0","0","0","0","0","-2"
"143215","Southwestern Illinois College","2020","First major","'14'","Engineering","Associate's degree","8","8","0","0","0","0","0","0","0","0","0","0","0","0","0","0","0","0","7","7","0","0","0","0","0","0","0","1","1","0","-2"
"143358","Bradley University","2020","First major","'14'","Engineering","Bachelor's degree","161","133","28","0","0","0","8","6","2","3","0","3","13","10","3","0","0","0","116","98","18","8","8","0","3","2","1","10","9","1","-2"
"143358","Bradley University","2020","First major","'14'","Engineering","Master's degree","31","29","2","0","0","0","0","0","0","0","0","0","0","0","0","0","0","0","4","4","0","0","0","0","0","0","0","27","25","2","-2"
"143358","Bradley University","2020","Second major","'14'","Engineering","Bachelor's degree","1","0","1","0","0","0","0","0","0","0","0","0","1","0","1","0","0","0","0","0","0","0","0","0","0","0","0","0","0","0","-2"
"144050","University of Chicago","2020","First major","'14'","Engineering","Bachelor's degree","14","11","3","0","0","0","1","1","0","1","0","1","0","0","0","0","0","0","7","6","1","2","1","1","1","1","0","2","2","0","-2"
"144050","University of Chicago","2020","First major","'14'","Engineering","Master's degree","4","3","1","0","0","0","0","0","0","0","0","0","0","0","0","0","0","0","2","1","1","0","0","0","0","0","0","2","2","0","-2"
"144050","University of Chicago","2020","First major","'14'","Engineering","Doctor's degree - research/scholarship","12","8","4","0","0","0","3","1","2","0","0","0","0","0","0","0","0","0","5","4","1","1","1","0","0","0","0","3","2","1","-2"
"144050","University of Chicago","2020","Second major","'14'","Engineering","Bachelor's degree","7","6","1","0","0","0","2","1","1","0","0","0","3","3","0","0","0","0","1","1","0","0","0","0","0","0","0","1","1","0","-2"
"144184","City Colleges of Chicago-Harry S Truman College","2020","First major","'14'","Engineering","Associate's degree","2","1","1","0","0","0","0","0","0","2","1","1","0","0","0","0","0","0","0","0","0","0","0","0","0","0","0","0","0","0","-2"
"144193","City Colleges of Chicago-Richard J Daley College","2020","First major","'14'","Engineering","Associate's degree","10","7","3","0","0","0","0","0","0","0","0","0","9","6","3","0","0","0","0","0","0","0","0","0","0","0","0","1","1","0","-2"
"144209","City Colleges of Chicago-Harold Washington College","2020","First major","'14'","Engineering","Associate's degree","6","6","0","0","0","0","0","0","0","1","1","0","3","3","0","0","0","0","1","1","0","1","1","0","0","0","0","0","0","0","-2"
"144218","City Colleges of Chicago-Wilbur Wright College","2020","First major","'14'","Engineering","Associate's degree","11","9","2","0","0","0","2","2","0","0","0","0","5","3","2","0","0","0","3","3","0","1","1","0","0","0","0","0","0","0","-2"
"144564","Danville Area Community College","2020","First major","'14'","Engineering","Associate's degree","0","0","0","0","0","0","0","0","0","0","0","0","0","0","0","0","0","0","0","0","0","0","0","0","0","0","0","0","0","0","-2"
"144740","DePaul University","2020","First major","'14'","Engineering","Bachelor's degree","1","1","0","0","0","0","0","0","0","0","0","0","0","0","0","0","0","0","1","1","0","0","0","0","0","0","0","0","0","0","-2"
"144740","DePaul University","2020","First major","'14'","Engineering","Master's degree","17","15","2","0","0","0","1","1","0","0","0","0","0","0","0","0","0","0","10","8","2","1","1","0","2","2","0","3","3","0","-2"
"144865","College of DuPage","2020","First major","'14'","Engineering","Associate's degree","45","40","5","0","0","0","7","6","1","1","0","1","6","4","2","0","0","0","28","27","1","0","0","0","0","0","0","3","3","0","-2"
"144892","Eastern Illinois University","2020","First major","'14'","Engineering","Bachelor's degree","0","0","0","0","0","0","0","0","0","0","0","0","0","0","0","0","0","0","0","0","0","0","0","0","0","0","0","0","0","0","-2"
"144944","Elgin Community College","2020","First major","'14'","Engineering","Associate's degree","27","23","4","0","0","0","2","2","0","0","0","0","7","5","2","0","0","0","16","14","2","1","1","0","0","0","0","1","1","0","-2"
"145372","Greenville University","2020","First major","'14'","Engineering","Bachelor's degree","2","2","0","0","0","0","0","0","0","0","0","0","0","0","0","0","0","0","2","2","0","0","0","0","0","0","0","0","0","0","-2"
"145521","Highland Community College","2020","First major","'14'","Engineering","Associate's degree","1","0","1","0","0","0","0","0","0","0","0","0","0","0","0","0","0","0","1","0","1","0","0","0","0","0","0","0","0","0","-2"
"145600","University of Illinois Chicago","2020","First major","'14'","Engineering","Bachelor's degree","560","432","128","0","0","0","130","96","34","26","16","10","117","91","26","0","0","0","231","187","44","14","10","4","11","7","4","31","25","6","-2"
"145600","University of Illinois Chicago","2020","First major","'14'","Engineering","Master's degree","283","213","70","0","0","0","16","9","7","5","3","2","18","14","4","0","0","0","47","35","12","3","3","0","3","1","2","191","148","43","-2"
"145600","University of Illinois Chicago","2020","First major","'14'","Engineering","Doctor's degree - research/scholarship","72","50","22","0","0","0","4","2","2","1","1","0","0","0","0","0","0","0","17","15","2","1","1","0","0","0","0","49","31","18","-2"
"145619","Benedictine University","2020","First major","'14'","Engineering","Bachelor's degree","1","0","1","0","0","0","1","0","1","0","0","0","0","0","0","0","0","0","0","0","0","0","0","0","0","0","0","0","0","0","-2"
"145637","University of Illinois Urbana-Champaign","2020","First major","'14'","Engineering","Bachelor's degree","1667","1303","364","1","1","0","433","339","94","40","32","8","109","89","20","1","1","0","639","496","143","63","45","18","4","4","0","377","296","81","-2"
"145637","University of Illinois Urbana-Champaign","2020","First major","'14'","Engineering","Master's degree","654","498","156","1","1","0","41","34","7","6","2","4","27","18","9","0","0","0","135","107","28","7","6","1","5","4","1","432","326","106","-2"
"145637","University of Illinois Urbana-Champaign","2020","First major","'14'","Engineering","Doctor's degree - research/scholarship","256","207","49","0","0","0","21","13","8","1","1","0","2","2","0","0","0","0","52","44","8","1","1","0","0","0","0","179","146","33","-2"
"145682","Illinois Central College","2020","First major","'14'","Engineering","Associate's degree","12","10","2","0","0","0","0","0","0","2","2","0","0","0","0","0","0","0","10","8","2","0","0","0","0","0","0","0","0","0","-2"
"145707","Olney Central College","2020","First major","'14'","Engineering","Associate's degree","0","0","0","0","0","0","0","0","0","0","0","0","0","0","0","0","0","0","0","0","0","0","0","0","0","0","0","0","0","0","-2"
"145725","Illinois Institute of Technology","2020","First major","'14'","Engineering","Bachelor's degree","317","224","93","1","1","0","37","25","12","15","11","4","54","41","13","0","0","0","117","83","34","13","10","3","9","3","6","71","50","21","-2"
"145725","Illinois Institute of Technology","2020","First major","'14'","Engineering","Master's degree","314","222","92","0","0","0","12","7","5","6","4","2","15","12","3","0","0","0","58","38","20","6","5","1","3","1","2","214","155","59","-2"
"145725","Illinois Institute of Technology","2020","First major","'14'","Engineering","Doctor's degree - research/scholarship","31","26","5","0","0","0","1","1","0","0","0","0","0","0","0","0","0","0","2","2","0","0","0","0","2","2","0","26","21","5","-2"
"145831","Illinois Valley Community College","2020","First major","'14'","Engineering","Associate's degree","4","4","0","0","0","0","0","0","0","0","0","0","0","0","0","0","0","0","3","3","0","0","0","0","1","1","0","0","0","0","-2"
"146205","John A Logan College","2020","First major","'14'","Engineering","Associate's degree","0","0","0","0","0","0","0","0","0","0","0","0","0","0","0","0","0","0","0","0","0","0","0","0","0","0","0","0","0","0","-2"
"146278","John Wood Community College","2020","First major","'14'","Engineering","Associate's degree","0","0","0","0","0","0","0","0","0","0","0","0","0","0","0","0","0","0","0","0","0","0","0","0","0","0","0","0","0","0","-2"
"146348","Kankakee Community College","2020","First major","'14'","Engineering","Associate's degree","3","2","1","0","0","0","0","0","0","0","0","0","0","0","0","0","0","0","3","2","1","0","0","0","0","0","0","0","0","0","-2"
"146366","Kaskaskia College","2020","First major","'14'","Engineering","Associate's degree","8","7","1","0","0","0","0","0","0","0","0","0","1","1","0","0","0","0","5","4","1","2","2","0","0","0","0","0","0","0","-2"
"146418","Kishwaukee College","2020","First major","'14'","Engineering","Associate's degree","7","6","1","0","0","0","1","1","0","0","0","0","0","0","0","0","0","0","5","4","1","0","0","0","1","1","0","0","0","0","-2"
"146472","College of Lake County","2020","First major","'14'","Engineering","Associate's degree","28","25","3","0","0","0","2","2","0","0","0","0","4","4","0","0","0","0","16","14","2","0","0","0","3","2","1","3","3","0","-2"
"146506","Lake Land College","2020","First major","'14'","Engineering","Associate's degree","5","5","0","0","0","0","0","0","0","0","0","0","0","0","0","0","0","0","4","4","0","0","0","0","0","0","0","1","1","0","-2"
"146603","Lewis and Clark Community College","2020","First major","'14'","Engineering","Associate's degree","10","7","3","0","0","0","0","0","0","1","1","0","0","0","0","0","0","0","8","5","3","0","0","0","1","1","0","0","0","0","-2"
"146612","Lewis University","2020","First major","'14'","Engineering","Bachelor's degree","7","7","0","0","0","0","0","0","0","0","0","0","0","0","0","0","0","0","7","7","0","0","0","0","0","0","0","0","0","0","-2"
"146685","Lincoln Land Community College","2020","First major","'14'","Engineering","Associate's degree","4","4","0","0","0","0","0","0","0","0","0","0","0","0","0","0","0","0","1","1","0","0","0","0","3","3","0","0","0","0","-2"
"146719","Loyola University Chicago","2020","First major","'14'","Engineering","Bachelor's degree","50","32","18","0","0","0","6","4","2","1","1","0","5","2","3","0","0","0","26","19","7","3","2","1","6","3","3","3","1","2","-2"
"146719","Loyola University Chicago","2020","First major","'14'","Engineering","Master's degree","13","10","3","0","0","0","0","0","0","0","0","0","1","0","1","0","0","0","1","1","0","0","0","0","4","3","1","7","6","1","-2"
"147004","McHenry County College","2020","First major","'14'","Engineering","Associate's degree","5","5","0","0","0","0","0","0","0","0","0","0","1","1","0","0","0","0","4","4","0","0","0","0","0","0","0","0","0","0","-2"
"147341","Monmouth College","2020","First major","'14'","Engineering","Bachelor's degree","0","0","0","0","0","0","0","0","0","0","0","0","0","0","0","0","0","0","0","0","0","0","0","0","0","0","0","0","0","0","-2"
"147378","Moraine Valley Community College","2020","First major","'14'","Engineering","Associate's degree","2","2","0","0","0","0","0","0","0","0","0","0","0","0","0","0","0","0","2","2","0","0","0","0","0","0","0","0","0","0","-2"
"147679","North Park University","2020","First major","'14'","Engineering","Bachelor's degree","3","3","0","0","0","0","1","1","0","0","0","0","0","0","0","0","0","0","1","1","0","0","0","0","0","0","0","1","1","0","-2"
"147703","Northern Illinois University","2020","First major","'14'","Engineering","Bachelor's degree","238","201","37","0","0","0","21","17","4","9","7","2","37","32","5","0","0","0","145","122","23","7","6","1","1","0","1","18","17","1","-2"
"147703","Northern Illinois University","2020","First major","'14'","Engineering","Master's degree","90","70","20","0","0","0","3","2","1","0","0","0","4","3","1","0","0","0","14","9","5","3","1","2","0","0","0","66","55","11","-2"
"147767","Northwestern University","2020","First major","'14'","Engineering","Bachelor's degree","362","217","145","0","0","0","66","42","24","17","13","4","35","19","16","0","0","0","164","95","69","16","8","8","7","3","4","57","37","20","-2"
"147767","Northwestern University","2020","First major","'14'","Engineering","Master's degree","313","198","115","0","0","0","37","25","12","11","5","6","14","8","6","0","0","0","87","58","29","10","5","5","7","4","3","147","93","54","-2"
"147767","Northwestern University","2020","First major","'14'","Engineering","Doctor's degree - research/scholarship","129","92","37","1","1","0","18","12","6","1","0","1","6","5","1","0","0","0","29","21","8","2","2","0","3","1","2","69","50","19","-2"
"147800","Oakton Community College","2020","First major","'14'","Engineering","Associate's degree","6","5","1","0","0","0","1","1","0","0","0","0","1","1","0","0","0","0","4","3","1","0","0","0","0","0","0","0","0","0","-2"
"147828","Olivet Nazarene University","2020","First major","'14'","Engineering","Bachelor's degree","79","64","15","0","0","0","2","1","1","1","0","1","7","5","2","0","0","0","66","56","10","2","2","0","0","0","0","1","0","1","-2"
"147916","Parkland College","2020","First major","'14'","Engineering","Associate's degree","26","23","3","0","0","0","4","2","2","2","2","0","2","2","0","0","0","0","14","14","0","0","0","0","0","0","0","4","3","1","-2"
"148016","Principia College","2020","First major","'14'","Engineering","Bachelor's degree","2","2","0","0","0","0","0","0","0","0","0","0","0","0","0","0","0","0","2","2","0","0","0","0","0","0","0","0","0","0","-2"
"148256","Rend Lake College","2020","First major","'14'","Engineering","Associate's degree","10","8","2","0","0","0","0","0","0","0","0","0","0","0","0","0","0","0","10","8","2","0","0","0","0","0","0","0","0","0","-2"
"148292","Richland Community College","2020","First major","'14'","Engineering","Associate's degree","0","0","0","0","0","0","0","0","0","0","0","0","0","0","0","0","0","0","0","0","0","0","0","0","0","0","0","0","0","0","-2"
"148380","Rock Valley College","2020","First major","'14'","Engineering","Associate's degree","27","22","5","0","0","0","3","3","0","1","1","0","3","1","2","0","0","0","19","16","3","0","0","0","1","1","0","0","0","0","-2"
"148672","Sauk Valley Community College","2020","First major","'14'","Engineering","Associate's degree","1","1","0","0","0","0","0","0","0","0","0","0","0","0","0","0","0","0","1","1","0","0","0","0","0","0","0","0","0","0","-2"
"148937","Southeastern Illinois College","2020","First major","'14'","Engineering","Associate's degree","0","0","0","0","0","0","0","0","0","0","0","0","0","0","0","0","0","0","0","0","0","0","0","0","0","0","0","0","0","0","-2"
"149222","Southern Illinois University-Carbondale","2020","First major","'14'","Engineering","Bachelor's degree","138","124","14","1","0","1","2","2","0","13","11","2","13","13","0","0","0","0","71","64","7","4","2","2","0","0","0","34","32","2","-2"
"149222","Southern Illinois University-Carbondale","2020","First major","'14'","Engineering","Master's degree","44","35","9","0","0","0","0","0","0","0","0","0","0","0","0","0","0","0","6","6","0","0","0","0","0","0","0","38","29","9","-2"
"149222","Southern Illinois University-Carbondale","2020","First major","'14'","Engineering","Doctor's degree - research/scholarship","14","8","6","0","0","0","2","0","2","0","0","0","0","0","0","0","0","0","1","1","0","1","0","1","0","0","0","10","7","3","-2"
"149222","Southern Illinois University-Carbondale","2020","Second major","'14'","Engineering","Bachelor's degree","2","1","1","0","0","0","0","0","0","0","0","0","0","0","0","0","0","0","2","1","1","0","0","0","0","0","0","0","0","0","-2"
"149231","Southern Illinois University-Edwardsville","2020","First major","'14'","Engineering","Bachelor's degree","205","173","32","0","0","0","7","7","0","10","9","1","4","4","0","0","0","0","159","134","25","3","3","0","4","4","0","18","12","6","-2"
"149231","Southern Illinois University-Edwardsville","2020","First major","'14'","Engineering","Master's degree","55","43","12","0","0","0","0","0","0","1","1","0","0","0","0","0","0","0","13","10","3","0","0","0","1","1","0","40","31","9","-2"
"149231","Southern Illinois University-Edwardsville","2020","Second major","'14'","Engineering","Bachelor's degree","1","1","0","0","0","0","0","0","0","0","0","0","0","0","0","0","0","0","1","1","0","0","0","0","0","0","0","0","0","0","-2"
"149365","South Suburban College","2020","First major","'14'","Engineering","Associate's degree","0","0","0","0","0","0","0","0","0","0","0","0","0","0","0","0","0","0","0","0","0","0","0","0","0","0","0","0","0","0","-2"
"149727","Waubonsee Community College","2020","First major","'14'","Engineering","Associate's degree","6","6","0","0","0","0","0","0","0","0","0","0","1","1","0","0","0","0","5","5","0","0","0","0","0","0","0","0","0","0","-2"
"149772","Western Illinois University","2020","First major","'14'","Engineering","Bachelor's degree","24","21","3","0","0","0","0","0","0","1","1","0","4","3","1","0","0","0","16","14","2","1","1","0","2","2","0","0","0","0","-2"
"149781","Wheaton College","2020","First major","'14'","Engineering","Bachelor's degree","7","5","2","0","0","0","0","0","0","0","0","0","0","0","0","0","0","0","7","5","2","0","0","0","0","0","0","0","0","0","-2"
"149842","William Rainey Harper College","2020","First major","'14'","Engineering","Associate's degree","39","34","5","0","0","0","10","9","1","1","0","1","5","4","1","0","0","0","20","18","2","0","0","0","1","1","0","2","2","0","-2"
"150066","Anderson University","2020","First major","'14'","Engineering","Bachelor's degree","10","10","0","0","0","0","0","0","0","0","0","0","0","0","0","0","0","0","9","9","0","1","1","0","0","0","0","0","0","0","-2"
"150066","Anderson University","2020","Second major","'14'","Engineering","Bachelor's degree","1","1","0","0","0","0","0","0","0","0","0","0","0","0","0","0","0","0","1","1","0","0","0","0","0","0","0","0","0","0","-2"
"150136","Ball State University","2020","First major","'14'","Engineering","Master's degree","0","0","0","0","0","0","0","0","0","0","0","0","0","0","0","0","0","0","0","0","0","0","0","0","0","0","0","0","0","0","-2"
"150145","Bethel University","2020","First major","'14'","Engineering","Bachelor's degree","1","1","0","0","0","0","0","0","0","0","0","0","1","1","0","0","0","0","0","0","0","0","0","0","0","0","0","0","0","0","-2"
"150163","Butler University","2020","First major","'14'","Engineering","Bachelor's degree","4","2","2","0","0","0","0","0","0","0","0","0","0","0","0","0","0","0","4","2","2","0","0","0","0","0","0","0","0","0","-2"
"150400","DePauw University","2020","First major","'14'","Engineering","Bachelor's degree","2","2","0","0","0","0","0","0","0","0","0","0","0","0","0","0","0","0","0","0","0","0","0","0","0","0","0","2","2","0","-2"
"150534","University of Evansville","2020","First major","'14'","Engineering","Bachelor's degree","45","41","4","0","0","0","1","1","0","0","0","0","3","3","0","0","0","0","27","25","2","1","1","0","0","0","0","13","11","2","-2"
"150604","Franklin College","2020","First major","'14'","Engineering","Bachelor's degree","6","6","0","0","0","0","0","0","0","2","2","0","0","0","0","0","0","0","3","3","0","1","1","0","0","0","0","0","0","0","-2"
"150668","Goshen College","2020","First major","'14'","Engineering","Bachelor's degree","1","1","0","0","0","0","0","0","0","0","0","0","0","0","0","0","0","0","1","1","0","0","0","0","0","0","0","0","0","0","-2"
"150677","Grace College and Theological Seminary","2020","First major","'14'","Engineering","Bachelor's degree","7","6","1","0","0","0","0","0","0","0","0","0","0","0","0","0","0","0","7","6","1","0","0","0","0","0","0","0","0","0","-2"
"150756","Hanover College","2020","First major","'14'","Engineering","Bachelor's degree","9","8","1","0","0","0","0","0","0","1","1","0","0","0","0","0","0","0","7","6","1","0","0","0","1","1","0","0","0","0","-2"
"150987","Ivy Tech Community College","2020","First major","'14'","Engineering","Associate's degree","28","23","5","0","0","0","3","2","1","4","3","1","1","0","1","0","0","0","16","16","0","1","1","0","0","0","0","3","1","2","-2"
"151102","Purdue University Fort Wayne","2020","First major","'14'","Engineering","Bachelor's degree","67","58","9","0","0","0","3","3","0","0","0","0","6","4","2","0","0","0","47","41","6","0","0","0","0","0","0","11","10","1","-2"
"151102","Purdue University Fort Wayne","2020","First major","'14'","Engineering","Master's degree","18","17","1","0","0","0","0","0","0","0","0","0","1","1","0","0","0","0","11","10","1","2","2","0","0","0","0","4","4","0","-2"
"151111","Indiana University-Purdue University-Indianapolis","2020","First major","'14'","Engineering","Bachelor's degree","330","269","61","0","0","0","12","7","5","19","12","7","18","14","4","0","0","0","190","160","30","15","11","4","3","3","0","73","62","11","-2"
"151111","Indiana University-Purdue University-Indianapolis","2020","First major","'14'","Engineering","Master's degree","135","110","25","0","0","0","2","1","1","2","2","0","3","1","2","0","0","0","35","31","4","1","1","0","0","0","0","92","74","18","-2"
"151111","Indiana University-Purdue University-Indianapolis","2020","First major","'14'","Engineering","Doctor's degree - research/scholarship","1","1","0","0","0","0","0","0","0","0","0","0","0","0","0","0","0","0","1","1","0","0","0","0","0","0","0","0","0","0","-2"
"151263","University of Indianapolis","2020","First major","'14'","Engineering","Bachelor's degree","12","8","4","0","0","0","0","0","0","0","0","0","0","0","0","0","0","0","8","6","2","0","0","0","0","0","0","4","2","2","-2"
"151290","Indiana Institute of Technology","2020","First major","'14'","Engineering","Bachelor's degree","92","79","13","0","0","0","1","1","0","8","6","2","1","1","0","0","0","0","29","22","7","2","1","1","2","2","0","49","46","3","-2"
"151306","University of Southern Indiana","2020","First major","'14'","Engineering","Bachelor's degree","71","65","6","0","0","0","0","0","0","2","2","0","4","4","0","0","0","0","60","55","5","1","0","1","0","0","0","4","4","0","-2"
"151324","Indiana State University","2020","First major","'14'","Engineering","Bachelor's degree","2","1","1","0","0","0","0","0","0","0","0","0","0","0","0","0","0","0","1","1","0","0","0","0","0","0","0","1","0","1","-2"
"151351","Indiana University-Bloomington","2020","First major","'14'","Engineering","Bachelor's degree","10","7","3","0","0","0","0","0","0","0","0","0","1","1","0","0","0","0","7","4","3","0","0","0","0","0","0","2","2","0","-2"
"151351","Indiana University-Bloomington","2020","First major","'14'","Engineering","Master's degree","17","14","3","0","0","0","0","0","0","0","0","0","0","0","0","0","0","0","5","3","2","0","0","0","0","0","0","12","11","1","-2"
"151351","Indiana University-Bloomington","2020","First major","'14'","Engineering","Doctor's degree - research/scholarship","1","1","0","0","0","0","0","0","0","0","0","0","0","0","0","0","0","0","1","1","0","0","0","0","0","0","0","0","0","0","-2"
"151777","Manchester University","2020","First major","'14'","Engineering","Bachelor's degree","6","6","0","0","0","0","0","0","0","1","1","0","0","0","0","0","0","0","3","3","0","1","1","0","0","0","0","1","1","0","-2"
"152080","University of Notre Dame","2020","First major","'14'","Engineering","Bachelor's degree","347","228","119","0","0","0","6","2","4","10","3","7","36","23","13","0","0","0","258","174","84","15","8","7","0","0","0","22","18","4","-2"
"152080","University of Notre Dame","2020","First major","'14'","Engineering","Master's degree","117","75","42","0","0","0","9","5","4","2","2","0","2","1","1","0","0","0","55","35","20","2","1","1","0","0","0","47","31","16","-2"
"152080","University of Notre Dame","2020","First major","'14'","Engineering","Doctor's degree - research/scholarship","75","55","20","0","0","0","3","2","1","1","1","0","1","1","0","0","0","0","28","21","7","0","0","0","0","0","0","42","30","12","-2"
"152318","Rose-Hulman Institute of Technology","2020","First major","'14'","Engineering","Bachelor's degree","361","257","104","2","1","1","19","12","7","11","10","1","12","6","6","2","1","1","250","178","72","18","12","6","1","1","0","46","36","10","-2"
"152318","Rose-Hulman Institute of Technology","2020","First major","'14'","Engineering","Master's degree","13","9","4","0","0","0","1","0","1","0","0","0","1","1","0","0","0","0","7","5","2","0","0","0","0","0","0","4","3","1","-2"
"152318","Rose-Hulman Institute of Technology","2020","Second major","'14'","Engineering","Bachelor's degree","35","23","12","0","0","0","2","1","1","2","2","0","1","0","1","0","0","0","23","14","9","1","0","1","1","1","0","5","5","0","-2"
"152530","Taylor University","2020","First major","'14'","Engineering","Bachelor's degree","9","5","4","0","0","0","0","0","0","0","0","0","0","0","0","0","0","0","9","5","4","0","0","0","0","0","0","0","0","0","-2"
"152567","Trine University","2020","First major","'14'","Engineering","Bachelor's degree","126","103","23","0","0","0","4","3","1","2","2","0","6","6","0","0","0","0","100","79","21","0","0","0","3","3","0","11","10","1","-2"
"152567","Trine University","2020","First major","'14'","Engineering","Master's degree","1","1","0","0","0","0","0","0","0","0","0","0","0","0","0","0","0","0","0","0","0","0","0","0","1","1","0","0","0","0","-2"
"152600","Valparaiso University","2020","First major","'14'","Engineering","Bachelor's degree","131","97","34","0","0","0","3","1","2","3","2","1","7","6","1","0","0","0","92","67","25","0","0","0","4","4","0","22","17","5","-2"
"152637","Vincennes University","2020","First major","'14'","Engineering","Associate's degree","10","9","1","0","0","0","0","0","0","0","0","0","1","1","0","0","0","0","9","8","1","0","0","0","0","0","0","0","0","0","-2"
"153108","Central College","2020","First major","'14'","Engineering","Bachelor's degree","4","4","0","0","0","0","0","0","0","0","0","0","0","0","0","0","0","0","3","3","0","1","1","0","0","0","0","0","0","0","-2"
"153162","Cornell College","2020","First major","'14'","Engineering","Bachelor's degree","5","3","2","0","0","0","0","0","0","0","0","0","2","0","2","0","0","0","1","1","0","0","0","0","1","1","0","1","1","0","-2"
"153250","Dordt University","2020","First major","'14'","Engineering","Bachelor's degree","24","21","3","0","0","0","0","0","0","0","0","0","1","1","0","0","0","0","19","17","2","0","0","0","0","0","0","4","3","1","-2"
"153250","Dordt University","2020","Second major","'14'","Engineering","Bachelor's degree","1","1","0","0","0","0","0","0","0","0","0","0","0","0","0","0","0","0","1","1","0","0","0","0","0","0","0","0","0","0","-2"
"153472","Indian Hills Community College","2020","First major","'14'","Engineering","Associate's degree","2","0","2","0","0","0","0","0","0","0","0","0","0","0","0","0","0","0","1","0","1","1","0","1","0","0","0","0","0","0","-2"
"153603","Iowa State University","2020","First major","'14'","Engineering","Bachelor's degree","1571","1309","262","3","3","0","56","41","15","34","30","4","54","42","12","1","1","0","1127","958","169","27","20","7","82","60","22","187","154","33","-2"
"153603","Iowa State University","2020","First major","'14'","Engineering","Master's degree","239","182","57","0","0","0","2","0","2","7","4","3","4","3","1","0","0","0","87","68","19","0","0","0","10","7","3","129","100","29","-2"
"153603","Iowa State University","2020","First major","'14'","Engineering","Doctor's degree - research/scholarship","141","105","36","0","0","0","2","1","1","3","3","0","0","0","0","0","0","0","27","22","5","0","0","0","9","5","4","100","74","26","-2"
"153603","Iowa State University","2020","Second major","'14'","Engineering","Master's degree","9","9","0","0","0","0","0","0","0","0","0","0","0","0","0","0","0","0","5","5","0","0","0","0","0","0","0","4","4","0","-2"
"153603","Iowa State University","2020","Second major","'14'","Engineering","Doctor's degree - research/scholarship","9","8","1","0","0","0","0","0","0","0","0","0","0","0","0","0","0","0","3","3","0","0","0","0","1","1","0","5","4","1","-2"
"153658","University of Iowa","2020","First major","'14'","Engineering","Bachelor's degree","491","364","127","1","1","0","27","19","8","13","10","3","24","16","8","0","0","0","354","262","92","16","13","3","7","5","2","49","38","11","-2"
"153658","University of Iowa","2020","First major","'14'","Engineering","Master's degree","69","47","22","0","0","0","3","2","1","2","1","1","8","5","3","0","0","0","42","30","12","4","2","2","3","2","1","7","5","2","-2"
"153658","University of Iowa","2020","First major","'14'","Engineering","Doctor's degree - research/scholarship","31","25","6","0","0","0","0","0","0","1","0","1","1","1","0","0","0","0","5","3","2","0","0","0","3","3","0","21","18","3","-2"
"153658","University of Iowa","2020","Second major","'14'","Engineering","Bachelor's degree","3","2","1","0","0","0","0","0","0","0","0","0","0","0","0","0","0","0","2","1","1","0","0","0","0","0","0","1","1","0","-2"
"153825","Loras College","2020","First major","'14'","Engineering","Bachelor's degree","10","7","3","0","0","0","0","0","0","0","0","0","0","0","0","0","0","0","10","7","3","0","0","0","0","0","0","0","0","0","-2"
"154004","Morningside College","2020","First major","'14'","Engineering","Bachelor's degree","2","2","0","0","0","0","0","0","0","0","0","0","0","0","0","0","0","0","2","2","0","0","0","0","0","0","0","0","0","0","-2"
"154004","Morningside College","2020","Second major","'14'","Engineering","Bachelor's degree","2","2","0","0","0","0","0","0","0","0","0","0","0","0","0","0","0","0","2","2","0","0","0","0","0","0","0","0","0","0","-2"
"154022","Ashford University","2020","First major","'14'","Engineering","Bachelor's degree","1","0","1","0","0","0","0","0","0","0","0","0","0","0","0","0","0","0","0","0","0","0","0","0","1","0","1","0","0","0","-2"
"154235","Saint Ambrose University","2020","First major","'14'","Engineering","Bachelor's degree","47","40","7","0","0","0","0","0","0","2","1","1","2","1","1","0","0","0","18","14","4","0","0","0","1","0","1","24","24","0","-2"
"154235","Saint Ambrose University","2020","Second major","'14'","Engineering","Bachelor's degree","2","1","1","0","0","0","0","0","0","0","0","0","0","0","0","0","0","0","1","1","0","0","0","0","1","0","1","0","0","0","-2"
"154350","Simpson College","2020","First major","'14'","Engineering","Bachelor's degree","0","0","0","0","0","0","0","0","0","0","0","0","0","0","0","0","0","0","0","0","0","0","0","0","0","0","0","0","0","0","-2"
"154493","Upper Iowa University","2020","First major","'14'","Engineering","Bachelor's degree","1","1","0","0","0","0","0","0","0","0","0","0","0","0","0","0","0","0","1","1","0","0","0","0","0","0","0","0","0","0","-2"
"154527","Wartburg College","2020","First major","'14'","Engineering","Bachelor's degree","9","8","1","0","0","0","0","0","0","0","0","0","0","0","0","0","0","0","8","7","1","0","0","0","0","0","0","1","1","0","-2"
"154590","William Penn University","2020","First major","'14'","Engineering","Bachelor's degree","5","3","2","0","0","0","0","0","0","1","0","1","0","0","0","0","0","0","2","2","0","0","0","0","1","0","1","1","1","0","-2"
"154590","William Penn University","2020","Second major","'14'","Engineering","Bachelor's degree","1","1","0","0","0","0","0","0","0","1","1","0","0","0","0","0","0","0","0","0","0","0","0","0","0","0","0","0","0","0","-2"
"154697","Barton County Community College","2020","First major","'14'","Engineering","Associate's degree","0","0","0","0","0","0","0","0","0","0","0","0","0","0","0","0","0","0","0","0","0","0","0","0","0","0","0","0","0","0","-2"
"154712","Benedictine College","2020","First major","'14'","Engineering","Bachelor's degree","32","25","7","0","0","0","1","1","0","0","0","0","2","2","0","0","0","0","29","22","7","0","0","0","0","0","0","0","0","0","-2"
"154721","Bethany College","2020","First major","'14'","Engineering","Bachelor's degree","3","2","1","0","0","0","0","0","0","1","1","0","0","0","0","0","0","0","2","1","1","0","0","0","0","0","0","0","0","0","-2"
"154800","Butler Community College","2020","First major","'14'","Engineering","Associate's degree","10","8","2","0","0","0","1","0","1","0","0","0","3","3","0","0","0","0","4","4","0","0","0","0","0","0","0","2","1","1","-2"
"154934","Colby Community College","2020","First major","'14'","Engineering","Associate's degree","0","0","0","0","0","0","0","0","0","0","0","0","0","0","0","0","0","0","0","0","0","0","0","0","0","0","0","0","0","0","-2"
"154998","Dodge City Community College","2020","First major","'14'","Engineering","Associate's degree","8","8","0","0","0","0","1","1","0","1","1","0","4","4","0","0","0","0","2","2","0","0","0","0","0","0","0","0","0","0","-2"
"155052","Flint Hills Technical College","2020","First major","'14'","Engineering","Associate's degree","13","12","1","0","0","0","0","0","0","0","0","0","7","6","1","0","0","0","6","6","0","0","0","0","0","0","0","0","0","0","-2"
"155061","Fort Hays State University","2020","First major","'14'","Engineering","Bachelor's degree","11","10","1","0","0","0","0","0","0","0","0","0","0","0","0","0","0","0","11","10","1","0","0","0","0","0","0","0","0","0","-2"
"155186","Highland Community College","2020","First major","'14'","Engineering","Associate's degree","0","0","0","0","0","0","0","0","0","0","0","0","0","0","0","0","0","0","0","0","0","0","0","0","0","0","0","0","0","0","-2"
"155317","University of Kansas","2020","First major","'14'","Engineering","Bachelor's degree","418","309","109","0","0","0","24","14","10","11","9","2","35","24","11","0","0","0","275","208","67","14","8","6","3","2","1","56","44","12","-2"
"155317","University of Kansas","2020","First major","'14'","Engineering","Master's degree","68","47","21","1","0","1","0","0","0","0","0","0","3","3","0","0","0","0","33","21","12","1","1","0","0","0","0","30","22","8","-2"
"155317","University of Kansas","2020","First major","'14'","Engineering","Doctor's degree - research/scholarship","46","32","14","0","0","0","3","3","0","0","0","0","0","0","0","0","0","0","9","5","4","0","0","0","2","1","1","32","23","9","-2"
"155399","Kansas State University","2020","First major","'14'","Engineering","Bachelor's degree","588","455","133","1","1","0","12","6","6","12","8","4","33","23","10","0","0","0","463","364","99","15","9","6","14","11","3","38","33","5","-2"
"155399","Kansas State University","2020","First major","'14'","Engineering","Master's degree","72","52","20","0","0","0","2","1","1","5","4","1","2","2","0","0","0","0","42","31","11","1","0","1","1","1","0","19","13","6","-2"
"155399","Kansas State University","2020","First major","'14'","Engineering","Doctor's degree - research/scholarship","39","31","8","0","0","0","2","2","0","0","0","0","1","0","1","0","0","0","7","7","0","0","0","0","2","2","0","27","20","7","-2"
"155399","Kansas State University","2020","Second major","'14'","Engineering","Bachelor's degree","9","1","8","0","0","0","0","0","0","0","0","0","0","0","0","0","0","0","9","1","8","0","0","0","0","0","0","0","0","0","-2"
"155414","Kansas Wesleyan University","2020","First major","'14'","Engineering","Bachelor's degree","0","0","0","0","0","0","0","0","0","0","0","0","0","0","0","0","0","0","0","0","0","0","0","0","0","0","0","0","0","0","-2"
"155627","Ottawa University-Ottawa","2020","First major","'14'","Engineering","Bachelor's degree","3","2","1","0","0","0","0","0","0","0","0","0","0","0","0","0","0","0","3","2","1","0","0","0","0","0","0","0","0","0","-2"
"156082","Washburn University","2020","First major","'14'","Engineering","Associate's degree","3","3","0","0","0","0","0","0","0","1","1","0","0","0","0","0","0","0","2","2","0","0","0","0","0","0","0","0","0","0","-2"
"156125","Wichita State University","2020","First major","'14'","Engineering","Bachelor's degree","296","234","62","1","1","0","33","19","14","11","8","3","16","14","2","0","0","0","127","105","22","9","8","1","9","9","0","90","70","20","-2"
"156125","Wichita State University","2020","First major","'14'","Engineering","Master's degree","107","87","20","0","0","0","7","4","3","2","2","0","3","3","0","0","0","0","21","18","3","2","2","0","0","0","0","72","58","14","-2"
"156125","Wichita State University","2020","First major","'14'","Engineering","Doctor's degree - research/scholarship","16","14","2","0","0","0","1","1","0","0","0","0","0","0","0","0","0","0","2","2","0","0","0","0","0","0","0","13","11","2","-2"
"156125","Wichita State University","2020","Second major","'14'","Engineering","Bachelor's degree","2","2","0","0","0","0","0","0","0","0","0","0","0","0","0","0","0","0","0","0","0","0","0","0","0","0","0","2","2","0","-2"
"156213","Asbury University","2020","First major","'14'","Engineering","Bachelor's degree","1","1","0","0","0","0","0","0","0","0","0","0","0","0","0","0","0","0","1","1","0","0","0","0","0","0","0","0","0","0","-2"
"156286","Bellarmine University","2020","First major","'14'","Engineering","Bachelor's degree","3","3","0","0","0","0","0","0","0","0","0","0","0","0","0","0","0","0","3","3","0","0","0","0","0","0","0","0","0","0","-2"
"156356","Brescia University","2020","First major","'14'","Engineering","Associate's degree","0","0","0","0","0","0","0","0","0","0","0","0","0","0","0","0","0","0","0","0","0","0","0","0","0","0","0","0","0","0","-2"
"156392","Bluegrass Community and Technical College","2020","First major","'14'","Engineering","Associate's degree","0","0","0","0","0","0","0","0","0","0","0","0","0","0","0","0","0","0","0","0","0","0","0","0","0","0","0","0","0","0","-2"
"156541","University of the Cumberlands","2020","First major","'14'","Engineering","Bachelor's degree","3","3","0","0","0","0","1","1","0","0","0","0","0","0","0","0","0","0","1","1","0","0","0","0","0","0","0","1","1","0","-2"
"157085","University of Kentucky","2020","First major","'14'","Engineering","Bachelor's degree","494","381","113","0","0","0","15","12","3","7","2","5","24","23","1","0","0","0","398","303","95","13","12","1","16","14","2","21","15","6","-2"
"157085","University of Kentucky","2020","First major","'14'","Engineering","Master's degree","70","62","8","0","0","0","3","1","2","3","3","0","4","3","1","0","0","0","39","35","4","0","0","0","3","3","0","18","17","1","-2"
"157085","University of Kentucky","2020","First major","'14'","Engineering","Doctor's degree - research/scholarship","45","31","14","0","0","0","1","1","0","0","0","0","1","1","0","0","0","0","9","8","1","1","1","0","4","2","2","29","18","11","-2"
"157085","University of Kentucky","2020","Second major","'14'","Engineering","Bachelor's degree","3","3","0","0","0","0","0","0","0","0","0","0","0","0","0","0","0","0","3","3","0","0","0","0","0","0","0","0","0","0","-2"
"157216","Lindsey Wilson College","2020","First major","'14'","Engineering","Associate's degree","1","1","0","0","0","0","0","0","0","0","0","0","0","0","0","0","0","0","1","1","0","0","0","0","0","0","0","0","0","0","-2"
"157289","University of Louisville","2020","First major","'14'","Engineering","Bachelor's degree","413","317","96","1","1","0","31","17","14","14","10","4","13","11","2","0","0","0","327","262","65","14","9","5","0","0","0","13","7","6","-2"
"157289","University of Louisville","2020","First major","'14'","Engineering","Master's degree","161","112","49","0","0","0","9","6","3","6","4","2","11","6","5","0","0","0","112","84","28","8","4","4","0","0","0","15","8","7","-2"
"157289","University of Louisville","2020","First major","'14'","Engineering","Doctor's degree - research/scholarship","20","17","3","0","0","0","0","0","0","0","0","0","0","0","0","0","0","0","4","2","2","0","0","0","0","0","0","16","15","1","-2"
"157386","Morehead State University","2020","First major","'14'","Engineering","Bachelor's degree","13","6","7","0","0","0","0","0","0","0","0","0","0","0","0","0","0","0","12","5","7","0","0","0","0","0","0","1","1","0","-2"
"157386","Morehead State University","2020","First major","'14'","Engineering","Master's degree","4","1","3","0","0","0","0","0","0","0","0","0","1","1","0","0","0","0","3","0","3","0","0","0","0","0","0","0","0","0","-2"
"157401","Murray State University","2020","First major","'14'","Engineering","Bachelor's degree","21","18","3","0","0","0","0","0","0","0","0","0","1","1","0","0","0","0","16","13","3","2","2","0","0","0","0","2","2","0","-2"
"157951","Western Kentucky University","2020","First major","'14'","Engineering","Bachelor's degree","116","97","19","0","0","0","1","1","0","0","0","0","3","3","0","0","0","0","92","74","18","4","4","0","2","2","0","14","13","1","-2"
"158431","Bossier Parish Community College","2020","First major","'14'","Engineering","Associate's degree","11","11","0","1","1","0","1","1","0","1","1","0","1","1","0","0","0","0","7","7","0","0","0","0","0","0","0","0","0","0","-2"
"159391","Louisiana State University and Agricultural & Mechanical College","2020","First major","'14'","Engineering","Bachelor's degree","726","543","183","3","3","0","58","34","24","45","30","15","48","33","15","1","0","1","510","392","118","12","9","3","4","4","0","45","38","7","-2"
"159391","Louisiana State University and Agricultural & Mechanical College","2020","First major","'14'","Engineering","Master's degree","50","36","14","0","0","0","2","0","2","0","0","0","4","4","0","0","0","0","18","13","5","0","0","0","0","0","0","26","19","7","-2"
"159391","Louisiana State University and Agricultural & Mechanical College","2020","First major","'14'","Engineering","Doctor's degree - research/scholarship","56","43","13","0","0","0","2","1","1","2","1","1","0","0","0","0","0","0","12","9","3","0","0","0","1","1","0","39","31","8","-2"
"159647","Louisiana Tech University","2020","First major","'14'","Engineering","Bachelor's degree","232","179","53","0","0","0","8","6","2","17","15","2","12","8","4","0","0","0","171","135","36","6","4","2","8","6","2","10","5","5","-2"
"159647","Louisiana Tech University","2020","First major","'14'","Engineering","Master's degree","32","26","6","0","0","0","0","0","0","1","1","0","0","0","0","0","0","0","13","11","2","0","0","0","0","0","0","18","14","4","-2"
"159647","Louisiana Tech University","2020","First major","'14'","Engineering","Doctor's degree - research/scholarship","10","9","1","0","0","0","0","0","0","0","0","0","0","0","0","0","0","0","4","4","0","0","0","0","0","0","0","6","5","1","-2"
"159717","McNeese State University","2020","First major","'14'","Engineering","Bachelor's degree","110","87","23","0","0","0","4","1","3","2","2","0","3","3","0","0","0","0","65","53","12","2","1","1","0","0","0","34","27","7","-2"
"159717","McNeese State University","2020","First major","'14'","Engineering","Master's degree","5","4","1","0","0","0","0","0","0","0","0","0","0","0","0","0","0","0","0","0","0","0","0","0","0","0","0","5","4","1","-2"
"159939","University of New Orleans","2020","First major","'14'","Engineering","Bachelor's degree","145","121","24","0","0","0","13","12","1","7","4","3","17","14","3","0","0","0","82","68","14","9","8","1","0","0","0","17","15","2","-2"
"159939","University of New Orleans","2020","First major","'14'","Engineering","Master's degree","18","15","3","0","0","0","1","1","0","0","0","0","1","1","0","0","0","0","10","7","3","0","0","0","0","0","0","6","6","0","-2"
"159939","University of New Orleans","2020","First major","'14'","Engineering","Doctor's degree - research/scholarship","10","8","2","0","0","0","0","0","0","0","0","0","0","0","0","0","0","0","5","4","1","0","0","0","1","1","0","4","3","1","-2"
"160621","Southern University and A & M College","2020","First major","'14'","Engineering","Bachelor's degree","38","24","14","0","0","0","0","0","0","36","22","14","0","0","0","0","0","0","1","1","0","0","0","0","1","1","0","0","0","0","-2"
"160621","Southern University and A & M College","2020","First major","'14'","Engineering","Master's degree","10","10","0","0","0","0","2","2","0","8","8","0","0","0","0","0","0","0","0","0","0","0","0","0","0","0","0","0","0","0","-2"
"160658","University of Louisiana at Lafayette","2020","First major","'14'","Engineering","Bachelor's degree","328","260","68","0","0","0","20","12","8","18","16","2","11","10","1","0","0","0","246","193","53","3","2","1","9","8","1","21","19","2","-2"
"160658","University of Louisiana at Lafayette","2020","First major","'14'","Engineering","Master's degree","30","20","10","0","0","0","0","0","0","1","0","1","1","1","0","0","0","0","5","3","2","0","0","0","0","0","0","23","16","7","-2"
"160658","University of Louisiana at Lafayette","2020","First major","'14'","Engineering","Doctor's degree - research/scholarship","11","9","2","0","0","0","3","3","0","0","0","0","0","0","0","0","0","0","2","2","0","0","0","0","5","3","2","1","1","0","-2"
"160755","Tulane University of Louisiana","2020","First major","'14'","Engineering","Bachelor's degree","89","56","33","0","0","0","7","4","3","5","4","1","5","3","2","0","0","0","60","36","24","5","4","1","1","0","1","6","5","1","-2"
"160755","Tulane University of Louisiana","2020","First major","'14'","Engineering","Master's degree","32","15","17","0","0","0","0","0","0","1","1","0","1","0","1","0","0","0","23","10","13","0","0","0","1","0","1","6","4","2","-2"
"160755","Tulane University of Louisiana","2020","First major","'14'","Engineering","Doctor's degree - research/scholarship","14","10","4","0","0","0","0","0","0","0","0","0","1","1","0","0","0","0","6","5","1","0","0","0","0","0","0","7","4","3","-2"
"160977","Bates College","2020","First major","'14'","Engineering","Bachelor's degree","1","1","0","0","0","0","0","0","0","0","0","0","0","0","0","0","0","0","1","1","0","0","0","0","0","0","0","0","0","0","-2"
"160977","Bates College","2020","Second major","'14'","Engineering","Bachelor's degree","1","0","1","0","0","0","0","0","0","0","0","0","0","0","0","0","0","0","0","0","0","0","0","0","0","0","0","1","0","1","-2"
"161192","Kennebec Valley Community College","2020","First major","'14'","Engineering","Associate's degree","4","4","0","0","0","0","0","0","0","0","0","0","1","1","0","0","0","0","3","3","0","0","0","0","0","0","0","0","0","0","-2"
"161253","University of Maine","2020","First major","'14'","Engineering","Bachelor's degree","239","187","52","0","0","0","5","3","2","1","1","0","3","3","0","0","0","0","219","171","48","1","1","0","4","4","0","6","4","2","-2"
"161253","University of Maine","2020","First major","'14'","Engineering","Master's degree","38","31","7","0","0","0","1","0","1","0","0","0","0","0","0","0","0","0","21","19","2","1","1","0","3","3","0","12","8","4","-2"
"161253","University of Maine","2020","First major","'14'","Engineering","Doctor's degree - research/scholarship","7","6","1","0","0","0","0","0","0","1","1","0","1","1","0","0","0","0","2","1","1","0","0","0","0","0","0","3","3","0","-2"
"161253","University of Maine","2020","Second major","'14'","Engineering","Bachelor's degree","3","3","0","0","0","0","0","0","0","0","0","0","0","0","0","0","0","0","3","3","0","0","0","0","0","0","0","0","0","0","-2"
"161299","Maine Maritime Academy","2020","First major","'14'","Engineering","Bachelor's degree","79","74","5","0","0","0","0","0","0","0","0","0","1","1","0","0","0","0","74","69","5","0","0","0","4","4","0","0","0","0","-2"
"161545","Southern Maine Community College","2020","First major","'14'","Engineering","Associate's degree","10","8","2","0","0","0","0","0","0","1","0","1","2","2","0","0","0","0","6","5","1","0","0","0","1","1","0","0","0","0","-2"
"161554","University of Southern Maine","2020","First major","'14'","Engineering","Bachelor's degree","31","28","3","0","0","0","0","0","0","5","5","0","0","0","0","0","0","0","22","19","3","2","2","0","0","0","0","2","2","0","-2"
"161767","Anne Arundel Community College","2020","First major","'14'","Engineering","Associate's degree","53","38","15","0","0","0","4","4","0","4","4","0","0","0","0","0","0","0","34","25","9","2","1","1","2","2","0","7","2","5","-2"
"161864","Baltimore City Community College","2020","First major","'14'","Engineering","Associate's degree","4","3","1","0","0","0","0","0","0","0","0","0","0","0","0","0","0","0","2","1","1","0","0","0","0","0","0","2","2","0","-2"
"162061","Capitol Technology University","2020","First major","'14'","Engineering","Bachelor's degree","26","21","5","0","0","0","3","1","2","4","3","1","2","2","0","0","0","0","14","12","2","1","1","0","2","2","0","0","0","0","-2"
"162061","Capitol Technology University","2020","First major","'14'","Engineering","Master's degree","1","1","0","0","0","0","0","0","0","0","0","0","0","0","0","0","0","0","1","1","0","0","0","0","0","0","0","0","0","0","-2"
"162104","Cecil College","2020","First major","'14'","Engineering","Associate's degree","17","13","4","0","0","0","0","0","0","0","0","0","6","2","4","0","0","0","9","9","0","2","2","0","0","0","0","0","0","0","-2"
"162122","College of Southern Maryland","2020","First major","'14'","Engineering","Associate's degree","44","39","5","0","0","0","1","1","0","2","2","0","5","4","1","1","1","0","31","28","3","3","2","1","1","1","0","0","0","0","-2"
"162210","Washington Adventist University","2020","First major","'14'","Engineering","Associate's degree","0","0","0","0","0","0","0","0","0","0","0","0","0","0","0","0","0","0","0","0","0","0","0","0","0","0","0","0","0","0","-2"
"162557","Frederick Community College","2020","First major","'14'","Engineering","Associate's degree","0","0","0","0","0","0","0","0","0","0","0","0","0","0","0","0","0","0","0","0","0","0","0","0","0","0","0","0","0","0","-2"
"162584","Frostburg State University","2020","First major","'14'","Engineering","Bachelor's degree","38","34","4","0","0","0","2","1","1","2","2","0","3","3","0","0","0","0","25","24","1","3","2","1","2","1","1","1","1","0","-2"
"162609","Garrett College","2020","First major","'14'","Engineering","Associate's degree","2","2","0","0","0","0","0","0","0","0","0","0","0","0","0","0","0","0","2","2","0","0","0","0","0","0","0","0","0","0","-2"
"162654","Goucher College","2020","First major","'14'","Engineering","Bachelor's degree","0","0","0","0","0","0","0","0","0","0","0","0","0","0","0","0","0","0","0","0","0","0","0","0","0","0","0","0","0","0","-2"
"162690","Hagerstown Community College","2020","First major","'14'","Engineering","Associate's degree","5","4","1","0","0","0","1","1","0","1","0","1","0","0","0","0","0","0","3","3","0","0","0","0","0","0","0","0","0","0","-2"
"162690","Hagerstown Community College","2020","Second major","'14'","Engineering","Associate's degree","4","2","2","0","0","0","2","1","1","0","0","0","1","1","0","0","0","0","1","0","1","0","0","0","0","0","0","0","0","0","-2"
"162706","Harford Community College","2020","First major","'14'","Engineering","Associate's degree","18","13","5","0","0","0","2","2","0","0","0","0","2","2","0","0","0","0","12","7","5","2","2","0","0","0","0","0","0","0","-2"
"162779","Howard Community College","2020","First major","'14'","Engineering","Associate's degree","33","27","6","0","0","0","7","6","1","3","2","1","2","2","0","0","0","0","13","11","2","2","2","0","1","1","0","5","3","2","-2"
"162928","Johns Hopkins University","2020","First major","'14'","Engineering","Bachelor's degree","288","177","111","0","0","0","94","62","32","18","14","4","55","27","28","0","0","0","74","49","25","11","6","5","12","6","6","24","13","11","-2"
"162928","Johns Hopkins University","2020","First major","'14'","Engineering","Master's degree","759","524","235","1","0","1","89","55","34","31","22","9","38","25","13","0","0","0","350","260","90","26","16","10","32","20","12","192","126","66","-2"
"162928","Johns Hopkins University","2020","First major","'14'","Engineering","Doctor's degree - research/scholarship","75","65","10","0","0","0","7","7","0","1","1","0","1","1","0","0","0","0","26","21","5","1","1","0","1","1","0","38","33","5","-2"
"162928","Johns Hopkins University","2020","Second major","'14'","Engineering","Bachelor's degree","7","5","2","0","0","0","0","0","0","0","0","0","1","0","1","0","0","0","6","5","1","0","0","0","0","0","0","0","0","0","-2"
"163046","Loyola University Maryland","2020","First major","'14'","Engineering","Bachelor's degree","39","26","13","0","0","0","2","1","1","1","0","1","6","6","0","0","0","0","29","19","10","1","0","1","0","0","0","0","0","0","-2"
"163046","Loyola University Maryland","2020","First major","'14'","Engineering","Master's degree","0","0","0","0","0","0","0","0","0","0","0","0","0","0","0","0","0","0","0","0","0","0","0","0","0","0","0","0","0","0","-2"
"163268","University of Maryland-Baltimore County","2020","First major","'14'","Engineering","Bachelor's degree","242","190","52","1","1","0","42","28","14","26","20","6","13","8","5","0","0","0","123","101","22","8","5","3","10","9","1","19","18","1","-2"
"163268","University of Maryland-Baltimore County","2020","First major","'14'","Engineering","Master's degree","34","25","9","0","0","0","2","1","1","2","0","2","1","0","1","0","0","0","17","14","3","0","0","0","0","0","0","12","10","2","-2"
"163268","University of Maryland-Baltimore County","2020","First major","'14'","Engineering","Doctor's degree - research/scholarship","18","13","5","0","0","0","1","1","0","0","0","0","0","0","0","0","0","0","9","6","3","0","0","0","1","1","0","7","5","2","-2"
"163286","University of Maryland-College Park","2020","First major","'14'","Engineering","Bachelor's degree","1077","785","292","0","0","0","177","122","55","72","53","19","80","62","18","1","0","1","638","472","166","45","32","13","20","15","5","44","29","15","-2"
"163286","University of Maryland-College Park","2020","First major","'14'","Engineering","Master's degree","576","455","121","0","0","0","42","27","15","25","21","4","14","13","1","0","0","0","121","99","22","8","6","2","10","7","3","356","282","74","-2"
"163286","University of Maryland-College Park","2020","First major","'14'","Engineering","Doctor's degree - research/scholarship","131","110","21","0","0","0","12","8","4","3","2","1","2","2","0","0","0","0","39","34","5","4","3","1","4","2","2","67","59","8","-2"
"163338","University of Maryland Eastern Shore","2020","First major","'14'","Engineering","Bachelor's degree","19","17","2","0","0","0","1","1","0","7","7","0","1","1","0","0","0","0","3","2","1","0","0","0","0","0","0","7","6","1","-2"
"163426","Montgomery College","2020","First major","'14'","Engineering","Associate's degree","106","89","17","0","0","0","18","16","2","22","20","2","13","12","1","0","0","0","22","16","6","4","4","0","0","0","0","27","21","6","-2"
"163453","Morgan State University","2020","First major","'14'","Engineering","Bachelor's degree","215","178","37","0","0","0","5","4","1","80","57","23","0","0","0","0","0","0","4","3","1","4","2","2","1","1","0","121","111","10","-2"
"163453","Morgan State University","2020","First major","'14'","Engineering","Master's degree","18","15","3","0","0","0","1","1","0","11","9","2","0","0","0","0","0","0","1","1","0","1","0","1","0","0","0","4","4","0","-2"
"163453","Morgan State University","2020","First major","'14'","Engineering","Doctor's degree - research/scholarship","10","5","5","0","0","0","2","1","1","4","2","2","0","0","0","0","0","0","2","1","1","0","0","0","0","0","0","2","1","1","-2"
"163657","Prince George's Community College","2020","First major","'14'","Engineering","Associate's degree","17","12","5","0","0","0","2","1","1","9","7","2","3","2","1","0","0","0","0","0","0","0","0","0","1","1","0","2","1","1","-2"
"164155","United States Naval Academy","2020","First major","'14'","Engineering","Bachelor's degree","375","308","67","1","1","0","27","21","6","9","8","1","33","25","8","1","1","0","260","219","41","31","22","9","5","4","1","8","7","1","-2"
"164173","Stevenson University","2020","First major","'14'","Engineering","Bachelor's degree","0","0","0","0","0","0","0","0","0","0","0","0","0","0","0","0","0","0","0","0","0","0","0","0","0","0","0","0","0","0","-2"
"164775","Berkshire Community College","2020","First major","'14'","Engineering","Associate's degree","3","2","1","0","0","0","0","0","0","0","0","0","2","1","1","0","0","0","1","1","0","0","0","0","0","0","0","0","0","0","-2"
"164988","Boston University","2020","First major","'14'","Engineering","Bachelor's degree","425","263","162","1","1","0","84","49","35","11","6","5","29","14","15","0","0","0","176","109","67","15","8","7","11","9","2","98","67","31","-2"
"164988","Boston University","2020","First major","'14'","Engineering","Master's degree","338","245","93","0","0","0","30","17","13","5","4","1","11","10","1","0","0","0","92","65","27","7","2","5","13","8","5","180","139","41","-2"
"164988","Boston University","2020","First major","'14'","Engineering","Doctor's degree - research/scholarship","71","43","28","0","0","0","6","2","4","0","0","0","1","1","0","0","0","0","16","13","3","1","1","0","5","3","2","42","23","19","-2"
"164988","Boston University","2020","Second major","'14'","Engineering","Bachelor's degree","5","2","3","0","0","0","1","0","1","0","0","0","0","0","0","0","0","0","1","0","1","0","0","0","0","0","0","3","2","1","-2"
"165033","Bristol Community College","2020","First major","'14'","Engineering","Associate's degree","22","18","4","0","0","0","0","0","0","3","2","1","0","0","0","0","0","0","17","14","3","1","1","0","1","1","0","0","0","0","-2"
"165112","Bunker Hill Community College","2020","First major","'14'","Engineering","Associate's degree","49","39","10","0","0","0","2","2","0","8","6","2","8","6","2","0","0","0","11","9","2","2","2","0","9","8","1","9","6","3","-2"
"165194","Cape Cod Community College","2020","First major","'14'","Engineering","Associate's degree","4","4","0","0","0","0","0","0","0","0","0","0","0","0","0","0","0","0","4","4","0","0","0","0","0","0","0","0","0","0","-2"
"165644","Eastern Nazarene College","2020","First major","'14'","Engineering","Bachelor's degree","6","5","1","0","0","0","0","0","0","2","1","1","0","0","0","0","0","0","3","3","0","0","0","0","0","0","0","1","1","0","-2"
"165699","Endicott College","2020","First major","'14'","Engineering","Bachelor's degree","5","2","3","1","0","1","0","0","0","0","0","0","0","0","0","0","0","0","3","2","1","0","0","0","1","0","1","0","0","0","-2"
"165884","Benjamin Franklin Institute of Technology","2020","First major","'14'","Engineering","Bachelor's degree","2","2","0","0","0","0","0","0","0","0","0","0","0","0","0","0","0","0","1","1","0","0","0","0","0","0","0","1","1","0","-2"
"165981","Greenfield Community College","2020","First major","'14'","Engineering","Associate's degree","18","12","6","0","0","0","1","1","0","1","0","1","0","0","0","0","0","0","14","10","4","0","0","0","2","1","1","0","0","0","-2"
"166027","Harvard University","2020","First major","'14'","Engineering","Bachelor's degree","93","45","48","0","0","0","23","9","14","7","2","5","10","5","5","0","0","0","30","17","13","11","4","7","1","0","1","11","8","3","-2"
"166027","Harvard University","2020","First major","'14'","Engineering","Master's degree","179","126","53","0","0","0","35","24","11","2","1","1","9","6","3","0","0","0","62","46","16","6","3","3","4","2","2","61","44","17","-2"
"166027","Harvard University","2020","First major","'14'","Engineering","Doctor's degree - research/scholarship","37","28","9","0","0","0","4","2","2","0","0","0","2","1","1","0","0","0","10","9","1","1","1","0","1","1","0","19","14","5","-2"
"166133","Holyoke Community College","2020","First major","'14'","Engineering","Associate's degree","23","18","5","0","0","0","1","1","0","0","0","0","3","3","0","0","0","0","16","13","3","2","1","1","1","0","1","0","0","0","-2"
"166513","University of Massachusetts-Lowell","2020","First major","'14'","Engineering","Bachelor's degree","606","499","107","0","0","0","66","48","18","42","36","6","46","39","7","0","0","0","376","316","60","17","17","0","20","15","5","39","28","11","-2"
"166513","University of Massachusetts-Lowell","2020","First major","'14'","Engineering","Master's degree","200","152","48","0","0","0","12","6","6","9","8","1","9","8","1","0","0","0","100","80","20","1","1","0","4","3","1","65","46","19","-2"
"166513","University of Massachusetts-Lowell","2020","First major","'14'","Engineering","Doctor's degree - research/scholarship","50","42","8","0","0","0","1","0","1","0","0","0","1","1","0","0","0","0","12","10","2","0","0","0","1","1","0","35","30","5","-2"
"166629","University of Massachusetts-Amherst","2020","First major","'14'","Engineering","Bachelor's degree","493","396","97","1","1","0","68","55","13","11","7","4","23","15","8","0","0","0","298","248","50","7","6","1","29","22","7","56","42","14","-2"
"166629","University of Massachusetts-Amherst","2020","First major","'14'","Engineering","Master's degree","138","104","34","0","0","0","5","4","1","2","2","0","3","1","2","1","1","0","36","26","10","0","0","0","23","21","2","68","49","19","-2"
"166629","University of Massachusetts-Amherst","2020","First major","'14'","Engineering","Doctor's degree - research/scholarship","62","43","19","0","0","0","0","0","0","1","1","0","1","0","1","0","0","0","7","6","1","3","2","1","0","0","0","50","34","16","-2"
"166638","University of Massachusetts-Boston","2020","First major","'14'","Engineering","Bachelor's degree","28","25","3","0","0","0","7","6","1","2","1","1","3","3","0","0","0","0","9","8","1","0","0","0","2","2","0","5","5","0","-2"
"166683","Massachusetts Institute of Technology","2020","First major","'14'","Engineering","Bachelor's degree","366","181","185","0","0","0","74","21","53","26","19","7","62","38","24","0","0","0","144","67","77","29","16","13","3","1","2","28","19","9","-2"
"166683","Massachusetts Institute of Technology","2020","First major","'14'","Engineering","Master's degree","525","356","169","0","0","0","63","36","27","13","9","4","30","23","7","0","0","0","157","108","49","13","8","5","23","17","6","226","155","71","-2"
"166683","Massachusetts Institute of Technology","2020","First major","'14'","Engineering","Doctor's degree - research/scholarship","246","184","62","0","0","0","30","21","9","0","0","0","8","7","1","0","0","0","61","45","16","4","3","1","16","11","5","127","97","30","-2"
"166683","Massachusetts Institute of Technology","2020","Second major","'14'","Engineering","Bachelor's degree","17","9","8","0","0","0","2","0","2","0","0","0","4","4","0","0","0","0","8","3","5","1","0","1","0","0","0","2","2","0","-2"
"166692","Massachusetts Maritime Academy","2020","First major","'14'","Engineering","Bachelor's degree","173","162","11","0","0","0","1","1","0","0","0","0","5","4","1","0","0","0","159","150","9","1","0","1","7","7","0","0","0","0","-2"
"166692","Massachusetts Maritime Academy","2020","Second major","'14'","Engineering","Bachelor's degree","1","1","0","0","0","0","0","0","0","0","0","0","0","0","0","0","0","0","1","1","0","0","0","0","0","0","0","0","0","0","-2"
"166823","Massasoit Community College","2020","First major","'14'","Engineering","Associate's degree","9","6","3","0","0","0","0","0","0","3","2","1","1","0","1","1","1","0","3","2","1","1","1","0","0","0","0","0","0","0","-2"
"166850","Merrimack College","2020","First major","'14'","Engineering","Associate's degree","0","0","0","0","0","0","0","0","0","0","0","0","0","0","0","0","0","0","0","0","0","0","0","0","0","0","0","0","0","0","-2"
"166850","Merrimack College","2020","First major","'14'","Engineering","Bachelor's degree","69","60","9","0","0","0","1","1","0","4","3","1","3","3","0","0","0","0","42","35","7","3","3","0","6","6","0","10","9","1","-2"
"166850","Merrimack College","2020","First major","'14'","Engineering","Master's degree","13","9","4","0","0","0","2","2","0","0","0","0","1","0","1","0","0","0","6","5","1","0","0","0","0","0","0","4","2","2","-2"
"166887","Middlesex Community College","2020","First major","'14'","Engineering","Associate's degree","7","5","2","0","0","0","3","2","1","0","0","0","1","1","0","0","0","0","3","2","1","0","0","0","0","0","0","0","0","0","-2"
"167312","North Shore Community College","2020","First major","'14'","Engineering","Associate's degree","16","15","1","0","0","0","2","2","0","3","2","1","4","4","0","0","0","0","7","7","0","0","0","0","0","0","0","0","0","0","-2"
"167358","Northeastern University","2020","First major","'14'","Engineering","Bachelor's degree","784","546","238","0","0","0","97","66","31","30","19","11","46","30","16","0","0","0","414","298","116","42","29","13","37","24","13","118","80","38","-2"
"167358","Northeastern University","2020","First major","'14'","Engineering","Master's degree","1583","1095","488","0","0","0","37","30","7","5","1","4","21","18","3","0","0","0","152","107","45","16","11","5","29","17","12","1323","911","412","-2"
"167358","Northeastern University","2020","First major","'14'","Engineering","Doctor's degree - research/scholarship","68","43","25","0","0","0","4","3","1","0","0","0","0","0","0","0","0","0","9","6","3","1","0","1","7","4","3","47","30","17","-2"
"167534","Quinsigamond Community College","2020","First major","'14'","Engineering","Associate's degree","49","42","7","0","0","0","3","3","0","5","5","0","5","4","1","0","0","0","27","24","3","5","4","1","4","2","2","0","0","0","-2"
"167598","Regis College","2020","First major","'14'","Engineering","Bachelor's degree","1","0","1","0","0","0","0","0","0","0","0","0","0","0","0","0","0","0","1","0","1","0","0","0","0","0","0","0","0","0","-2"
"167631","Roxbury Community College","2020","First major","'14'","Engineering","Associate's degree","3","2","1","0","0","0","0","0","0","1","1","0","0","0","0","0","0","0","0","0","0","1","0","1","0","0","0","1","1","0","-2"
"167792","Bard College at Simon's Rock","2020","First major","'14'","Engineering","Bachelor's degree","5","4","1","0","0","0","1","1","0","0","0","0","1","1","0","0","0","0","0","0","0","0","0","0","0","0","0","3","2","1","-2"
"167835","Smith College","2020","First major","'14'","Engineering","Bachelor's degree","48","0","48","0","0","0","7","0","7","3","0","3","4","0","4","0","0","0","19","0","19","2","0","2","3","0","3","10","0","10","-2"
"167835","Smith College","2020","Second major","'14'","Engineering","Bachelor's degree","1","0","1","0","0","0","1","0","1","0","0","0","0","0","0","0","0","0","0","0","0","0","0","0","0","0","0","0","0","0","-2"
"167905","Springfield Technical Community College","2020","First major","'14'","Engineering","Associate's degree","15","12","3","0","0","0","1","1","0","0","0","0","4","3","1","0","0","0","5","4","1","1","0","1","3","3","0","1","1","0","-2"
"167987","University of Massachusetts-Dartmouth","2020","First major","'14'","Engineering","Bachelor's degree","141","115","26","0","0","0","7","5","2","17","16","1","11","9","2","0","0","0","90","73","17","7","5","2","2","2","0","7","5","2","-2"
"167987","University of Massachusetts-Dartmouth","2020","First major","'14'","Engineering","Master's degree","27","23","4","0","0","0","1","0","1","3","3","0","2","2","0","0","0","0","12","10","2","1","1","0","0","0","0","8","7","1","-2"
"167987","University of Massachusetts-Dartmouth","2020","First major","'14'","Engineering","Doctor's degree - research/scholarship","10","5","5","0","0","0","1","0","1","0","0","0","1","1","0","0","0","0","2","2","0","0","0","0","0","0","0","6","2","4","-2"
"167987","University of Massachusetts-Dartmouth","2020","Second major","'14'","Engineering","Bachelor's degree","5","5","0","0","0","0","0","0","0","1","1","0","0","0","0","0","0","0","4","4","0","0","0","0","0","0","0","0","0","0","-2"
"167996","Stonehill College","2020","First major","'14'","Engineering","Bachelor's degree","0","0","0","0","0","0","0","0","0","0","0","0","0","0","0","0","0","0","0","0","0","0","0","0","0","0","0","0","0","0","-2"
"168005","Suffolk University","2020","First major","'14'","Engineering","Bachelor's degree","2","2","0","0","0","0","0","0","0","0","0","0","0","0","0","0","0","0","1","1","0","0","0","0","0","0","0","1","1","0","-2"
"168148","Tufts University","2020","First major","'14'","Engineering","Bachelor's degree","149","82","67","0","0","0","10","4","6","4","1","3","9","6","3","0","0","0","96","58","38","9","2","7","7","2","5","14","9","5","-2"
"168148","Tufts University","2020","First major","'14'","Engineering","Master's degree","91","63","28","0","0","0","9","7","2","1","0","1","4","4","0","0","0","0","40","25","15","1","1","0","1","0","1","35","26","9","-2"
"168148","Tufts University","2020","First major","'14'","Engineering","Doctor's degree - research/scholarship","29","19","10","0","0","0","1","1","0","0","0","0","0","0","0","0","0","0","6","4","2","0","0","0","1","0","1","21","14","7","-2"
"168148","Tufts University","2020","Second major","'14'","Engineering","Bachelor's degree","2","1","1","0","0","0","0","0","0","0","0","0","0","0","0","0","0","0","2","1","1","0","0","0","0","0","0","0","0","0","-2"
"168227","Wentworth Institute of Technology","2020","First major","'14'","Engineering","Bachelor's degree","377","300","77","1","1","0","27","23","4","12","7","5","21","19","2","0","0","0","232","186","46","5","4","1","33","25","8","46","35","11","-2"
"168227","Wentworth Institute of Technology","2020","First major","'14'","Engineering","Master's degree","3","1","2","0","0","0","1","1","0","0","0","0","0","0","0","0","0","0","2","0","2","0","0","0","0","0","0","0","0","0","-2"
"168254","Western New England University","2020","First major","'14'","Engineering","Bachelor's degree","162","135","27","0","0","0","3","3","0","4","3","1","8","6","2","1","1","0","126","104","22","3","2","1","4","3","1","13","13","0","-2"
"168254","Western New England University","2020","First major","'14'","Engineering","Master's degree","20","18","2","0","0","0","0","0","0","0","0","0","0","0","0","0","0","0","12","11","1","0","0","0","1","1","0","7","6","1","-2"
"168421","Worcester Polytechnic Institute","2020","First major","'14'","Engineering","Bachelor's degree","716","467","249","2","2","0","31","13","18","16","10","6","66","35","31","0","0","0","480","326","154","20","17","3","49","30","19","52","34","18","-2"
"168421","Worcester Polytechnic Institute","2020","First major","'14'","Engineering","Master's degree","375","284","91","1","0","1","25","18","7","13","11","2","17","11","6","0","0","0","217","156","61","6","5","1","8","8","0","88","75","13","-2"
"168421","Worcester Polytechnic Institute","2020","First major","'14'","Engineering","Doctor's degree - research/scholarship","35","25","10","0","0","0","1","0","1","0","0","0","0","0","0","0","0","0","11","7","4","0","0","0","2","2","0","21","16","5","-2"
"168421","Worcester Polytechnic Institute","2020","Second major","'14'","Engineering","Bachelor's degree","52","35","17","0","0","0","2","0","2","0","0","0","2","2","0","0","0","0","30","18","12","2","2","0","9","6","3","7","7","0","-2"
"168607","Alpena Community College","2020","First major","'14'","Engineering","Associate's degree","5","4","1","0","0","0","0","0","0","0","0","0","1","1","0","0","0","0","4","3","1","0","0","0","0","0","0","0","0","0","-2"
"168740","Andrews University","2020","First major","'14'","Engineering","Bachelor's degree","16","13","3","0","0","0","4","2","2","1","1","0","2","2","0","0","0","0","7","7","0","1","1","0","0","0","0","1","0","1","-2"
"168847","Baker College","2020","First major","'14'","Engineering","Bachelor's degree","12","7","5","0","0","0","1","0","1","0","0","0","0","0","0","0","0","0","11","7","4","0","0","0","0","0","0","0","0","0","-2"
"168883","Bay de Noc Community College","2020","First major","'14'","Engineering","Associate's degree","5","5","0","0","0","0","0","0","0","0","0","0","0","0","0","0","0","0","5","5","0","0","0","0","0","0","0","0","0","0","-2"
"169080","Calvin University","2020","First major","'14'","Engineering","Bachelor's degree","83","67","16","0","0","0","5","5","0","1","1","0","2","2","0","0","0","0","62","49","13","0","0","0","2","2","0","11","8","3","-2"
"169248","Central Michigan University","2020","First major","'14'","Engineering","Bachelor's degree","78","67","11","1","1","0","0","0","0","1","0","1","5","5","0","0","0","0","53","45","8","4","2","2","0","0","0","14","14","0","-2"
"169248","Central Michigan University","2020","First major","'14'","Engineering","Master's degree","7","7","0","0","0","0","0","0","0","0","0","0","0","0","0","0","0","0","0","0","0","0","0","0","0","0","0","7","7","0","-2"
"169521","Delta College","2020","First major","'14'","Engineering","Associate's degree","3","3","0","0","0","0","0","0","0","0","0","0","0","0","0","0","0","0","3","3","0","0","0","0","0","0","0","0","0","0","-2"
"169716","University of Detroit Mercy","2020","First major","'14'","Engineering","Bachelor's degree","57","45","12","0","0","0","1","0","1","2","1","1","6","3","3","0","0","0","17","13","4","1","1","0","0","0","0","30","27","3","-2"
"169716","University of Detroit Mercy","2020","First major","'14'","Engineering","Master's degree","45","37","8","0","0","0","0","0","0","0","0","0","0","0","0","0","0","0","13","10","3","1","0","1","3","2","1","28","25","3","-2"
"169716","University of Detroit Mercy","2020","First major","'14'","Engineering","Doctor's degree - research/scholarship","2","2","0","0","0","0","0","0","0","0","0","0","0","0","0","0","0","0","1","1","0","0","0","0","0","0","0","1","1","0","-2"
"169798","Eastern Michigan University","2020","First major","'14'","Engineering","Bachelor's degree","18","17","1","0","0","0","1","1","0","1","1","0","1","1","0","0","0","0","12","11","1","0","0","0","0","0","0","3","3","0","-2"
"169910","Ferris State University","2020","First major","'14'","Engineering","Associate's degree","0","0","0","0","0","0","0","0","0","0","0","0","0","0","0","0","0","0","0","0","0","0","0","0","0","0","0","0","0","0","-2"
"169910","Ferris State University","2020","First major","'14'","Engineering","Bachelor's degree","58","50","8","0","0","0","0","0","0","0","0","0","1","1","0","0","0","0","55","47","8","0","0","0","1","1","0","1","1","0","-2"
"169983","Kettering University","2020","First major","'14'","Engineering","Bachelor's degree","395","326","69","0","0","0","12","10","2","10","8","2","25","17","8","0","0","0","292","246","46","6","6","0","27","19","8","23","20","3","-2"
"169983","Kettering University","2020","First major","'14'","Engineering","Master's degree","40","39","1","0","0","0","0","0","0","0","0","0","0","0","0","0","0","0","4","4","0","1","1","0","0","0","0","35","34","1","-2"
"169983","Kettering University","2020","Second major","'14'","Engineering","Bachelor's degree","18","13","5","0","0","0","1","1","0","0","0","0","1","0","1","0","0","0","13","10","3","0","0","0","2","1","1","1","1","0","-2"
"169992","Gogebic Community College","2020","First major","'14'","Engineering","Associate's degree","2","2","0","0","0","0","0","0","0","0","0","0","0","0","0","0","0","0","2","2","0","0","0","0","0","0","0","0","0","0","-2"
"170082","Grand Valley State University","2020","First major","'14'","Engineering","Bachelor's degree","134","116","18","1","1","0","1","1","0","1","0","1","6","4","2","0","0","0","117","102","15","2","2","0","0","0","0","6","6","0","-2"
"170082","Grand Valley State University","2020","First major","'14'","Engineering","Master's degree","34","28","6","0","0","0","1","0","1","1","1","0","0","0","0","0","0","0","10","7","3","1","1","0","0","0","0","21","19","2","-2"
"170082","Grand Valley State University","2020","Second major","'14'","Engineering","Bachelor's degree","1","0","1","0","0","0","0","0","0","0","0","0","0","0","0","0","0","0","1","0","1","0","0","0","0","0","0","0","0","0","-2"
"170240","Henry Ford College","2020","First major","'14'","Engineering","Associate's degree","38","34","4","0","0","0","7","6","1","1","1","0","1","1","0","0","0","0","17","16","1","1","1","0","11","9","2","0","0","0","-2"
"170301","Hope College","2020","First major","'14'","Engineering","Bachelor's degree","57","41","16","0","0","0","3","3","0","2","1","1","2","1","1","0","0","0","45","33","12","2","1","1","1","1","0","2","1","1","-2"
"170541","Kalamazoo Valley Community College","2020","First major","'14'","Engineering","Associate's degree","34","28","6","1","1","0","0","0","0","1","1","0","1","0","1","0","0","0","27","23","4","2","2","0","1","1","0","1","0","1","-2"
"170620","Lake Michigan College","2020","First major","'14'","Engineering","Associate's degree","6","5","1","0","0","0","0","0","0","0","0","0","0","0","0","0","0","0","6","5","1","0","0","0","0","0","0","0","0","0","-2"
"170639","Lake Superior State University","2020","First major","'14'","Engineering","Associate's degree","2","1","1","0","0","0","0","0","0","0","0","0","0","0","0","0","0","0","2","1","1","0","0","0","0","0","0","0","0","0","-2"
"170639","Lake Superior State University","2020","First major","'14'","Engineering","Bachelor's degree","28","26","2","1","1","0","0","0","0","0","0","0","1","1","0","0","0","0","22","20","2","0","0","0","1","1","0","3","3","0","-2"
"170657","Lansing Community College","2020","First major","'14'","Engineering","Associate's degree","16","14","2","1","1","0","1","0","1","1","1","0","1","1","0","0","0","0","12","11","1","0","0","0","0","0","0","0","0","0","-2"
"170675","Lawrence Technological University","2020","First major","'14'","Engineering","Bachelor's degree","174","143","31","0","0","0","7","6","1","2","2","0","6","3","3","0","0","0","110","87","23","3","3","0","7","6","1","39","36","3","-2"
"170675","Lawrence Technological University","2020","First major","'14'","Engineering","Master's degree","97","81","16","0","0","0","4","4","0","4","2","2","1","1","0","0","0","0","33","25","8","0","0","0","1","1","0","54","48","6","-2"
"170675","Lawrence Technological University","2020","First major","'14'","Engineering","Doctor's degree - research/scholarship","1","0","1","0","0","0","0","0","0","0","0","0","0","0","0","0","0","0","1","0","1","0","0","0","0","0","0","0","0","0","-2"
"170790","Macomb Community College","2020","First major","'14'","Engineering","Associate's degree","2","2","0","0","0","0","0","0","0","0","0","0","0","0","0","0","0","0","1","1","0","0","0","0","1","1","0","0","0","0","-2"
"170806","Madonna University","2020","First major","'14'","Engineering","Bachelor's degree","0","0","0","0","0","0","0","0","0","0","0","0","0","0","0","0","0","0","0","0","0","0","0","0","0","0","0","0","0","0","-2"
"170976","University of Michigan-Ann Arbor","2020","First major","'14'","Engineering","Bachelor's degree","1196","850","346","2","2","0","185","124","61","18","10","8","93","76","17","0","0","0","682","475","207","54","36","18","39","32","7","123","95","28","-2"
"170976","University of Michigan-Ann Arbor","2020","First major","'14'","Engineering","Master's degree","1083","784","299","0","0","0","94","78","16","11","7","4","36","24","12","0","0","0","316","225","91","22","17","5","40","30","10","564","403","161","-2"
"170976","University of Michigan-Ann Arbor","2020","First major","'14'","Engineering","Doctor's degree - research/scholarship","286","215","71","0","0","0","12","9","3","4","3","1","18","15","3","0","0","0","80","58","22","3","3","0","21","14","7","148","113","35","-2"
"171100","Michigan State University","2020","First major","'14'","Engineering","Bachelor's degree","911","671","240","0","0","0","64","52","12","34","21","13","34","25","9","0","0","0","641","465","176","20","15","5","6","3","3","112","90","22","-2"
"171100","Michigan State University","2020","First major","'14'","Engineering","Master's degree","79","54","25","0","0","0","5","2","3","2","1","1","1","0","1","0","0","0","30","23","7","1","1","0","2","2","0","38","25","13","-2"
"171100","Michigan State University","2020","First major","'14'","Engineering","Doctor's degree - research/scholarship","76","61","15","0","0","0","1","0","1","0","0","0","2","2","0","0","0","0","9","8","1","0","0","0","1","1","0","63","50","13","-2"
"171128","Michigan Technological University","2020","First major","'14'","Engineering","Bachelor's degree","708","532","176","2","1","1","11","5","6","2","2","0","6","5","1","1","0","1","644","486","158","14","8","6","13","12","1","15","13","2","-2"
"171128","Michigan Technological University","2020","First major","'14'","Engineering","Master's degree","207","160","47","0","0","0","1","1","0","1","1","0","0","0","0","0","0","0","53","28","25","1","1","0","3","2","1","148","127","21","-2"
"171128","Michigan Technological University","2020","First major","'14'","Engineering","Doctor's degree - research/scholarship","44","36","8","0","0","0","0","0","0","1","1","0","0","0","0","0","0","0","12","9","3","0","0","0","0","0","0","31","26","5","-2"
"171128","Michigan Technological University","2020","Second major","'14'","Engineering","Bachelor's degree","14","12","2","0","0","0","0","0","0","0","0","0","0","0","0","0","0","0","14","12","2","0","0","0","0","0","0","0","0","0","-2"
"171137","University of Michigan-Dearborn","2020","First major","'14'","Engineering","Bachelor's degree","343","274","69","1","1","0","29","24","5","11","6","5","8","7","1","0","0","0","258","203","55","8","7","1","11","9","2","17","17","0","-2"
"171137","University of Michigan-Dearborn","2020","First major","'14'","Engineering","Master's degree","253","200","53","2","2","0","12","6","6","11","7","4","7","6","1","0","0","0","109","92","17","2","2","0","1","0","1","109","85","24","-2"
"171137","University of Michigan-Dearborn","2020","First major","'14'","Engineering","Doctor's degree - research/scholarship","6","6","0","0","0","0","0","0","0","0","0","0","0","0","0","0","0","0","1","1","0","0","0","0","0","0","0","5","5","0","-2"
"171146","University of Michigan-Flint","2020","First major","'14'","Engineering","Bachelor's degree","26","21","5","0","0","0","0","0","0","1","1","0","2","2","0","0","0","0","15","11","4","0","0","0","2","2","0","6","5","1","-2"
"171146","University of Michigan-Flint","2020","First major","'14'","Engineering","Master's degree","6","6","0","0","0","0","0","0","0","0","0","0","0","0","0","0","0","0","0","0","0","0","0","0","0","0","0","6","6","0","-2"
"171304","Muskegon Community College","2020","First major","'14'","Engineering","Associate's degree","1","0","1","0","0","0","0","0","0","0","0","0","0","0","0","0","0","0","1","0","1","0","0","0","0","0","0","0","0","0","-2"
"171483","Northwestern Michigan College","2020","First major","'14'","Engineering","Bachelor's degree","4","3","1","0","0","0","0","0","0","0","0","0","0","0","0","0","0","0","4","3","1","0","0","0","0","0","0","0","0","0","-2"
"171571","Oakland University","2020","First major","'14'","Engineering","Bachelor's degree","354","288","66","1","1","0","17","11","6","6","5","1","4","2","2","0","0","0","256","210","46","8","7","1","19","16","3","43","36","7","-2"
"171571","Oakland University","2020","First major","'14'","Engineering","Master's degree","152","112","40","1","0","1","4","2","2","5","2","3","4","3","1","0","0","0","72","56","16","2","2","0","5","5","0","59","42","17","-2"
"171571","Oakland University","2020","First major","'14'","Engineering","Doctor's degree - research/scholarship","13","8","5","0","0","0","1","1","0","0","0","0","0","0","0","0","0","0","1","0","1","0","0","0","1","1","0","10","6","4","-2"
"171571","Oakland University","2020","Second major","'14'","Engineering","Bachelor's degree","29","23","6","0","0","0","4","3","1","1","1","0","1","1","0","0","0","0","20","15","5","2","2","0","1","1","0","0","0","0","-2"
"172051","Saginaw Valley State University","2020","First major","'14'","Engineering","Bachelor's degree","73","59","14","0","0","0","0","0","0","2","2","0","1","1","0","0","0","0","55","44","11","0","0","0","7","4","3","8","8","0","-2"
"172200","Schoolcraft College","2020","First major","'14'","Engineering","Associate's degree","42","30","12","0","0","0","6","5","1","2","2","0","1","0","1","1","0","1","30","23","7","0","0","0","0","0","0","2","0","2","-2"
"172264","Siena Heights University","2020","First major","'14'","Engineering","Associate's degree","0","0","0","0","0","0","0","0","0","0","0","0","0","0","0","0","0","0","0","0","0","0","0","0","0","0","0","0","0","0","-2"
"172264","Siena Heights University","2020","First major","'14'","Engineering","Bachelor's degree","1","1","0","0","0","0","0","0","0","0","0","0","0","0","0","0","0","0","1","1","0","0","0","0","0","0","0","0","0","0","-2"
"172307","Southwestern Michigan College","2020","First major","'14'","Engineering","Associate's degree","11","8","3","0","0","0","0","0","0","0","0","0","2","2","0","0","0","0","7","4","3","1","1","0","1","1","0","0","0","0","-2"
"172334","Spring Arbor University","2020","First major","'14'","Engineering","Bachelor's degree","1","0","1","0","0","0","0","0","0","0","0","0","0","0","0","0","0","0","1","0","1","0","0","0","0","0","0","0","0","0","-2"
"172617","Washtenaw Community College","2020","First major","'14'","Engineering","Associate's degree","41","30","11","0","0","0","3","2","1","3","2","1","1","1","0","0","0","0","29","22","7","0","0","0","2","1","1","3","2","1","-2"
"172635","Wayne County Community College District","2020","First major","'14'","Engineering","Associate's degree","8","7","1","0","0","0","0","0","0","7","7","0","0","0","0","0","0","0","1","0","1","0","0","0","0","0","0","0","0","0","-2"
"172644","Wayne State University","2020","First major","'14'","Engineering","Bachelor's degree","269","187","82","1","1","0","27","18","9","18","6","12","17","13","4","0","0","0","183","133","50","4","3","1","8","6","2","11","7","4","-2"
"172644","Wayne State University","2020","First major","'14'","Engineering","Master's degree","264","178","86","0","0","0","23","16","7","8","4","4","2","1","1","0","0","0","70","44","26","1","1","0","3","1","2","157","111","46","-2"
"172644","Wayne State University","2020","First major","'14'","Engineering","Doctor's degree - research/scholarship","36","26","10","0","0","0","6","4","2","2","0","2","0","0","0","0","0","0","12","9","3","2","2","0","0","0","0","14","11","3","-2"
"172699","Western Michigan University","2020","First major","'14'","Engineering","Bachelor's degree","316","256","60","1","0","1","7","6","1","8","8","0","18","15","3","0","0","0","212","175","37","4","4","0","0","0","0","66","48","18","-2"
"172699","Western Michigan University","2020","First major","'14'","Engineering","Master's degree","137","121","16","0","0","0","1","1","0","0","0","0","4","3","1","0","0","0","13","12","1","1","1","0","1","1","0","117","103","14","-2"
"172699","Western Michigan University","2020","First major","'14'","Engineering","Doctor's degree - research/scholarship","17","12","5","0","0","0","0","0","0","0","0","0","1","1","0","0","0","0","5","3","2","0","0","0","0","0","0","11","8","3","-2"
"172699","Western Michigan University","2020","Second major","'14'","Engineering","Bachelor's degree","3","2","1","0","0","0","0","0","0","0","0","0","0","0","0","0","0","0","2","2","0","0","0","0","0","0","0","1","0","1","-2"
"172963","Anoka-Ramsey Community College","2020","First major","'14'","Engineering","Associate's degree","11","9","2","0","0","0","0","0","0","0","0","0","0","0","0","0","0","0","11","9","2","0","0","0","0","0","0","0","0","0","-2"
"173142","Bethany Lutheran College","2020","First major","'14'","Engineering","Bachelor's degree","3","2","1","0","0","0","0","0","0","0","0","0","1","1","0","0","0","0","1","0","1","0","0","0","0","0","0","1","1","0","-2"
"173142","Bethany Lutheran College","2020","Second major","'14'","Engineering","Bachelor's degree","1","1","0","0","0","0","0","0","0","0","0","0","1","1","0","0","0","0","0","0","0","0","0","0","0","0","0","0","0","0","-2"
"173160","Bethel University","2020","First major","'14'","Engineering","Bachelor's degree","7","7","0","0","0","0","0","0","0","0","0","0","1","1","0","0","0","0","6","6","0","0","0","0","0","0","0","0","0","0","-2"
"173160","Bethel University","2020","Second major","'14'","Engineering","Bachelor's degree","1","1","0","0","0","0","0","0","0","0","0","0","0","0","0","0","0","0","1","1","0","0","0","0","0","0","0","0","0","0","-2"
"173203","Central Lakes College-Brainerd","2020","First major","'14'","Engineering","Associate's degree","0","0","0","0","0","0","0","0","0","0","0","0","0","0","0","0","0","0","0","0","0","0","0","0","0","0","0","0","0","0","-2"
"173559","Minnesota State Community and Technical College","2020","First major","'14'","Engineering","Associate's degree","22","20","2","0","0","0","0","0","0","4","4","0","0","0","0","0","0","0","18","16","2","0","0","0","0","0","0","0","0","0","-2"
"173665","Hamline University","2020","First major","'14'","Engineering","Bachelor's degree","3","2","1","0","0","0","0","0","0","0","0","0","0","0","0","0","0","0","3","2","1","0","0","0","0","0","0","0","0","0","-2"
"173735","Hibbing Community College","2020","First major","'14'","Engineering","Associate's degree","2","2","0","0","0","0","0","0","0","0","0","0","0","0","0","0","0","0","2","2","0","0","0","0","0","0","0","0","0","0","-2"
"173799","Inver Hills Community College","2020","First major","'14'","Engineering","Associate's degree","11","10","1","0","0","0","0","0","0","0","0","0","1","1","0","0","0","0","7","6","1","1","1","0","0","0","0","2","2","0","-2"
"173799","Inver Hills Community College","2020","Second major","'14'","Engineering","Associate's degree","1","0","1","0","0","0","0","0","0","0","0","0","1","0","1","0","0","0","0","0","0","0","0","0","0","0","0","0","0","0","-2"
"173805","Itasca Community College","2020","First major","'14'","Engineering","Associate's degree","48","37","11","0","0","0","0","0","0","0","0","0","0","0","0","0","0","0","45","35","10","3","2","1","0","0","0","0","0","0","-2"
"173911","South Central College","2020","First major","'14'","Engineering","Associate's degree","0","0","0","0","0","0","0","0","0","0","0","0","0","0","0","0","0","0","0","0","0","0","0","0","0","0","0","0","0","0","-2"
"173920","Minnesota State University-Mankato","2020","First major","'14'","Engineering","Bachelor's degree","146","128","18","0","0","0","2","2","0","9","8","1","4","4","0","0","0","0","99","86","13","5","5","0","0","0","0","27","23","4","-2"
"173920","Minnesota State University-Mankato","2020","First major","'14'","Engineering","Master's degree","9","9","0","0","0","0","0","0","0","0","0","0","0","0","0","0","0","0","3","3","0","0","0","0","0","0","0","6","6","0","-2"
"173957","Mayo Clinic College of Medicine and Science","2020","First major","'14'","Engineering","Master's degree","0","0","0","0","0","0","0","0","0","0","0","0","0","0","0","0","0","0","0","0","0","0","0","0","0","0","0","0","0","0","-2"
"173957","Mayo Clinic College of Medicine and Science","2020","First major","'14'","Engineering","Doctor's degree - research/scholarship","7","4","3","0","0","0","0","0","0","0","0","0","0","0","0","0","0","0","6","4","2","0","0","0","0","0","0","1","0","1","-2"
"174066","University of Minnesota-Twin Cities","2020","First major","'14'","Engineering","Bachelor's degree","863","608","255","2","0","2","80","54","26","14","12","2","21","14","7","0","0","0","593","412","181","27","21","6","12","8","4","114","87","27","-2"
"174066","University of Minnesota-Twin Cities","2020","First major","'14'","Engineering","Master's degree","253","185","68","0","0","0","16","10","6","5","4","1","6","5","1","0","0","0","125","92","33","3","1","2","2","2","0","96","71","25","-2"
"174066","University of Minnesota-Twin Cities","2020","First major","'14'","Engineering","Doctor's degree - research/scholarship","128","94","34","0","0","0","6","5","1","1","1","0","3","2","1","0","0","0","30","20","10","3","2","1","4","2","2","81","62","19","-2"
"174066","University of Minnesota-Twin Cities","2020","Second major","'14'","Engineering","Bachelor's degree","32","15","17","1","0","1","3","0","3","0","0","0","0","0","0","0","0","0","25","14","11","0","0","0","0","0","0","3","1","2","-2"
"174075","University of Minnesota-Crookston","2020","First major","'14'","Engineering","Bachelor's degree","17","13","4","0","0","0","1","1","0","1","1","0","0","0","0","0","0","0","4","4","0","0","0","0","0","0","0","11","7","4","-2"
"174233","University of Minnesota-Duluth","2020","First major","'14'","Engineering","Bachelor's degree","299","249","50","0","0","0","6","4","2","6","5","1","8","5","3","0","0","0","265","224","41","5","5","0","1","1","0","8","5","3","-2"
"174233","University of Minnesota-Duluth","2020","First major","'14'","Engineering","Master's degree","28","27","1","0","0","0","3","3","0","0","0","0","0","0","0","0","0","0","15","14","1","0","0","0","0","0","0","10","10","0","-2"
"174376","North Hennepin Community College","2020","First major","'14'","Engineering","Associate's degree","7","6","1","0","0","0","2","2","0","1","1","0","0","0","0","0","0","0","3","3","0","0","0","0","0","0","0","1","0","1","-2"
"174428","Normandale Community College","2020","First major","'14'","Engineering","Associate's degree","32","28","4","0","0","0","2","1","1","7","7","0","3","3","0","0","0","0","15","12","3","2","2","0","0","0","0","3","3","0","-2"
"174491","University of Northwestern-St Paul","2020","First major","'14'","Engineering","Bachelor's degree","20","18","2","0","0","0","0","0","0","0","0","0","0","0","0","0","0","0","18","16","2","1","1","0","1","1","0","0","0","0","-2"
"174738","Rochester Community and Technical College","2020","First major","'14'","Engineering","Associate's degree","10","8","2","0","0","0","0","0","0","3","3","0","0","0","0","0","0","0","7","5","2","0","0","0","0","0","0","0","0","0","-2"
"174783","Saint Cloud State University","2020","First major","'14'","Engineering","Bachelor's degree","103","89","14","0","0","0","7","7","0","4","3","1","6","5","1","0","0","0","62","54","8","1","1","0","1","0","1","22","19","3","-2"
"174783","Saint Cloud State University","2020","First major","'14'","Engineering","Master's degree","27","15","12","0","0","0","1","1","0","4","3","1","0","0","0","0","0","0","6","2","4","1","0","1","9","7","2","6","2","4","-2"
"174783","Saint Cloud State University","2020","Second major","'14'","Engineering","Bachelor's degree","5","3","2","0","0","0","0","0","0","0","0","0","1","0","1","0","0","0","2","2","0","0","0","0","0","0","0","2","1","1","-2"
"174817","Saint Mary's University of Minnesota","2020","First major","'14'","Engineering","Bachelor's degree","0","0","0","0","0","0","0","0","0","0","0","0","0","0","0","0","0","0","0","0","0","0","0","0","0","0","0","0","0","0","-2"
"174914","University of St Thomas","2020","First major","'14'","Engineering","Bachelor's degree","131","104","27","0","0","0","8","5","3","4","3","1","2","2","0","0","0","0","99","79","20","5","4","1","6","4","2","7","7","0","-2"
"174914","University of St Thomas","2020","First major","'14'","Engineering","Master's degree","68","60","8","0","0","0","5","5","0","10","9","1","3","3","0","0","0","0","33","29","4","1","1","0","4","3","1","12","10","2","-2"
"174914","University of St Thomas","2020","Second major","'14'","Engineering","Bachelor's degree","1","1","0","0","0","0","0","0","0","0","0","0","0","0","0","0","0","0","1","1","0","0","0","0","0","0","0","0","0","0","-2"
"174914","University of St Thomas","2020","Second major","'14'","Engineering","Master's degree","1","1","0","0","0","0","0","0","0","0","0","0","0","0","0","0","0","0","0","0","0","0","0","0","1","1","0","0","0","0","-2"
"175014","Rasmussen University-Minnesota","2020","First major","'14'","Engineering","Associate's degree","9","8","1","0","0","0","2","2","0","1","1","0","0","0","0","0","0","0","5","5","0","0","0","0","1","0","1","0","0","0","-2"
"175041","Saint Paul College","2020","First major","'14'","Engineering","Associate's degree","2","1","1","0","0","0","0","0","0","1","1","0","0","0","0","0","0","0","1","0","1","0","0","0","0","0","0","0","0","0","-2"
"175227","Dunwoody College of Technology","2020","First major","'14'","Engineering","Bachelor's degree","39","36","3","0","0","0","6","5","1","1","1","0","0","0","0","0","0","0","29","27","2","3","3","0","0","0","0","0","0","0","-2"
"175272","Winona State University","2020","First major","'14'","Engineering","Bachelor's degree","18","17","1","0","0","0","0","0","0","0","0","0","0","0","0","0","0","0","16","15","1","0","0","0","0","0","0","2","2","0","-2"
"175315","Century College","2020","First major","'14'","Engineering","Associate's degree","28","23","5","0","0","0","3","3","0","0","0","0","0","0","0","0","0","0","21","18","3","1","0","1","0","0","0","3","2","1","-2"
"175315","Century College","2020","Second major","'14'","Engineering","Associate's degree","1","0","1","0","0","0","0","0","0","0","0","0","0","0","0","0","0","0","1","0","1","0","0","0","0","0","0","0","0","0","-2"
"175573","Copiah-Lincoln Community College","2020","First major","'14'","Engineering","Associate's degree","15","13","2","0","0","0","0","0","0","6","4","2","0","0","0","0","0","0","9","9","0","0","0","0","0","0","0","0","0","0","-2"
"175652","East Mississippi Community College","2020","First major","'14'","Engineering","Associate's degree","24","19","5","0","0","0","1","1","0","12","9","3","2","2","0","0","0","0","8","6","2","0","0","0","1","1","0","0","0","0","-2"
"175810","Holmes Community College","2020","First major","'14'","Engineering","Associate's degree","37","32","5","0","0","0","1","1","0","11","9","2","0","0","0","0","0","0","25","22","3","0","0","0","0","0","0","0","0","0","-2"
"175829","Itawamba Community College","2020","First major","'14'","Engineering","Associate's degree","25","22","3","0","0","0","0","0","0","6","6","0","0","0","0","0","0","0","18","15","3","0","0","0","1","1","0","0","0","0","-2"
"175856","Jackson State University","2020","First major","'14'","Engineering","Bachelor's degree","73","56","17","0","0","0","0","0","0","53","37","16","2","2","0","0","0","0","10","9","1","1","1","0","0","0","0","7","7","0","-2"
"175856","Jackson State University","2020","First major","'14'","Engineering","Master's degree","8","6","2","0","0","0","0","0","0","2","2","0","0","0","0","0","0","0","2","2","0","0","0","0","0","0","0","4","2","2","-2"
"175856","Jackson State University","2020","First major","'14'","Engineering","Doctor's degree - research/scholarship","3","1","2","0","0","0","0","0","0","0","0","0","0","0","0","0","0","0","0","0","0","0","0","0","0","0","0","3","1","2","-2"
"176008","Mississippi Delta Community College","2020","First major","'14'","Engineering","Associate's degree","7","5","2","0","0","0","0","0","0","5","3","2","0","0","0","0","0","0","2","2","0","0","0","0","0","0","0","0","0","0","-2"
"176017","University of Mississippi","2020","First major","'14'","Engineering","Bachelor's degree","236","169","67","0","0","0","2","1","1","14","9","5","6","3","3","0","0","0","176","133","43","7","2","5","0","0","0","31","21","10","-2"
"176017","University of Mississippi","2020","First major","'14'","Engineering","Master's degree","33","28","5","0","0","0","1","1","0","3","2","1","0","0","0","0","0","0","20","19","1","0","0","0","0","0","0","9","6","3","-2"
"176017","University of Mississippi","2020","First major","'14'","Engineering","Doctor's degree - research/scholarship","6","4","2","0","0","0","0","0","0","0","0","0","0","0","0","0","0","0","0","0","0","0","0","0","0","0","0","6","4","2","-2"
"176053","Mississippi College","2020","First major","'14'","Engineering","Bachelor's degree","7","6","1","0","0","0","0","0","0","0","0","0","0","0","0","0","0","0","7","6","1","0","0","0","0","0","0","0","0","0","-2"
"176053","Mississippi College","2020","First major","'14'","Engineering","Master's degree","0","0","0","0","0","0","0","0","0","0","0","0","0","0","0","0","0","0","0","0","0","0","0","0","0","0","0","0","0","0","-2"
"176071","Mississippi Gulf Coast Community College","2020","First major","'14'","Engineering","Associate's degree","63","50","13","0","0","0","2","2","0","9","8","1","4","1","3","0","0","0","38","31","7","8","6","2","2","2","0","0","0","0","-2"
"176080","Mississippi State University","2020","First major","'14'","Engineering","Bachelor's degree","688","522","166","3","3","0","20","16","4","52","34","18","26","14","12","0","0","0","555","429","126","12","8","4","1","1","0","19","17","2","-2"
"176080","Mississippi State University","2020","First major","'14'","Engineering","Master's degree","110","71","39","0","0","0","2","1","1","8","4","4","5","4","1","0","0","0","62","42","20","1","1","0","2","2","0","30","17","13","-2"
"176080","Mississippi State University","2020","First major","'14'","Engineering","Doctor's degree - research/scholarship","43","36","7","0","0","0","1","0","1","3","2","1","1","1","0","0","0","0","15","13","2","0","0","0","0","0","0","23","20","3","-2"
"176080","Mississippi State University","2020","Second major","'14'","Engineering","Bachelor's degree","2","2","0","0","0","0","0","0","0","0","0","0","0","0","0","0","0","0","1","1","0","0","0","0","0","0","0","1","1","0","-2"
"176169","Northeast Mississippi Community College","2020","First major","'14'","Engineering","Associate's degree","0","0","0","0","0","0","0","0","0","0","0","0","0","0","0","0","0","0","0","0","0","0","0","0","0","0","0","0","0","0","-2"
"176239","Pearl River Community College","2020","First major","'14'","Engineering","Associate's degree","0","0","0","0","0","0","0","0","0","0","0","0","0","0","0","0","0","0","0","0","0","0","0","0","0","0","0","0","0","0","-2"
"176372","University of Southern Mississippi","2020","First major","'14'","Engineering","Bachelor's degree","17","12","5","0","0","0","0","0","0","1","0","1","0","0","0","0","0","0","10","9","1","0","0","0","0","0","0","6","3","3","-2"
"176372","University of Southern Mississippi","2020","First major","'14'","Engineering","Master's degree","2","1","1","0","0","0","0","0","0","0","0","0","0","0","0","0","0","0","2","1","1","0","0","0","0","0","0","0","0","0","-2"
"176372","University of Southern Mississippi","2020","First major","'14'","Engineering","Doctor's degree - research/scholarship","11","8","3","0","0","0","3","2","1","0","0","0","0","0","0","0","0","0","8","6","2","0","0","0","0","0","0","0","0","0","-2"
"176965","University of Central Missouri","2020","First major","'14'","Engineering","Bachelor's degree","5","5","0","0","0","0","0","0","0","0","0","0","0","0","0","0","0","0","3","3","0","0","0","0","0","0","0","2","2","0","-2"
"176965","University of Central Missouri","2020","First major","'14'","Engineering","Master's degree","23","19","4","0","0","0","1","1","0","1","1","0","1","1","0","0","0","0","5","4","1","1","1","0","1","1","0","13","10","3","-2"
"176965","University of Central Missouri","2020","Second major","'14'","Engineering","Bachelor's degree","3","3","0","0","0","0","0","0","0","0","0","0","0","0","0","0","0","0","3","3","0","0","0","0","0","0","0","0","0","0","-2"
"177065","Columbia College","2020","First major","'14'","Engineering","Associate's degree","2","2","0","0","0","0","0","0","0","0","0","0","0","0","0","0","0","0","2","2","0","0","0","0","0","0","0","0","0","0","-2"
"177135","Crowder College","2020","First major","'14'","Engineering","Associate's degree","6","6","0","0","0","0","1","1","0","0","0","0","0","0","0","0","0","0","5","5","0","0","0","0","0","0","0","0","0","0","-2"
"177214","Drury University","2020","First major","'14'","Engineering","Bachelor's degree","4","4","0","0","0","0","0","0","0","0","0","0","0","0","0","0","0","0","4","4","0","0","0","0","0","0","0","0","0","0","-2"
"177250","East Central College","2020","First major","'14'","Engineering","Associate's degree","16","12","4","0","0","0","0","0","0","0","0","0","0","0","0","0","0","0","15","11","4","1","1","0","0","0","0","0","0","0","-2"
"177339","Evangel University","2020","First major","'14'","Engineering","Associate's degree","1","1","0","0","0","0","0","0","0","0","0","0","1","1","0","0","0","0","0","0","0","0","0","0","0","0","0","0","0","0","-2"
"177472","Ozarks Technical Community College","2020","First major","'14'","Engineering","Associate's degree","18","17","1","0","0","0","0","0","0","0","0","0","1","1","0","0","0","0","14","13","1","0","0","0","3","3","0","0","0","0","-2"
"177676","Jefferson College","2020","First major","'14'","Engineering","Associate's degree","10","7","3","0","0","0","1","0","1","0","0","0","0","0","0","0","0","0","8","6","2","1","1","0","0","0","0","0","0","0","-2"
"177995","Metropolitan Community College-Kansas City","2020","First major","'14'","Engineering","Associate's degree","36","29","7","0","0","0","3","2","1","3","2","1","4","3","1","0","0","0","23","20","3","1","1","0","1","1","0","1","0","1","-2"
"178396","University of Missouri-Columbia","2020","First major","'14'","Engineering","Bachelor's degree","475","368","107","0","0","0","17","12","5","13","7","6","12","9","3","0","0","0","362","281","81","8","7","1","3","2","1","60","50","10","-2"
"178396","University of Missouri-Columbia","2020","First major","'14'","Engineering","Master's degree","37","27","10","0","0","0","1","1","0","1","1","0","0","0","0","0","0","0","14","11","3","0","0","0","0","0","0","21","14","7","-2"
"178396","University of Missouri-Columbia","2020","First major","'14'","Engineering","Doctor's degree - research/scholarship","46","33","13","0","0","0","0","0","0","1","0","1","0","0","0","0","0","0","4","4","0","0","0","0","2","2","0","39","27","12","-2"
"178402","University of Missouri-Kansas City","2020","First major","'14'","Engineering","Bachelor's degree","148","124","24","1","1","0","13","10","3","9","6","3","12","8","4","1","1","0","76","68","8","4","3","1","14","11","3","18","16","2","-2"
"178402","University of Missouri-Kansas City","2020","First major","'14'","Engineering","Master's degree","82","68","14","0","0","0","3","2","1","5","5","0","0","0","0","0","0","0","24","20","4","0","0","0","8","7","1","42","34","8","-2"
"178411","Missouri University of Science and Technology","2020","First major","'14'","Engineering","Bachelor's degree","949","727","222","5","4","1","39","29","10","19","15","4","35","22","13","0","0","0","784","606","178","21","15","6","20","14","6","26","22","4","-2"
"178411","Missouri University of Science and Technology","2020","First major","'14'","Engineering","Master's degree","241","203","38","2","1","1","10","10","0","9","8","1","21","17","4","1","1","0","132","111","21","10","8","2","4","2","2","52","45","7","-2"
"178411","Missouri University of Science and Technology","2020","First major","'14'","Engineering","Doctor's degree - research/scholarship","84","73","11","0","0","0","1","1","0","1","1","0","0","0","0","0","0","0","12","11","1","1","1","0","3","3","0","66","56","10","-2"
"178420","University of Missouri-St Louis","2020","First major","'14'","Engineering","Bachelor's degree","75","60","15","0","0","0","12","9","3","3","1","2","4","3","1","0","0","0","46","40","6","2","1","1","2","2","0","6","4","2","-2"
"178448","Moberly Area Community College","2020","First major","'14'","Engineering","Associate's degree","18","14","4","0","0","0","1","1","0","2","1","1","0","0","0","0","0","0","13","10","3","1","1","0","0","0","0","1","1","0","-2"
"178697","College of the Ozarks","2020","First major","'14'","Engineering","Bachelor's degree","12","10","2","0","0","0","0","0","0","0","0","0","0","0","0","1","1","0","11","9","2","0","0","0","0","0","0","0","0","0","-2"
"178721","Park University","2020","First major","'14'","Engineering","Bachelor's degree","1","1","0","0","0","0","1","1","0","0","0","0","0","0","0","0","0","0","0","0","0","0","0","0","0","0","0","0","0","0","-2"
"179043","Rockhurst University","2020","First major","'14'","Engineering","Bachelor's degree","10","8","2","0","0","0","0","0","0","3","3","0","1","1","0","0","0","0","4","4","0","0","0","0","2","0","2","0","0","0","-2"
"179159","Saint Louis University","2020","First major","'14'","Engineering","Bachelor's degree","148","103","45","0","0","0","12","8","4","6","2","4","10","9","1","0","0","0","101","71","30","4","2","2","2","2","0","13","9","4","-2"
"179159","Saint Louis University","2020","First major","'14'","Engineering","Master's degree","29","21","8","0","0","0","0","0","0","0","0","0","1","1","0","0","0","0","14","13","1","0","0","0","0","0","0","14","7","7","-2"
"179159","Saint Louis University","2020","First major","'14'","Engineering","Doctor's degree - research/scholarship","4","3","1","0","0","0","1","1","0","0","0","0","0","0","0","0","0","0","2","1","1","0","0","0","0","0","0","1","1","0","-2"
"179159","Saint Louis University","2020","Second major","'14'","Engineering","Bachelor's degree","1","1","0","0","0","0","0","0","0","0","0","0","0","0","0","0","0","0","0","0","0","0","0","0","0","0","0","1","1","0","-2"
"179539","State Fair Community College","2020","First major","'14'","Engineering","Associate's degree","3","2","1","0","0","0","0","0","0","0","0","0","2","1","1","0","0","0","1","1","0","0","0","0","0","0","0","0","0","0","-2"
"179557","Southeast Missouri State University","2020","First major","'14'","Engineering","Bachelor's degree","10","9","1","0","0","0","0","0","0","2","2","0","0","0","0","0","0","0","7","7","0","0","0","0","0","0","0","1","0","1","-2"
"179557","Southeast Missouri State University","2020","Second major","'14'","Engineering","Bachelor's degree","2","2","0","0","0","0","0","0","0","0","0","0","0","0","0","0","0","0","2","2","0","0","0","0","0","0","0","0","0","0","-2"
"179566","Missouri State University-Springfield","2020","First major","'14'","Engineering","Bachelor's degree","0","0","0","0","0","0","0","0","0","0","0","0","0","0","0","0","0","0","0","0","0","0","0","0","0","0","0","0","0","0","-2"
"179645","Three Rivers College","2020","First major","'14'","Engineering","Associate's degree","3","3","0","0","0","0","0","0","0","0","0","0","0","0","0","0","0","0","3","3","0","0","0","0","0","0","0","0","0","0","-2"
"179867","Washington University in St Louis","2020","First major","'14'","Engineering","Bachelor's degree","329","222","107","0","0","0","35","21","14","17","11","6","24","15","9","0","0","0","182","129","53","12","5","7","12","8","4","47","33","14","-2"
"179867","Washington University in St Louis","2020","First major","'14'","Engineering","Master's degree","295","223","72","1","1","0","10","10","0","5","3","2","10","8","2","0","0","0","79","62","17","6","4","2","7","7","0","177","128","49","-2"
"179867","Washington University in St Louis","2020","First major","'14'","Engineering","Doctor's degree - research/scholarship","48","39","9","0","0","0","0","0","0","0","0","0","0","0","0","0","0","0","15","10","5","0","0","0","5","5","0","28","24","4","-2"
"179867","Washington University in St Louis","2020","Second major","'14'","Engineering","Bachelor's degree","4","3","1","0","0","0","0","0","0","0","0","0","0","0","0","0","0","0","3","2","1","0","0","0","1","1","0","0","0","0","-2"
"179955","William Jewell College","2020","First major","'14'","Engineering","Bachelor's degree","6","5","1","0","0","0","1","1","0","0","0","0","1","1","0","0","0","0","4","3","1","0","0","0","0","0","0","0","0","0","-2"
"179964","William Woods University","2020","First major","'14'","Engineering","Associate's degree","0","0","0","0","0","0","0","0","0","0","0","0","0","0","0","0","0","0","0","0","0","0","0","0","0","0","0","0","0","0","-2"
"180054","Blackfeet Community College","2020","First major","'14'","Engineering","Associate's degree","3","1","2","3","1","2","0","0","0","0","0","0","0","0","0","0","0","0","0","0","0","0","0","0","0","0","0","0","0","0","-2"
"180106","Carroll College","2020","First major","'14'","Engineering","Bachelor's degree","10","9","1","0","0","0","0","0","0","0","0","0","0","0","0","0","0","0","9","9","0","0","0","0","1","0","1","0","0","0","-2"
"180328","Little Big Horn College","2020","First major","'14'","Engineering","Associate's degree","0","0","0","0","0","0","0","0","0","0","0","0","0","0","0","0","0","0","0","0","0","0","0","0","0","0","0","0","0","0","-2"
"180373","Miles Community College","2020","First major","'14'","Engineering","Associate's degree","1","1","0","0","0","0","0","0","0","0","0","0","0","0","0","0","0","0","1","1","0","0","0","0","0","0","0","0","0","0","-2"
"180416","Montana Technological University","2020","First major","'14'","Engineering","Bachelor's degree","213","174","39","6","4","2","1","0","1","0","0","0","2","2","0","0","0","0","150","121","29","1","0","1","13","12","1","40","35","5","-2"
"180416","Montana Technological University","2020","First major","'14'","Engineering","Master's degree","30","27","3","0","0","0","0","0","0","0","0","0","0","0","0","0","0","0","21","20","1","0","0","0","4","3","1","5","4","1","-2"
"180461","Montana State University","2020","First major","'14'","Engineering","Bachelor's degree","470","368","102","7","7","0","4","3","1","0","0","0","16","11","5","0","0","0","381","297","84","27","22","5","4","4","0","31","24","7","-2"
"180461","Montana State University","2020","First major","'14'","Engineering","Master's degree","40","31","9","1","1","0","0","0","0","0","0","0","1","1","0","0","0","0","31","25","6","3","2","1","0","0","0","4","2","2","-2"
"180461","Montana State University","2020","First major","'14'","Engineering","Doctor's degree - research/scholarship","3","2","1","0","0","0","0","0","0","0","0","0","0","0","0","0","0","0","1","1","0","0","0","0","0","0","0","2","1","1","-2"
"180647","Salish Kootenai College","2020","First major","'14'","Engineering","Associate's degree","0","0","0","0","0","0","0","0","0","0","0","0","0","0","0","0","0","0","0","0","0","0","0","0","0","0","0","0","0","0","-2"
"181020","Doane University","2020","First major","'14'","Engineering","Bachelor's degree","7","6","1","0","0","0","0","0","0","0","0","0","0","0","0","0","0","0","6","5","1","1","1","0","0","0","0","0","0","0","-2"
"181303","Metropolitan Community College Area","2020","First major","'14'","Engineering","Associate's degree","4","4","0","0","0","0","1","1","0","1","1","0","0","0","0","0","0","0","2","2","0","0","0","0","0","0","0","0","0","0","-2"
"181464","University of Nebraska-Lincoln","2020","First major","'14'","Engineering","Bachelor's degree","505","419","86","1","0","1","12","7","5","9","7","2","29","26","3","0","0","0","365","308","57","12","10","2","7","5","2","70","56","14","-2"
"181464","University of Nebraska-Lincoln","2020","First major","'14'","Engineering","Master's degree","120","86","34","0","0","0","3","3","0","0","0","0","7","4","3","0","0","0","76","56","20","2","2","0","3","3","0","29","18","11","-2"
"181464","University of Nebraska-Lincoln","2020","First major","'14'","Engineering","Doctor's degree - research/scholarship","57","43","14","0","0","0","2","1","1","0","0","0","0","0","0","0","0","0","3","1","2","1","0","1","0","0","0","51","41","10","-2"
"181464","University of Nebraska-Lincoln","2020","Second major","'14'","Engineering","Doctor's degree - research/scholarship","1","1","0","0","0","0","0","0","0","0","0","0","0","0","0","0","0","0","0","0","0","0","0","0","0","0","0","1","1","0","-2"
"181491","Northeast Community College","2020","First major","'14'","Engineering","Associate's degree","8","8","0","0","0","0","0","0","0","0","0","0","0","0","0","0","0","0","5","5","0","1","1","0","0","0","0","2","2","0","-2"
"181738","Union College","2020","First major","'14'","Engineering","Associate's degree","2","2","0","0","0","0","0","0","0","0","0","0","0","0","0","0","0","0","2","2","0","0","0","0","0","0","0","0","0","0","-2"
"181817","Western Nebraska Community College","2020","First major","'14'","Engineering","Associate's degree","3","3","0","0","0","0","0","0","0","0","0","0","0","0","0","0","0","0","2","2","0","0","0","0","0","0","0","1","1","0","-2"
"182005","College of Southern Nevada","2020","First major","'14'","Engineering","Associate's degree","2","2","0","0","0","0","0","0","0","0","0","0","2","2","0","0","0","0","0","0","0","0","0","0","0","0","0","0","0","0","-2"
"182281","University of Nevada-Las Vegas","2020","First major","'14'","Engineering","Bachelor's degree","191","162","29","0","0","0","28","23","5","6","5","1","62","50","12","2","2","0","63","55","8","27","24","3","2","2","0","1","1","0","-2"
"182281","University of Nevada-Las Vegas","2020","First major","'14'","Engineering","Master's degree","24","15","9","0","0","0","1","0","1","3","3","0","8","5","3","0","0","0","5","3","2","2","1","1","0","0","0","5","3","2","-2"
"182281","University of Nevada-Las Vegas","2020","First major","'14'","Engineering","Doctor's degree - research/scholarship","21","14","7","0","0","0","1","1","0","0","0","0","1","1","0","0","0","0","5","2","3","1","1","0","1","1","0","12","8","4","-2"
"182290","University of Nevada-Reno","2020","First major","'14'","Engineering","Bachelor's degree","478","392","86","1","1","0","37","25","12","6","4","2","82","65","17","4","1","3","298","251","47","36","32","4","6","5","1","8","8","0","-2"
"182290","University of Nevada-Reno","2020","First major","'14'","Engineering","Master's degree","71","46","25","0","0","0","3","1","2","1","1","0","4","3","1","0","0","0","29","18","11","3","1","2","0","0","0","31","22","9","-2"
"182290","University of Nevada-Reno","2020","First major","'14'","Engineering","Doctor's degree - research/scholarship","33","26","7","0","0","0","2","1","1","0","0","0","0","0","0","0","0","0","2","1","1","1","0","1","1","1","0","27","23","4","-2"
"182500","Truckee Meadows Community College","2020","First major","'14'","Engineering","Associate's degree","0","0","0","0","0","0","0","0","0","0","0","0","0","0","0","0","0","0","0","0","0","0","0","0","0","0","0","0","0","0","-2"
"182670","Dartmouth College","2020","First major","'14'","Engineering","Bachelor's degree","104","65","39","1","1","0","9","4","5","2","1","1","13","11","2","1","1","0","62","38","24","5","4","1","3","1","2","8","4","4","-2"
"182670","Dartmouth College","2020","First major","'14'","Engineering","Master's degree","169","109","60","0","0","0","14","9","5","2","2","0","12","9","3","0","0","0","72","51","21","6","3","3","10","6","4","53","29","24","-2"
"182670","Dartmouth College","2020","First major","'14'","Engineering","Doctor's degree - research/scholarship","23","14","9","0","0","0","4","0","4","0","0","0","0","0","0","0","0","0","8","4","4","0","0","0","1","1","0","10","9","1","-2"
"182670","Dartmouth College","2020","Second major","'14'","Engineering","Bachelor's degree","9","7","2","0","0","0","0","0","0","1","1","0","2","2","0","0","0","0","6","4","2","0","0","0","0","0","0","0","0","0","-2"
"183026","Southern New Hampshire University","2020","First major","'14'","Engineering","Bachelor's degree","11","7","4","0","0","0","0","0","0","0","0","0","0","0","0","0","0","0","1","1","0","0","0","0","8","4","4","2","2","0","-2"
"183044","University of New Hampshire-Main Campus","2020","First major","'14'","Engineering","Bachelor's degree","354","276","78","2","2","0","15","12","3","4","4","0","13","10","3","0","0","0","267","211","56","4","3","1","23","15","8","26","19","7","-2"
"183044","University of New Hampshire-Main Campus","2020","First major","'14'","Engineering","Master's degree","36","24","12","0","0","0","0","0","0","0","0","0","0","0","0","0","0","0","29","18","11","0","0","0","0","0","0","7","6","1","-2"
"183044","University of New Hampshire-Main Campus","2020","First major","'14'","Engineering","Doctor's degree - research/scholarship","10","5","5","0","0","0","0","0","0","0","0","0","0","0","0","0","0","0","1","0","1","0","0","0","1","1","0","8","4","4","-2"
"183099","NHTI-Concord's Community College","2020","First major","'14'","Engineering","Associate's degree","2","2","0","0","0","0","0","0","0","0","0","0","0","0","0","0","0","0","2","2","0","0","0","0","0","0","0","0","0","0","-2"
"183150","Great Bay Community College","2020","First major","'14'","Engineering","Associate's degree","8","5","3","0","0","0","1","0","1","0","0","0","0","0","0","0","0","0","6","5","1","0","0","0","1","0","1","0","0","0","-2"
"183239","Saint Anselm College","2020","First major","'14'","Engineering","Bachelor's degree","5","4","1","0","0","0","0","0","0","0","0","0","0","0","0","0","0","0","5","4","1","0","0","0","0","0","0","0","0","0","-2"
"183655","Atlantic Cape Community College","2020","First major","'14'","Engineering","Associate's degree","17","16","1","0","0","0","6","5","1","0","0","0","3","3","0","0","0","0","6","6","0","1","1","0","1","1","0","0","0","0","-2"
"183859","Brookdale Community College","2020","First major","'14'","Engineering","Associate's degree","23","17","6","0","0","0","2","1","1","0","0","0","4","3","1","0","0","0","16","12","4","0","0","0","1","1","0","0","0","0","-2"
"183938","Camden County College","2020","First major","'14'","Engineering","Associate's degree","10","6","4","0","0","0","2","1","1","1","1","0","2","0","2","0","0","0","4","3","1","1","1","0","0","0","0","0","0","0","-2"
"184180","County College of Morris","2020","First major","'14'","Engineering","Associate's degree","27","23","4","0","0","0","2","2","0","0","0","0","3","3","0","0","0","0","15","12","3","1","1","0","3","3","0","3","2","1","-2"
"184205","Cumberland County College","2020","First major","'14'","Engineering","Associate's degree","4","3","1","0","0","0","1","1","0","0","0","0","1","0","1","0","0","0","2","2","0","0","0","0","0","0","0","0","0","0","-2"
"184481","Essex County College","2020","First major","'14'","Engineering","Associate's degree","14","8","6","0","0","0","2","0","2","2","1","1","3","3","0","0","0","0","3","2","1","0","0","0","1","0","1","3","2","1","-2"
"184603","Fairleigh Dickinson University-Metropolitan Campus","2020","First major","'14'","Engineering","Bachelor's degree","19","15","4","0","0","0","0","0","0","2","2","0","4","3","1","0","0","0","5","3","2","1","1","0","2","2","0","5","4","1","-2"
"184603","Fairleigh Dickinson University-Metropolitan Campus","2020","First major","'14'","Engineering","Master's degree","17","13","4","0","0","0","1","1","0","1","0","1","3","3","0","0","0","0","5","4","1","0","0","0","3","3","0","4","2","2","-2"
"184694","Fairleigh Dickinson University-Florham Campus","2020","First major","'14'","Engineering","Master's degree","0","0","0","0","0","0","0","0","0","0","0","0","0","0","0","0","0","0","0","0","0","0","0","0","0","0","0","0","0","0","-2"
"184782","Rowan University","2020","First major","'14'","Engineering","Bachelor's degree","325","248","77","1","0","1","21","15","6","9","7","2","19","14","5","0","0","0","257","200","57","12","7","5","3","3","0","3","2","1","-2"
"184782","Rowan University","2020","First major","'14'","Engineering","Master's degree","42","35","7","0","0","0","4","3","1","1","1","0","1","1","0","0","0","0","24","19","5","0","0","0","1","1","0","11","10","1","-2"
"184782","Rowan University","2020","First major","'14'","Engineering","Doctor's degree - research/scholarship","8","3","5","0","0","0","1","0","1","0","0","0","1","0","1","0","0","0","2","2","0","1","0","1","0","0","0","3","1","2","-2"
"184791","Rowan College of South Jersey Gloucester Campus","2020","First major","'14'","Engineering","Associate's degree","26","21","5","0","0","0","1","1","0","2","1","1","0","0","0","0","0","0","20","19","1","1","0","1","2","0","2","0","0","0","-2"
"184995","Hudson County Community College","2020","First major","'14'","Engineering","Associate's degree","44","29","15","0","0","0","3","2","1","7","5","2","23","15","8","1","0","1","7","5","2","1","1","0","2","1","1","0","0","0","-2"
"185509","Mercer County Community College","2020","First major","'14'","Engineering","Associate's degree","19","16","3","0","0","0","3","2","1","2","2","0","4","3","1","0","0","0","8","7","1","0","0","0","0","0","0","2","2","0","-2"
"185536","Middlesex County College","2020","First major","'14'","Engineering","Associate's degree","41","36","5","0","0","0","12","10","2","3","3","0","10","8","2","0","0","0","13","12","1","0","0","0","2","2","0","1","1","0","-2"
"185572","Monmouth University","2020","First major","'14'","Engineering","Bachelor's degree","5","4","1","0","0","0","0","0","0","1","1","0","0","0","0","0","0","0","4","3","1","0","0","0","0","0","0","0","0","0","-2"
"185572","Monmouth University","2020","First major","'14'","Engineering","Master's degree","12","11","1","0","0","0","1","1","0","1","1","0","1","1","0","0","0","0","1","1","0","0","0","0","0","0","0","8","7","1","-2"
"185828","New Jersey Institute of Technology","2020","First major","'14'","Engineering","Bachelor's degree","706","544","162","0","0","0","138","94","44","55","50","5","147","108","39","1","1","0","279","230","49","21","16","5","28","18","10","37","27","10","-2"
"185828","New Jersey Institute of Technology","2020","First major","'14'","Engineering","Master's degree","359","292","67","0","0","0","60","50","10","17","13","4","35","27","8","0","0","0","84","71","13","9","6","3","5","3","2","149","122","27","-2"
"185828","New Jersey Institute of Technology","2020","First major","'14'","Engineering","Doctor's degree - research/scholarship","34","21","13","0","0","0","1","0","1","1","0","1","1","1","0","0","0","0","3","2","1","0","0","0","1","0","1","27","18","9","-2"
"185873","Ocean County College","2020","First major","'14'","Engineering","Associate's degree","22","19","3","0","0","0","1","1","0","0","0","0","1","1","0","0","0","0","18","15","3","2","2","0","0","0","0","0","0","0","-2"
"186034","Passaic County Community College","2020","First major","'14'","Engineering","Associate's degree","8","3","5","0","0","0","0","0","0","0","0","0","5","1","4","0","0","0","2","1","1","1","1","0","0","0","0","0","0","0","-2"
"186131","Princeton University","2020","First major","'14'","Engineering","Bachelor's degree","185","119","66","0","0","0","48","29","19","15","7","8","15","9","6","0","0","0","66","46","20","8","7","1","0","0","0","33","21","12","-2"
"186131","Princeton University","2020","First major","'14'","Engineering","Master's degree","73","47","26","0","0","0","7","5","2","1","1","0","4","3","1","0","0","0","18","11","7","0","0","0","2","1","1","41","26","15","-2"
"186131","Princeton University","2020","First major","'14'","Engineering","Doctor's degree - research/scholarship","62","44","18","0","0","0","5","3","2","0","0","0","1","1","0","0","0","0","21","15","6","1","1","0","0","0","0","34","24","10","-2"
"186380","Rutgers University-New Brunswick","2020","First major","'14'","Engineering","Bachelor's degree","988","750","238","0","0","0","321","237","84","36","28","8","103","82","21","3","2","1","383","297","86","33","25","8","12","10","2","97","69","28","-2"
"186380","Rutgers University-New Brunswick","2020","First major","'14'","Engineering","Master's degree","232","161","71","0","0","0","29","23","6","8","2","6","4","3","1","0","0","0","60","42","18","0","0","0","2","2","0","129","89","40","-2"
"186380","Rutgers University-New Brunswick","2020","First major","'14'","Engineering","Doctor's degree - research/scholarship","71","54","17","0","0","0","2","1","1","0","0","0","2","0","2","0","0","0","15","10","5","1","1","0","0","0","0","51","42","9","-2"
"186399","Rutgers University-Newark","2020","First major","'14'","Engineering","Bachelor's degree","3","3","0","0","0","0","0","0","0","0","0","0","1","1","0","0","0","0","2","2","0","0","0","0","0","0","0","0","0","0","-2"
"186469","Salem Community College","2020","First major","'14'","Engineering","Associate's degree","1","0","1","0","0","0","0","0","0","0","0","0","0","0","0","0","0","0","1","0","1","0","0","0","0","0","0","0","0","0","-2"
"186645","Raritan Valley Community College","2020","First major","'14'","Engineering","Associate's degree","35","29","6","0","0","0","6","5","1","1","1","0","3","2","1","0","0","0","19","18","1","1","0","1","3","2","1","2","1","1","-2"
"186867","Stevens Institute of Technology","2020","First major","'14'","Engineering","Bachelor's degree","413","267","146","0","0","0","60","34","26","12","3","9","28","18","10","0","0","0","286","196","90","0","0","0","8","3","5","19","13","6","-2"
"186867","Stevens Institute of Technology","2020","First major","'14'","Engineering","Master's degree","494","370","124","1","1","0","35","23","12","7","4","3","12","11","1","0","0","0","132","93","39","0","0","0","60","46","14","247","192","55","-2"
"186867","Stevens Institute of Technology","2020","First major","'14'","Engineering","Doctor's degree - research/scholarship","29","22","7","0","0","0","2","1","1","0","0","0","0","0","0","0","0","0","4","4","0","0","0","0","2","1","1","21","16","5","-2"
"187134","The College of New Jersey","2020","First major","'14'","Engineering","Bachelor's degree","120","101","19","0","0","0","12","8","4","2","2","0","14","13","1","1","1","0","88","74","14","0","0","0","2","2","0","1","1","0","-2"
"187198","Union County College","2020","First major","'14'","Engineering","Associate's degree","76","59","17","0","0","0","2","1","1","13","10","3","32","23","9","0","0","0","14","12","2","0","0","0","10","9","1","5","4","1","-2"
"187532","Central New Mexico Community College","2020","First major","'14'","Engineering","Associate's degree","46","37","9","4","3","1","5","5","0","0","0","0","10","8","2","0","0","0","22","17","5","2","2","0","3","2","1","0","0","0","-2"
"187596","Navajo Technical University","2020","First major","'14'","Engineering","Bachelor's degree","2","1","1","2","1","1","0","0","0","0","0","0","0","0","0","0","0","0","0","0","0","0","0","0","0","0","0","0","0","0","-2"
"187620","New Mexico State University-Dona Ana","2020","First major","'14'","Engineering","Associate's degree","0","0","0","0","0","0","0","0","0","0","0","0","0","0","0","0","0","0","0","0","0","0","0","0","0","0","0","0","0","0","-2"
"187967","New Mexico Institute of Mining and Technology","2020","First major","'14'","Engineering","Bachelor's degree","174","136","38","7","6","1","5","4","1","4","4","0","63","47","16","0","0","0","82","66","16","8","5","3","3","3","0","2","1","1","-2"
"187967","New Mexico Institute of Mining and Technology","2020","First major","'14'","Engineering","Master's degree","36","25","11","0","0","0","0","0","0","4","4","0","7","5","2","0","0","0","17","12","5","0","0","0","1","0","1","7","4","3","-2"
"187967","New Mexico Institute of Mining and Technology","2020","First major","'14'","Engineering","Doctor's degree - research/scholarship","6","5","1","0","0","0","0","0","0","0","0","0","1","0","1","0","0","0","1","1","0","0","0","0","0","0","0","4","4","0","-2"
"187976","University of New Mexico-Los Alamos Campus","2020","First major","'14'","Engineering","Associate's degree","3","2","1","0","0","0","0","0","0","0","0","0","2","2","0","0","0","0","1","0","1","0","0","0","0","0","0","0","0","0","-2"
"187985","University of New Mexico-Main Campus","2020","First major","'14'","Engineering","Bachelor's degree","237","180","57","11","5","6","10","8","2","4","2","2","95","74","21","1","1","0","84","62","22","7","6","1","2","2","0","23","20","3","-2"
"187985","University of New Mexico-Main Campus","2020","First major","'14'","Engineering","Master's degree","140","110","30","1","1","0","5","4","1","1","1","0","36","26","10","0","0","0","66","48","18","3","3","0","3","3","0","25","24","1","-2"
"187985","University of New Mexico-Main Campus","2020","First major","'14'","Engineering","Doctor's degree - research/scholarship","33","22","11","0","0","0","1","0","1","0","0","0","2","1","1","0","0","0","13","11","2","0","0","0","1","1","0","16","9","7","-2"
"187994","New Mexico State University-Alamogordo","2020","First major","'14'","Engineering","Associate's degree","6","5","1","0","0","0","0","0","0","0","0","0","2","2","0","0","0","0","2","2","0","0","0","0","1","0","1","1","1","0","-2"
"188003","New Mexico State University-Carlsbad","2020","First major","'14'","Engineering","Associate's degree","1","0","1","0","0","0","0","0","0","0","0","0","0","0","0","0","0","0","1","0","1","0","0","0","0","0","0","0","0","0","-2"
"188021","New Mexico State University-Grants","2020","First major","'14'","Engineering","Associate's degree","0","0","0","0","0","0","0","0","0","0","0","0","0","0","0","0","0","0","0","0","0","0","0","0","0","0","0","0","0","0","-2"
"188030","New Mexico State University-Main Campus","2020","First major","'14'","Engineering","Bachelor's degree","310","240","70","6","3","3","3","3","0","3","3","0","154","109","45","0","0","0","59","46","13","4","2","2","4","4","0","77","70","7","-2"
"188030","New Mexico State University-Main Campus","2020","First major","'14'","Engineering","Master's degree","100","76","24","0","0","0","1","0","1","5","5","0","34","21","13","0","0","0","31","26","5","2","1","1","1","1","0","26","22","4","-2"
"188030","New Mexico State University-Main Campus","2020","First major","'14'","Engineering","Doctor's degree - research/scholarship","14","10","4","0","0","0","3","2","1","0","0","0","1","1","0","0","0","0","2","2","0","0","0","0","0","0","0","8","5","3","-2"
"188049","University of New Mexico-Valencia County Campus","2020","First major","'14'","Engineering","Associate's degree","2","1","1","0","0","0","0","0","0","0","0","0","1","0","1","0","0","0","1","1","0","0","0","0","0","0","0","0","0","0","-2"
"188058","Northern New Mexico College","2020","First major","'14'","Engineering","Associate's degree","0","0","0","0","0","0","0","0","0","0","0","0","0","0","0","0","0","0","0","0","0","0","0","0","0","0","0","0","0","0","-2"
"188100","San Juan College","2020","First major","'14'","Engineering","Associate's degree","12","11","1","2","2","0","0","0","0","0","0","0","3","2","1","0","0","0","3","3","0","0","0","0","3","3","0","1","1","0","-2"
"188137","Santa Fe Community College","2020","First major","'14'","Engineering","Associate's degree","7","1","6","0","0","0","1","0","1","0","0","0","4","1","3","0","0","0","1","0","1","0","0","0","0","0","0","1","0","1","-2"
"188216","Southwestern Indian Polytechnic Institute","2020","First major","'14'","Engineering","Associate's degree","6","4","2","6","4","2","0","0","0","0","0","0","0","0","0","0","0","0","0","0","0","0","0","0","0","0","0","0","0","0","-2"
"188340","Vaughn College of Aeronautics and Technology","2020","First major","'14'","Engineering","Bachelor's degree","33","26","7","0","0","0","8","6","2","2","2","0","9","9","0","0","0","0","6","3","3","1","0","1","2","2","0","5","4","1","-2"
"188438","SUNY Adirondack","2020","First major","'14'","Engineering","Associate's degree","6","5","1","0","0","0","1","1","0","0","0","0","0","0","0","0","0","0","4","3","1","0","0","0","0","0","0","1","1","0","-2"
"188641","Alfred University","2020","First major","'14'","Engineering","Bachelor's degree","100","78","22","0","0","0","4","3","1","2","2","0","4","4","0","0","0","0","81","64","17","1","1","0","7","3","4","1","1","0","-2"
"188641","Alfred University","2020","First major","'14'","Engineering","Master's degree","9","9","0","0","0","0","1","1","0","0","0","0","0","0","0","0","0","0","6","6","0","0","0","0","0","0","0","2","2","0","-2"
"188641","Alfred University","2020","First major","'14'","Engineering","Doctor's degree - research/scholarship","1","0","1","0","0","0","0","0","0","0","0","0","0","0","0","0","0","0","1","0","1","0","0","0","0","0","0","0","0","0","-2"
"189547","SUNY Broome Community College","2020","First major","'14'","Engineering","Associate's degree","28","26","2","0","0","0","1","1","0","2","1","1","0","0","0","1","1","0","23","22","1","0","0","0","1","1","0","0","0","0","-2"
"189705","Canisius College","2020","First major","'14'","Engineering","Bachelor's degree","2","2","0","0","0","0","0","0","0","0","0","0","0","0","0","0","0","0","2","2","0","0","0","0","0","0","0","0","0","0","-2"
"189839","Cayuga County Community College","2020","First major","'14'","Engineering","Associate's degree","0","0","0","0","0","0","0","0","0","0","0","0","0","0","0","0","0","0","0","0","0","0","0","0","0","0","0","0","0","0","-2"
"190044","Clarkson University","2020","First major","'14'","Engineering","Bachelor's degree","393","304","89","0","0","0","12","8","4","5","4","1","20","14","6","0","0","0","342","265","77","7","6","1","5","5","0","2","2","0","-2"
"190044","Clarkson University","2020","First major","'14'","Engineering","Master's degree","69","52","17","0","0","0","2","2","0","1","0","1","2","2","0","0","0","0","50","40","10","2","2","0","5","3","2","7","3","4","-2"
"190044","Clarkson University","2020","First major","'14'","Engineering","Doctor's degree - research/scholarship","14","11","3","0","0","0","0","0","0","0","0","0","1","1","0","0","0","0","3","2","1","0","0","0","0","0","0","10","8","2","-2"
"190044","Clarkson University","2020","Second major","'14'","Engineering","Bachelor's degree","23","20","3","0","0","0","1","1","0","1","1","0","0","0","0","0","0","0","19","16","3","1","1","0","1","1","0","0","0","0","-2"
"190150","Columbia University in the City of New York","2020","First major","'14'","Engineering","Bachelor's degree","340","201","139","0","0","0","57","22","35","19","11","8","35","25","10","0","0","0","93","58","35","12","6","6","38","28","10","86","51","35","-2"
"190150","Columbia University in the City of New York","2020","First major","'14'","Engineering","Master's degree","1110","647","463","0","0","0","50","31","19","5","4","1","16","11","5","0","0","0","78","48","30","12","7","5","45","30","15","904","516","388","-2"
"190150","Columbia University in the City of New York","2020","First major","'14'","Engineering","Doctor's degree - research/scholarship","107","80","27","0","0","0","10","5","5","0","0","0","3","1","2","0","0","0","22","15","7","2","1","1","3","2","1","67","56","11","-2"
"190150","Columbia University in the City of New York","2020","Second major","'14'","Engineering","Bachelor's degree","23","18","5","0","0","0","1","0","1","0","0","0","1","1","0","0","0","0","3","1","2","0","0","0","12","11","1","6","5","1","-2"
"190372","Cooper Union for the Advancement of Science and Art","2020","First major","'14'","Engineering","Bachelor's degree","119","92","27","0","0","0","38","32","6","2","1","1","2","2","0","0","0","0","32","25","7","4","3","1","15","10","5","26","19","7","-2"
"190372","Cooper Union for the Advancement of Science and Art","2020","First major","'14'","Engineering","Master's degree","36","32","4","0","0","0","16","14","2","1","1","0","0","0","0","0","0","0","10","9","1","1","1","0","2","2","0","6","5","1","-2"
"190415","Cornell University","2020","First major","'14'","Engineering","Bachelor's degree","595","323","272","2","2","0","143","58","85","23","14","9","79","55","24","1","1","0","210","131","79","34","15","19","39","19","20","64","28","36","-2"
"190415","Cornell University","2020","First major","'14'","Engineering","Master's degree","803","508","295","0","0","0","109","65","44","16","11","5","36","25","11","0","0","0","178","120","58","12","9","3","13","9","4","439","269","170","-2"
"190415","Cornell University","2020","First major","'14'","Engineering","Doctor's degree - research/scholarship","131","96","35","0","0","0","11","10","1","3","2","1","3","2","1","0","0","0","48","34","14","2","2","0","6","4","2","58","42","16","-2"
"190415","Cornell University","2020","Second major","'14'","Engineering","Bachelor's degree","10","8","2","1","1","0","3","3","0","0","0","0","0","0","0","0","0","0","3","3","0","0","0","0","1","1","0","2","0","2","-2"
"190424","Weill Medical College of Cornell University","2020","First major","'14'","Engineering","Master's degree","0","0","0","0","0","0","0","0","0","0","0","0","0","0","0","0","0","0","0","0","0","0","0","0","0","0","0","0","0","0","-2"
"190424","Weill Medical College of Cornell University","2020","First major","'14'","Engineering","Doctor's degree - research/scholarship","4","3","1","0","0","0","0","0","0","0","0","0","0","0","0","0","0","0","3","2","1","0","0","0","0","0","0","1","1","0","-2"
"190442","SUNY Corning Community College","2020","First major","'14'","Engineering","Associate's degree","8","8","0","0","0","0","0","0","0","0","0","0","0","0","0","0","0","0","8","8","0","0","0","0","0","0","0","0","0","0","-2"
"190512","CUNY Bernard M Baruch College","2020","First major","'14'","Engineering","Master's degree","35","15","20","0","0","0","3","1","2","3","2","1","1","0","1","0","0","0","7","5","2","0","0","0","0","0","0","21","7","14","-2"
"190521","CUNY Borough of Manhattan Community College","2020","First major","'14'","Engineering","Associate's degree","69","51","18","1","1","0","10","7","3","23","18","5","16","12","4","0","0","0","4","2","2","2","1","1","0","0","0","13","10","3","-2"
"190530","CUNY Bronx Community College","2020","First major","'14'","Engineering","Associate's degree","12","9","3","0","0","0","0","0","0","7","6","1","4","2","2","0","0","0","1","1","0","0","0","0","0","0","0","0","0","0","-2"
"190558","College of Staten Island CUNY","2020","First major","'14'","Engineering","Associate's degree","6","5","1","0","0","0","0","0","0","0","0","0","2","2","0","0","0","0","4","3","1","0","0","0","0","0","0","0","0","0","-2"
"190558","College of Staten Island CUNY","2020","First major","'14'","Engineering","Bachelor's degree","47","43","4","0","0","0","13","13","0","4","4","0","4","3","1","0","0","0","16","14","2","0","0","0","0","0","0","10","9","1","-2"
"190558","College of Staten Island CUNY","2020","First major","'14'","Engineering","Master's degree","2","1","1","0","0","0","0","0","0","0","0","0","0","0","0","0","0","0","1","0","1","0","0","0","0","0","0","1","1","0","-2"
"190567","CUNY City College","2020","First major","'14'","Engineering","Bachelor's degree","430","310","120","0","0","0","146","103","43","33","27","6","101","71","30","0","0","0","102","78","24","5","5","0","0","0","0","43","26","17","-2"
"190567","CUNY City College","2020","First major","'14'","Engineering","Master's degree","73","56","17","0","0","0","24","19","5","6","2","4","8","6","2","0","0","0","13","11","2","1","1","0","0","0","0","21","17","4","-2"
"190567","CUNY City College","2020","First major","'14'","Engineering","Doctor's degree - research/scholarship","31","22","9","0","0","0","5","4","1","1","1","0","1","0","1","0","0","0","8","4","4","0","0","0","0","0","0","16","13","3","-2"
"190576","CUNY Graduate School and University Center","2020","First major","'14'","Engineering","Bachelor's degree","0","0","0","0","0","0","0","0","0","0","0","0","0","0","0","0","0","0","0","0","0","0","0","0","0","0","0","0","0","0","-2"
"190576","CUNY Graduate School and University Center","2020","First major","'14'","Engineering","Master's degree","0","0","0","0","0","0","0","0","0","0","0","0","0","0","0","0","0","0","0","0","0","0","0","0","0","0","0","0","0","0","-2"
"190576","CUNY Graduate School and University Center","2020","First major","'14'","Engineering","Doctor's degree - research/scholarship","0","0","0","0","0","0","0","0","0","0","0","0","0","0","0","0","0","0","0","0","0","0","0","0","0","0","0","0","0","0","-2"
"190585","CUNY Hostos Community College","2020","First major","'14'","Engineering","Associate's degree","16","11","5","0","0","0","2","1","1","8","7","1","4","2","2","0","0","0","1","0","1","0","0","0","0","0","0","1","1","0","-2"
"190619","CUNY Kingsborough Community College","2020","First major","'14'","Engineering","Associate's degree","13","11","2","0","0","0","3","3","0","1","1","0","2","2","0","0","0","0","3","2","1","1","1","0","0","0","0","3","2","1","-2"
"190628","CUNY LaGuardia Community College","2020","First major","'14'","Engineering","Associate's degree","105","82","23","0","0","0","32","26","6","8","5","3","31","23","8","1","1","0","17","14","3","2","2","0","0","0","0","14","11","3","-2"
"190673","CUNY Queensborough Community College","2020","First major","'14'","Engineering","Associate's degree","21","19","2","0","0","0","5","3","2","3","3","0","4","4","0","0","0","0","5","5","0","2","2","0","0","0","0","2","2","0","-2"
"190840","Dutchess Community College","2020","First major","'14'","Engineering","Associate's degree","24","22","2","0","0","0","1","1","0","2","1","1","3","2","1","0","0","0","16","16","0","0","0","0","0","0","0","2","2","0","-2"
"191083","Erie Community College","2020","First major","'14'","Engineering","Associate's degree","15","13","2","0","0","0","1","1","0","0","0","0","0","0","0","0","0","0","13","11","2","0","0","0","1","1","0","0","0","0","-2"
"191199","Finger Lakes Community College","2020","First major","'14'","Engineering","Associate's degree","5","5","0","0","0","0","0","0","0","0","0","0","0","0","0","0","0","0","5","5","0","0","0","0","0","0","0","0","0","0","-2"
"191241","Fordham University","2020","First major","'14'","Engineering","Bachelor's degree","10","4","6","0","0","0","1","0","1","0","0","0","2","1","1","0","0","0","5","3","2","0","0","0","0","0","0","2","0","2","-2"
"191339","Genesee Community College","2020","First major","'14'","Engineering","Associate's degree","3","3","0","0","0","0","0","0","0","0","0","0","0","0","0","0","0","0","3","3","0","0","0","0","0","0","0","0","0","0","-2"
"191612","Herkimer County Community College","2020","First major","'14'","Engineering","Associate's degree","2","1","1","0","0","0","0","0","0","0","0","0","0","0","0","0","0","0","0","0","0","0","0","0","0","0","0","2","1","1","-2"
"191649","Hofstra University","2020","First major","'14'","Engineering","Bachelor's degree","86","65","21","0","0","0","9","7","2","4","3","1","8","7","1","2","1","1","50","36","14","2","2","0","1","1","0","10","8","2","-2"
"191676","Houghton College","2020","First major","'14'","Engineering","Bachelor's degree","0","0","0","0","0","0","0","0","0","0","0","0","0","0","0","0","0","0","0","0","0","0","0","0","0","0","0","0","0","0","-2"
"191719","Hudson Valley Community College","2020","First major","'14'","Engineering","Associate's degree","42","34","8","0","0","0","6","4","2","2","2","0","3","3","0","0","0","0","29","24","5","1","0","1","1","1","0","0","0","0","-2"
"191986","Jamestown Community College","2020","First major","'14'","Engineering","Associate's degree","8","5","3","0","0","0","0","0","0","0","0","0","2","2","0","0","0","0","5","2","3","0","0","0","0","0","0","1","1","0","-2"
"192022","Jefferson Community College","2020","First major","'14'","Engineering","Associate's degree","7","7","0","0","0","0","0","0","0","0","0","0","0","0","0","0","0","0","7","7","0","0","0","0","0","0","0","0","0","0","-2"
"192448","Long Island University","2020","First major","'14'","Engineering","Bachelor's degree","0","0","0","0","0","0","0","0","0","0","0","0","0","0","0","0","0","0","0","0","0","0","0","0","0","0","0","0","0","0","-2"
"192448","Long Island University","2020","First major","'14'","Engineering","Master's degree","1","1","0","0","0","0","0","0","0","0","0","0","0","0","0","0","0","0","0","0","0","0","0","0","0","0","0","1","1","0","-2"
"192703","Manhattan College","2020","First major","'14'","Engineering","Bachelor's degree","254","178","76","0","0","0","24","16","8","10","6","4","43","32","11","1","1","0","153","107","46","4","4","0","15","9","6","4","3","1","-2"
"192703","Manhattan College","2020","First major","'14'","Engineering","Master's degree","75","57","18","0","0","0","9","6","3","3","3","0","12","10","2","0","0","0","38","28","10","0","0","0","2","2","0","11","8","3","-2"
"193283","Mohawk Valley Community College","2020","First major","'14'","Engineering","Associate's degree","16","15","1","0","0","0","0","0","0","0","0","0","0","0","0","0","0","0","16","15","1","0","0","0","0","0","0","0","0","0","-2"
"193326","Monroe Community College","2020","First major","'14'","Engineering","Associate's degree","50","41","9","0","0","0","6","6","0","2","1","1","4","4","0","0","0","0","34","28","6","3","2","1","0","0","0","1","0","1","-2"
"193478","Nassau Community College","2020","First major","'14'","Engineering","Associate's degree","22","18","4","0","0","0","4","2","2","0","0","0","6","4","2","0","0","0","10","10","0","0","0","0","1","1","0","1","1","0","-2"
"193900","New York University","2020","First major","'14'","Engineering","Bachelor's degree","242","160","82","0","0","0","80","55","25","15","9","6","46","32","14","0","0","0","51","32","19","6","4","2","11","6","5","33","22","11","-2"
"193900","New York University","2020","First major","'14'","Engineering","Master's degree","469","346","123","0","0","0","32","27","5","3","1","2","12","7","5","0","0","0","32","23","9","7","6","1","6","4","2","377","278","99","-2"
"193900","New York University","2020","First major","'14'","Engineering","Doctor's degree - research/scholarship","39","29","10","0","0","0","1","1","0","0","0","0","0","0","0","0","0","0","6","6","0","0","0","0","0","0","0","32","22","10","-2"
"193900","New York University","2020","Second major","'14'","Engineering","Bachelor's degree","8","8","0","0","0","0","3","3","0","1","1","0","0","0","0","0","0","0","3","3","0","0","0","0","1","1","0","0","0","0","-2"
"193946","Niagara County Community College","2020","First major","'14'","Engineering","Associate's degree","11","9","2","0","0","0","0","0","0","0","0","0","0","0","0","0","0","0","10","8","2","1","1","0","0","0","0","0","0","0","-2"
"194091","New York Institute of Technology","2020","First major","'14'","Engineering","Bachelor's degree","128","113","15","0","0","0","22","19","3","16","13","3","11","9","2","0","0","0","34","32","2","4","3","1","8","8","0","33","29","4","-2"
"194091","New York Institute of Technology","2020","First major","'14'","Engineering","Master's degree","67","57","10","0","0","0","6","5","1","1","1","0","2","2","0","0","0","0","6","6","0","0","0","0","3","2","1","49","41","8","-2"
"194222","Onondaga Community College","2020","First major","'14'","Engineering","Associate's degree","9","9","0","0","0","0","1","1","0","0","0","0","1","1","0","0","0","0","7","7","0","0","0","0","0","0","0","0","0","0","-2"
"194240","Orange County Community College","2020","First major","'14'","Engineering","Associate's degree","13","9","4","1","0","1","0","0","0","1","1","0","1","1","0","0","0","0","10","7","3","0","0","0","0","0","0","0","0","0","-2"
"194310","Pace University","2020","First major","'14'","Engineering","Master's degree","6","4","2","0","0","0","0","0","0","1","0","1","0","0","0","0","0","0","1","1","0","0","0","0","0","0","0","4","3","1","-2"
"194824","Rensselaer Polytechnic Institute","2020","First major","'14'","Engineering","Bachelor's degree","831","550","281","0","0","0","89","49","40","27","23","4","95","69","26","1","0","1","474","307","167","52","33","19","11","6","5","82","63","19","-2"
"194824","Rensselaer Polytechnic Institute","2020","First major","'14'","Engineering","Master's degree","116","72","44","0","0","0","12","6","6","4","3","1","7","5","2","0","0","0","61","34","27","8","4","4","2","2","0","22","18","4","-2"
"194824","Rensselaer Polytechnic Institute","2020","First major","'14'","Engineering","Doctor's degree - research/scholarship","67","51","16","0","0","0","2","2","0","1","1","0","1","0","1","0","0","0","17","16","1","3","2","1","1","1","0","42","29","13","-2"
"195003","Rochester Institute of Technology","2020","First major","'14'","Engineering","Bachelor's degree","719","557","162","0","0","0","75","64","11","16","11","5","34","25","9","0","0","0","522","406","116","17","14","3","13","10","3","42","27","15","-2"
"195003","Rochester Institute of Technology","2020","First major","'14'","Engineering","Master's degree","291","212","79","0","0","0","10","8","2","5","4","1","7","3","4","0","0","0","136","104","32","5","5","0","3","3","0","125","85","40","-2"
"195003","Rochester Institute of Technology","2020","First major","'14'","Engineering","Doctor's degree - research/scholarship","12","10","2","0","0","0","0","0","0","0","0","0","0","0","0","0","0","0","5","4","1","0","0","0","0","0","0","7","6","1","-2"
"195003","Rochester Institute of Technology","2020","Second major","'14'","Engineering","Bachelor's degree","5","5","0","0","0","0","0","0","0","0","0","0","0","0","0","0","0","0","5","5","0","0","0","0","0","0","0","0","0","0","-2"
"195030","University of Rochester","2020","First major","'14'","Engineering","Bachelor's degree","266","180","86","0","0","0","23","17","6","13","11","2","17","9","8","0","0","0","124","82","42","2","0","2","20","13","7","67","48","19","-2"
"195030","University of Rochester","2020","First major","'14'","Engineering","Master's degree","102","68","34","0","0","0","9","5","4","2","2","0","2","2","0","0","0","0","33","20","13","1","0","1","2","2","0","53","37","16","-2"
"195030","University of Rochester","2020","First major","'14'","Engineering","Doctor's degree - research/scholarship","21","16","5","0","0","0","0","0","0","1","1","0","1","1","0","0","0","0","3","2","1","0","0","0","4","3","1","12","9","3","-2"
"195058","Rockland Community College","2020","First major","'14'","Engineering","Associate's degree","14","12","2","0","0","0","3","2","1","2","2","0","0","0","0","0","0","0","5","4","1","1","1","0","2","2","0","1","1","0","-2"
"195474","Siena College","2020","First major","'14'","Engineering","Bachelor's degree","0","0","0","0","0","0","0","0","0","0","0","0","0","0","0","0","0","0","0","0","0","0","0","0","0","0","0","0","0","0","-2"
"196006","SUNY College of Technology at Alfred","2020","First major","'14'","Engineering","Associate's degree","5","5","0","0","0","0","0","0","0","0","0","0","0","0","0","0","0","0","5","5","0","0","0","0","0","0","0","0","0","0","-2"
"196015","SUNY College of Technology at Canton","2020","First major","'14'","Engineering","Associate's degree","11","9","2","1","0","1","1","1","0","0","0","0","0","0","0","0","0","0","8","7","1","0","0","0","1","1","0","0","0","0","-2"
"196015","SUNY College of Technology at Canton","2020","First major","'14'","Engineering","Bachelor's degree","0","0","0","0","0","0","0","0","0","0","0","0","0","0","0","0","0","0","0","0","0","0","0","0","0","0","0","0","0","0","-2"
"196024","SUNY College of Technology at Delhi","2020","First major","'14'","Engineering","Associate's degree","0","0","0","0","0","0","0","0","0","0","0","0","0","0","0","0","0","0","0","0","0","0","0","0","0","0","0","0","0","0","-2"
"196051","SUNY Morrisville","2020","First major","'14'","Engineering","Associate's degree","2","2","0","0","0","0","0","0","0","0","0","0","0","0","0","0","0","0","2","2","0","0","0","0","0","0","0","0","0","0","-2"
"196060","SUNY at Albany","2020","First major","'14'","Engineering","Bachelor's degree","16","15","1","0","0","0","5","4","1","1","1","0","0","0","0","0","0","0","8","8","0","0","0","0","1","1","0","1","1","0","-2"
"196060","SUNY at Albany","2020","First major","'14'","Engineering","Master's degree","7","5","2","0","0","0","0","0","0","0","0","0","0","0","0","0","0","0","3","2","1","0","0","0","1","0","1","3","3","0","-2"
"196060","SUNY at Albany","2020","First major","'14'","Engineering","Doctor's degree - research/scholarship","9","6","3","0","0","0","1","1","0","1","0","1","0","0","0","0","0","0","5","3","2","0","0","0","0","0","0","2","2","0","-2"
"196079","Binghamton University","2020","First major","'14'","Engineering","Bachelor's degree","328","244","84","0","0","0","34","28","6","10","8","2","31","25","6","0","0","0","233","166","67","6","5","1","4","3","1","10","9","1","-2"
"196079","Binghamton University","2020","First major","'14'","Engineering","Master's degree","248","185","63","0","0","0","20","16","4","7","4","3","10","10","0","0","0","0","88","65","23","0","0","0","3","3","0","120","87","33","-2"
"196079","Binghamton University","2020","First major","'14'","Engineering","Doctor's degree - research/scholarship","51","35","16","0","0","0","0","0","0","0","0","0","1","0","1","0","0","0","4","4","0","0","0","0","2","2","0","44","29","15","-2"
"196088","University at Buffalo","2020","First major","'14'","Engineering","Bachelor's degree","799","657","142","2","2","0","115","89","26","30","24","6","37","27","10","0","0","0","467","395","72","9","7","2","43","35","8","96","78","18","-2"
"196088","University at Buffalo","2020","First major","'14'","Engineering","Master's degree","455","354","101","0","0","0","29","18","11","6","3","3","9","8","1","0","0","0","79","58","21","2","1","1","15","11","4","315","255","60","-2"
"196088","University at Buffalo","2020","First major","'14'","Engineering","Doctor's degree - research/scholarship","68","50","18","0","0","0","3","2","1","0","0","0","0","0","0","0","0","0","14","10","4","0","0","0","1","1","0","50","37","13","-2"
"196088","University at Buffalo","2020","Second major","'14'","Engineering","Bachelor's degree","97","86","11","0","0","0","12","10","2","3","3","0","3","3","0","0","0","0","67","60","7","1","1","0","4","4","0","7","5","2","-2"
"196097","Stony Brook University","2020","First major","'14'","Engineering","Bachelor's degree","404","314","90","1","1","0","121","96","25","12","6","6","34","22","12","1","1","0","132","108","24","12","10","2","35","29","6","56","41","15","-2"
"196097","Stony Brook University","2020","First major","'14'","Engineering","Master's degree","205","166","39","0","0","0","51","40","11","8","7","1","6","6","0","1","1","0","36","32","4","3","2","1","15","11","4","85","67","18","-2"
"196097","Stony Brook University","2020","First major","'14'","Engineering","Doctor's degree - research/scholarship","53","39","14","0","0","0","6","5","1","3","3","0","1","1","0","0","0","0","7","5","2","1","0","1","0","0","0","35","25","10","-2"
"196103","SUNY College of Environmental Science and Forestry","2020","First major","'14'","Engineering","Bachelor's degree","94","58","36","0","0","0","1","0","1","0","0","0","3","1","2","0","0","0","47","29","18","1","1","0","3","3","0","39","24","15","-2"
"196103","SUNY College of Environmental Science and Forestry","2020","First major","'14'","Engineering","Master's degree","16","9","7","0","0","0","0","0","0","1","0","1","0","0","0","0","0","0","7","6","1","0","0","0","0","0","0","8","3","5","-2"
"196103","SUNY College of Environmental Science and Forestry","2020","First major","'14'","Engineering","Doctor's degree - research/scholarship","5","5","0","0","0","0","1","1","0","0","0","0","0","0","0","0","0","0","2","2","0","0","0","0","0","0","0","2","2","0","-2"
"196112","SUNY Polytechnic Institute","2020","First major","'14'","Engineering","Bachelor's degree","82","70","12","0","0","0","8","6","2","1","1","0","8","6","2","1","1","0","61","54","7","2","1","1","0","0","0","1","1","0","-2"
"196112","SUNY Polytechnic Institute","2020","First major","'14'","Engineering","Master's degree","7","7","0","0","0","0","2","2","0","0","0","0","0","0","0","0","0","0","1","1","0","2","2","0","0","0","0","2","2","0","-2"
"196112","SUNY Polytechnic Institute","2020","First major","'14'","Engineering","Doctor's degree - research/scholarship","7","3","4","0","0","0","2","1","1","0","0","0","0","0","0","0","0","0","2","1","1","0","0","0","0","0","0","3","1","2","-2"
"196130","SUNY Buffalo State","2020","First major","'14'","Engineering","Master's degree","10","9","1","0","0","0","1","0","1","4","4","0","0","0","0","0","0","0","4","4","0","0","0","0","0","0","0","1","1","0","-2"
"196176","State University of New York at New Paltz","2020","First major","'14'","Engineering","Bachelor's degree","83","66","17","0","0","0","11","7","4","1","1","0","13","13","0","0","0","0","51","39","12","2","2","0","1","1","0","4","3","1","-2"
"196176","State University of New York at New Paltz","2020","First major","'14'","Engineering","Master's degree","13","7","6","0","0","0","0","0","0","0","0","0","0","0","0","0","0","0","3","3","0","0","0","0","0","0","0","10","4","6","-2"
"196194","SUNY College at Oswego","2020","First major","'14'","Engineering","Bachelor's degree","41","38","3","0","0","0","6","6","0","3","3","0","2","2","0","0","0","0","26","23","3","0","0","0","0","0","0","4","4","0","-2"
"196255","SUNY Downstate Health Sciences University","2020","First major","'14'","Engineering","Doctor's degree - research/scholarship","2","2","0","0","0","0","0","0","0","0","0","0","0","0","0","0","0","0","1","1","0","0","0","0","0","0","0","1","1","0","-2"
"196291","SUNY Maritime College","2020","First major","'14'","Engineering","Bachelor's degree","131","115","16","0","0","0","7","6","1","5","4","1","16","14","2","0","0","0","89","80","9","5","4","1","5","4","1","4","3","1","-2"
"196413","Syracuse University","2020","First major","'14'","Engineering","Bachelor's degree","269","189","80","2","2","0","16","10","6","22","16","6","24","17","7","0","0","0","160","114","46","8","4","4","6","5","1","31","21","10","-2"
"196413","Syracuse University","2020","First major","'14'","Engineering","Master's degree","184","140","44","0","0","0","5","4","1","7","5","2","2","2","0","0","0","0","40","35","5","0","0","0","0","0","0","130","94","36","-2"
"196413","Syracuse University","2020","First major","'14'","Engineering","Doctor's degree - research/scholarship","24","18","6","0","0","0","0","0","0","1","1","0","0","0","0","0","0","0","5","4","1","1","1","0","0","0","0","17","12","5","-2"
"196565","Tompkins Cortland Community College","2020","First major","'14'","Engineering","Associate's degree","5","4","1","0","0","0","1","0","1","0","0","0","0","0","0","0","0","0","3","3","0","1","1","0","0","0","0","0","0","0","-2"
"196699","Ulster County Community College","2020","First major","'14'","Engineering","Associate's degree","3","2","1","0","0","0","0","0","0","0","0","0","0","0","0","0","0","0","2","2","0","0","0","0","0","0","0","1","0","1","-2"
"196866","Union College","2020","First major","'14'","Engineering","Bachelor's degree","87","58","29","0","0","0","6","4","2","1","1","0","10","7","3","0","0","0","53","36","17","3","3","0","0","0","0","14","7","7","-2"
"197027","United States Merchant Marine Academy","2020","First major","'14'","Engineering","Bachelor's degree","106","85","21","2","1","1","8","6","2","1","0","1","8","6","2","1","1","0","83","69","14","0","0","0","2","2","0","1","0","1","-2"
"197027","United States Merchant Marine Academy","2020","First major","'14'","Engineering","Master's degree","3","3","0","0","0","0","0","0","0","0","0","0","0","0","0","0","0","0","1","1","0","0","0","0","2","2","0","0","0","0","-2"
"197036","United States Military Academy","2020","First major","'14'","Engineering","Bachelor's degree","279","226","53","2","2","0","36","32","4","24","17","7","29","24","5","0","0","0","176","141","35","4","3","1","5","4","1","3","3","0","-2"
"197221","Webb Institute","2020","First major","'14'","Engineering","Bachelor's degree","25","18","7","0","0","0","4","4","0","0","0","0","1","1","0","0","0","0","18","13","5","1","0","1","1","0","1","0","0","0","-2"
"197294","SUNY Westchester Community College","2020","First major","'14'","Engineering","Associate's degree","25","24","1","0","0","0","1","1","0","4","4","0","13","13","0","0","0","0","6","6","0","0","0","0","1","0","1","0","0","0","-2"
"197708","Yeshiva University","2020","First major","'14'","Engineering","Bachelor's degree","2","2","0","0","0","0","0","0","0","0","0","0","0","0","0","0","0","0","1","1","0","0","0","0","0","0","0","1","1","0","-2"
"197814","College of the Albemarle","2020","First major","'14'","Engineering","Associate's degree","4","4","0","0","0","0","0","0","0","0","0","0","0","0","0","0","0","0","2","2","0","0","0","0","2","2","0","0","0","0","-2"
"197850","South Piedmont Community College","2020","First major","'14'","Engineering","Associate's degree","0","0","0","0","0","0","0","0","0","0","0","0","0","0","0","0","0","0","0","0","0","0","0","0","0","0","0","0","0","0","-2"
"197887","Asheville-Buncombe Technical Community College","2020","First major","'14'","Engineering","Associate's degree","10","8","2","0","0","0","0","0","0","0","0","0","0","0","0","0","0","0","9","7","2","0","0","0","1","1","0","0","0","0","-2"
"198039","Blue Ridge Community College","2020","First major","'14'","Engineering","Associate's degree","7","7","0","0","0","0","0","0","0","0","0","0","1","1","0","0","0","0","5","5","0","0","0","0","0","0","0","1","1","0","-2"
"198084","Brunswick Community College","2020","First major","'14'","Engineering","Associate's degree","6","6","0","0","0","0","0","0","0","0","0","0","1","1","0","0","0","0","4","4","0","0","0","0","1","1","0","0","0","0","-2"
"198136","Campbell University","2020","First major","'14'","Engineering","Bachelor's degree","33","22","11","0","0","0","0","0","0","0","0","0","3","1","2","0","0","0","22","14","8","0","0","0","6","5","1","2","2","0","-2"
"198154","Cape Fear Community College","2020","First major","'14'","Engineering","Associate's degree","11","11","0","0","0","0","2","2","0","0","0","0","0","0","0","0","0","0","9","9","0","0","0","0","0","0","0","0","0","0","-2"
"198206","Carteret Community College","2020","First major","'14'","Engineering","Associate's degree","1","1","0","0","0","0","0","0","0","0","0","0","0","0","0","0","0","0","1","1","0","0","0","0","0","0","0","0","0","0","-2"
"198233","Catawba Valley Community College","2020","First major","'14'","Engineering","Associate's degree","4","4","0","0","0","0","0","0","0","0","0","0","0","0","0","0","0","0","4","4","0","0","0","0","0","0","0","0","0","0","-2"
"198251","Central Carolina Community College","2020","First major","'14'","Engineering","Associate's degree","9","9","0","0","0","0","0","0","0","0","0","0","2","2","0","0","0","0","7","7","0","0","0","0","0","0","0","0","0","0","-2"
"198260","Central Piedmont Community College","2020","First major","'14'","Engineering","Associate's degree","55","49","6","0","0","0","4","3","1","3","3","0","4","4","0","0","0","0","34","31","3","0","0","0","1","1","0","9","7","2","-2"
"198330","Coastal Carolina Community College","2020","First major","'14'","Engineering","Associate's degree","5","5","0","0","0","0","1","1","0","0","0","0","0","0","0","0","0","0","4","4","0","0","0","0","0","0","0","0","0","0","-2"
"198367","Craven Community College","2020","First major","'14'","Engineering","Associate's degree","4","3","1","0","0","0","0","0","0","0","0","0","1","1","0","0","0","0","3","2","1","0","0","0","0","0","0","0","0","0","-2"
"198419","Duke University","2020","First major","'14'","Engineering","Bachelor's degree","283","174","109","0","0","0","70","40","30","12","3","9","18","11","7","0","0","0","137","89","48","8","6","2","4","2","2","34","23","11","-2"
"198419","Duke University","2020","First major","'14'","Engineering","Master's degree","272","167","105","0","0","0","19","14","5","3","2","1","4","2","2","0","0","0","36","19","17","5","4","1","4","3","1","201","123","78","-2"
"198419","Duke University","2020","First major","'14'","Engineering","Doctor's degree - research/scholarship","88","68","20","0","0","0","3","2","1","0","0","0","5","3","2","0","0","0","34","24","10","0","0","0","1","1","0","45","38","7","-2"
"198419","Duke University","2020","Second major","'14'","Engineering","Bachelor's degree","20","10","10","0","0","0","8","4","4","0","0","0","1","0","1","0","0","0","10","6","4","0","0","0","0","0","0","1","0","1","-2"
"198455","Durham Technical Community College","2020","First major","'14'","Engineering","Associate's degree","19","17","2","0","0","0","0","0","0","2","2","0","2","2","0","0","0","0","11","10","1","0","0","0","1","1","0","3","2","1","-2"
"198464","East Carolina University","2020","First major","'14'","Engineering","Bachelor's degree","134","101","33","0","0","0","11","9","2","11","7","4","4","4","0","1","0","1","101","76","25","3","3","0","1","0","1","2","2","0","-2"
"198464","East Carolina University","2020","First major","'14'","Engineering","Master's degree","13","10","3","1","0","1","2","2","0","3","2","1","1","0","1","0","0","0","6","6","0","0","0","0","0","0","0","0","0","0","-2"
"198491","Edgecombe Community College","2020","First major","'14'","Engineering","Associate's degree","1","1","0","0","0","0","0","0","0","0","0","0","0","0","0","0","0","0","1","1","0","0","0","0","0","0","0","0","0","0","-2"
"198516","Elon University","2020","First major","'14'","Engineering","Bachelor's degree","10","5","5","0","0","0","1","0","1","0","0","0","0","0","0","0","0","0","9","5","4","0","0","0","0","0","0","0","0","0","-2"
"198534","Fayetteville Technical Community College","2020","First major","'14'","Engineering","Associate's degree","4","4","0","0","0","0","0","0","0","0","0","0","0","0","0","0","0","0","4","4","0","0","0","0","0","0","0","0","0","0","-2"
"198552","Forsyth Technical Community College","2020","First major","'14'","Engineering","Associate's degree","9","6","3","0","0","0","1","0","1","1","1","0","0","0","0","0","0","0","7","5","2","0","0","0","0","0","0","0","0","0","-2"
"198570","Gaston College","2020","First major","'14'","Engineering","Associate's degree","19","17","2","1","0","1","1","1","0","2","2","0","1","1","0","0","0","0","11","10","1","1","1","0","1","1","0","1","1","0","-2"
"198622","Guilford Technical Community College","2020","First major","'14'","Engineering","Associate's degree","6","6","0","0","0","0","2","2","0","0","0","0","0","0","0","0","0","0","2","2","0","0","0","0","1","1","0","1","1","0","-2"
"198640","Halifax Community College","2020","First major","'14'","Engineering","Associate's degree","0","0","0","0","0","0","0","0","0","0","0","0","0","0","0","0","0","0","0","0","0","0","0","0","0","0","0","0","0","0","-2"
"198668","Haywood Community College","2020","First major","'14'","Engineering","Associate's degree","3","2","1","0","0","0","0","0","0","0","0","0","0","0","0","0","0","0","3","2","1","0","0","0","0","0","0","0","0","0","-2"
"198695","High Point University","2020","First major","'14'","Engineering","Bachelor's degree","0","0","0","0","0","0","0","0","0","0","0","0","0","0","0","0","0","0","0","0","0","0","0","0","0","0","0","0","0","0","-2"
"198710","Isothermal Community College","2020","First major","'14'","Engineering","Associate's degree","0","0","0","0","0","0","0","0","0","0","0","0","0","0","0","0","0","0","0","0","0","0","0","0","0","0","0","0","0","0","-2"
"198756","Johnson C Smith University","2020","First major","'14'","Engineering","Bachelor's degree","4","3","1","0","0","0","0","0","0","3","3","0","1","0","1","0","0","0","0","0","0","0","0","0","0","0","0","0","0","0","-2"
"198774","Johnston Community College","2020","First major","'14'","Engineering","Associate's degree","9","6","3","0","0","0","0","0","0","0","0","0","2","1","1","0","0","0","6","4","2","0","0","0","0","0","0","1","1","0","-2"
"198817","Lenoir Community College","2020","First major","'14'","Engineering","Associate's degree","0","0","0","0","0","0","0","0","0","0","0","0","0","0","0","0","0","0","0","0","0","0","0","0","0","0","0","0","0","0","-2"
"198923","McDowell Technical Community College","2020","First major","'14'","Engineering","Associate's degree","0","0","0","0","0","0","0","0","0","0","0","0","0","0","0","0","0","0","0","0","0","0","0","0","0","0","0","0","0","0","-2"
"198969","Methodist University","2020","First major","'14'","Engineering","Bachelor's degree","6","5","1","0","0","0","0","0","0","0","0","0","0","0","0","0","0","0","1","1","0","0","0","0","1","1","0","4","3","1","-2"
"198987","Mitchell Community College","2020","First major","'14'","Engineering","Associate's degree","8","6","2","0","0","0","0","0","0","0","0","0","0","0","0","0","0","0","7","5","2","1","1","0","0","0","0","0","0","0","-2"
"199023","Montgomery Community College","2020","First major","'14'","Engineering","Associate's degree","0","0","0","0","0","0","0","0","0","0","0","0","0","0","0","0","0","0","0","0","0","0","0","0","0","0","0","0","0","0","-2"
"199087","Nash Community College","2020","First major","'14'","Engineering","Associate's degree","25","22","3","1","0","1","0","0","0","2","2","0","4","4","0","0","0","0","16","14","2","0","0","0","1","1","0","1","1","0","-2"
"199102","North Carolina A & T State University","2020","First major","'14'","Engineering","Bachelor's degree","257","169","88","1","1","0","9","8","1","167","93","74","6","6","0","0","0","0","38","30","8","9","6","3","5","4","1","22","21","1","-2"
"199102","North Carolina A & T State University","2020","First major","'14'","Engineering","Master's degree","54","29","25","0","0","0","2","2","0","29","12","17","0","0","0","0","0","0","4","3","1","1","0","1","1","0","1","17","12","5","-2"
"199102","North Carolina A & T State University","2020","First major","'14'","Engineering","Doctor's degree - research/scholarship","31","23","8","0","0","0","3","2","1","4","2","2","0","0","0","0","0","0","1","1","0","0","0","0","2","2","0","21","16","5","-2"
"199102","North Carolina A & T State University","2020","Second major","'14'","Engineering","Bachelor's degree","1","1","0","0","0","0","0","0","0","0","0","0","0","0","0","0","0","0","0","0","0","0","0","0","0","0","0","1","1","0","-2"
"199111","University of North Carolina at Asheville","2020","First major","'14'","Engineering","Bachelor's degree","38","34","4","0","0","0","1","0","1","0","0","0","0","0","0","0","0","0","33","30","3","0","0","0","4","4","0","0","0","0","-2"
"199120","University of North Carolina at Chapel Hill","2020","First major","'14'","Engineering","Bachelor's degree","63","32","31","0","0","0","9","6","3","6","4","2","5","2","3","0","0","0","34","18","16","3","1","2","4","1","3","2","0","2","-2"
"199120","University of North Carolina at Chapel Hill","2020","First major","'14'","Engineering","Master's degree","2","2","0","0","0","0","0","0","0","0","0","0","0","0","0","0","0","0","0","0","0","0","0","0","0","0","0","2","2","0","-2"
"199120","University of North Carolina at Chapel Hill","2020","First major","'14'","Engineering","Doctor's degree - research/scholarship","12","8","4","0","0","0","1","1","0","0","0","0","1","1","0","0","0","0","5","3","2","0","0","0","0","0","0","5","3","2","-2"
"199139","University of North Carolina at Charlotte","2020","First major","'14'","Engineering","Bachelor's degree","485","422","63","1","1","0","32","27","5","29","23","6","38","31","7","0","0","0","308","274","34","21","18","3","14","11","3","42","37","5","-2"
"199139","University of North Carolina at Charlotte","2020","First major","'14'","Engineering","Master's degree","107","88","19","0","0","0","5","5","0","2","2","0","4","3","1","0","0","0","22","19","3","3","3","0","4","3","1","67","53","14","-2"
"199139","University of North Carolina at Charlotte","2020","First major","'14'","Engineering","Doctor's degree - research/scholarship","21","19","2","0","0","0","0","0","0","1","1","0","0","0","0","0","0","0","7","6","1","0","0","0","1","1","0","12","11","1","-2"
"199193","North Carolina State University at Raleigh","2020","First major","'14'","Engineering","Bachelor's degree","1541","1058","483","1","1","0","107","75","32","44","20","24","62","42","20","1","0","1","1085","750","335","49","33","16","72","46","26","120","91","29","-2"
"199193","North Carolina State University at Raleigh","2020","First major","'14'","Engineering","Master's degree","717","542","175","1","1","0","22","15","7","12","9","3","15","11","4","0","0","0","244","188","56","8","7","1","16","10","6","399","301","98","-2"
"199193","North Carolina State University at Raleigh","2020","First major","'14'","Engineering","Doctor's degree - research/scholarship","222","159","63","0","0","0","12","8","4","1","0","1","2","1","1","0","0","0","60","45","15","1","1","0","3","3","0","143","101","42","-2"
"199193","North Carolina State University at Raleigh","2020","Second major","'14'","Engineering","Doctor's degree - research/scholarship","2","1","1","0","0","0","0","0","0","0","0","0","0","0","0","0","0","0","0","0","0","0","0","0","0","0","0","2","1","1","-2"
"199218","University of North Carolina Wilmington","2020","First major","'14'","Engineering","Bachelor's degree","0","0","0","0","0","0","0","0","0","0","0","0","0","0","0","0","0","0","0","0","0","0","0","0","0","0","0","0","0","0","-2"
"199333","Pitt Community College","2020","First major","'14'","Engineering","Associate's degree","9","7","2","0","0","0","0","0","0","0","0","0","1","0","1","0","0","0","7","6","1","1","1","0","0","0","0","0","0","0","-2"
"199412","Queens University of Charlotte","2020","First major","'14'","Engineering","Bachelor's degree","0","0","0","0","0","0","0","0","0","0","0","0","0","0","0","0","0","0","0","0","0","0","0","0","0","0","0","0","0","0","-2"
"199494","Rowan-Cabarrus Community College","2020","First major","'14'","Engineering","Associate's degree","3","3","0","0","0","0","1","1","0","0","0","0","0","0","0","0","0","0","2","2","0","0","0","0","0","0","0","0","0","0","-2"
"199582","Saint Augustine's University","2020","First major","'14'","Engineering","Bachelor's degree","3","2","1","0","0","0","0","0","0","1","1","0","0","0","0","0","0","0","0","0","0","0","0","0","2","1","1","0","0","0","-2"
"199634","Sandhills Community College","2020","First major","'14'","Engineering","Associate's degree","3","2","1","0","0","0","0","0","0","0","0","0","1","1","0","0","0","0","1","0","1","0","0","0","0","0","0","1","1","0","-2"
"199768","Surry Community College","2020","First major","'14'","Engineering","Associate's degree","0","0","0","0","0","0","0","0","0","0","0","0","0","0","0","0","0","0","0","0","0","0","0","0","0","0","0","0","0","0","-2"
"199786","Alamance Community College","2020","First major","'14'","Engineering","Associate's degree","2","2","0","0","0","0","0","0","0","0","0","0","0","0","0","0","0","0","2","2","0","0","0","0","0","0","0","0","0","0","-2"
"199847","Wake Forest University","2020","First major","'14'","Engineering","Bachelor's degree","0","0","0","0","0","0","0","0","0","0","0","0","0","0","0","0","0","0","0","0","0","0","0","0","0","0","0","0","0","0","-2"
"199847","Wake Forest University","2020","First major","'14'","Engineering","Master's degree","6","5","1","0","0","0","0","0","0","0","0","0","0","0","0","0","0","0","5","4","1","0","0","0","1","1","0","0","0","0","-2"
"199847","Wake Forest University","2020","First major","'14'","Engineering","Doctor's degree - research/scholarship","8","4","4","0","0","0","0","0","0","1","0","1","0","0","0","0","0","0","4","2","2","0","0","0","3","2","1","0","0","0","-2"
"199856","Wake Technical Community College","2020","First major","'14'","Engineering","Associate's degree","124","96","28","0","0","0","13","8","5","6","6","0","21","17","4","0","0","0","68","55","13","4","4","0","4","0","4","8","6","2","-2"
"199892","Wayne Community College","2020","First major","'14'","Engineering","Associate's degree","2","1","1","0","0","0","0","0","0","0","0","0","1","1","0","0","0","0","1","0","1","0","0","0","0","0","0","0","0","0","-2"
"199926","Wilkes Community College","2020","First major","'14'","Engineering","Associate's degree","2","2","0","0","0","0","0","0","0","0","0","0","0","0","0","0","0","0","2","2","0","0","0","0","0","0","0","0","0","0","-2"
"200004","Western Carolina University","2020","First major","'14'","Engineering","Bachelor's degree","52","45","7","0","0","0","0","0","0","0","0","0","1","1","0","0","0","0","44","38","6","2","2","0","1","0","1","4","4","0","-2"
"200013","Rasmussen University-North Dakota","2020","First major","'14'","Engineering","Associate's degree","4","3","1","0","0","0","0","0","0","0","0","0","0","0","0","0","0","0","4","3","1","0","0","0","0","0","0","0","0","0","-2"
"200086","Nueta Hidatsa Sahnish College","2020","First major","'14'","Engineering","Associate's degree","0","0","0","0","0","0","0","0","0","0","0","0","0","0","0","0","0","0","0","0","0","0","0","0","0","0","0","0","0","0","-2"
"200156","University of Jamestown","2020","First major","'14'","Engineering","Bachelor's degree","6","6","0","0","0","0","0","0","0","0","0","0","0","0","0","0","0","0","3","3","0","0","0","0","0","0","0","3","3","0","-2"
"200208","Cankdeska Cikana Community College","2020","First major","'14'","Engineering","Associate's degree","1","1","0","1","1","0","0","0","0","0","0","0","0","0","0","0","0","0","0","0","0","0","0","0","0","0","0","0","0","0","-2"
"200217","University of Mary","2020","First major","'14'","Engineering","Bachelor's degree","18","16","2","0","0","0","0","0","0","3","2","1","1","1","0","0","0","0","12","11","1","0","0","0","2","2","0","0","0","0","-2"
"200280","University of North Dakota","2020","First major","'14'","Engineering","Bachelor's degree","271","220","51","0","0","0","6","5","1","13","10","3","11","8","3","0","0","0","197","162","35","19","12","7","6","6","0","19","17","2","-2"
"200280","University of North Dakota","2020","First major","'14'","Engineering","Master's degree","36","29","7","1","0","1","0","0","0","1","1","0","2","1","1","0","0","0","17","13","4","1","1","0","0","0","0","14","13","1","-2"
"200280","University of North Dakota","2020","First major","'14'","Engineering","Doctor's degree - research/scholarship","13","11","2","0","0","0","0","0","0","1","1","0","1","1","0","0","0","0","2","2","0","0","0","0","0","0","0","9","7","2","-2"
"200332","North Dakota State University-Main Campus","2020","First major","'14'","Engineering","Bachelor's degree","380","326","54","7","6","1","0","0","0","8","8","0","7","5","2","0","0","0","326","282","44","14","10","4","7","7","0","11","8","3","-2"
"200332","North Dakota State University-Main Campus","2020","First major","'14'","Engineering","Master's degree","51","35","16","0","0","0","2","1","1","1","1","0","0","0","0","0","0","0","19","13","6","0","0","0","3","3","0","26","17","9","-2"
"200332","North Dakota State University-Main Campus","2020","First major","'14'","Engineering","Doctor's degree - research/scholarship","29","25","4","0","0","0","1","1","0","0","0","0","1","1","0","0","0","0","1","1","0","0","0","0","0","0","0","26","22","4","-2"
"200466","Sitting Bull College","2020","First major","'14'","Engineering","Associate's degree","2","2","0","1","1","0","0","0","0","0","0","0","0","0","0","0","0","0","1","1","0","0","0","0","0","0","0","0","0","0","-2"
"200554","United Tribes Technical College","2020","First major","'14'","Engineering","Associate's degree","0","0","0","0","0","0","0","0","0","0","0","0","0","0","0","0","0","0","0","0","0","0","0","0","0","0","0","0","0","0","-2"
"200572","Valley City State University","2020","First major","'14'","Engineering","Bachelor's degree","1","1","0","0","0","0","0","0","0","0","0","0","0","0","0","0","0","0","1","1","0","0","0","0","0","0","0","0","0","0","-2"
"200697","Air Force Institute of Technology-Graduate School of Engineering & Management","2020","First major","'14'","Engineering","Master's degree","164","141","23","0","0","0","11","10","1","3","2","1","15","15","0","0","0","0","118","102","16","3","1","2","12","9","3","2","2","0","-2"
"200697","Air Force Institute of Technology-Graduate School of Engineering & Management","2020","First major","'14'","Engineering","Doctor's degree - research/scholarship","22","18","4","0","0","0","0","0","0","0","0","0","1","1","0","0","0","0","17","14","3","0","0","0","4","3","1","0","0","0","-2"
"200800","University of Akron Main Campus","2020","First major","'14'","Engineering","Bachelor's degree","483","391","92","0","0","0","12","9","3","14","8","6","7","6","1","0","0","0","392","323","69","14","9","5","16","13","3","28","23","5","-2"
"200800","University of Akron Main Campus","2020","First major","'14'","Engineering","Master's degree","65","51","14","0","0","0","0","0","0","4","4","0","1","1","0","0","0","0","18","14","4","3","2","1","1","1","0","38","29","9","-2"
"200800","University of Akron Main Campus","2020","First major","'14'","Engineering","Doctor's degree - research/scholarship","54","34","20","0","0","0","1","1","0","0","0","0","0","0","0","0","0","0","9","4","5","0","0","0","0","0","0","44","29","15","-2"
"200800","University of Akron Main Campus","2020","Second major","'14'","Engineering","Bachelor's degree","5","5","0","0","0","0","0","0","0","0","0","0","0","0","0","0","0","0","4","4","0","0","0","0","0","0","0","1","1","0","-2"
"201195","Baldwin Wallace University","2020","First major","'14'","Engineering","Bachelor's degree","11","10","1","0","0","0","0","0","0","0","0","0","0","0","0","0","0","0","11","10","1","0","0","0","0","0","0","0","0","0","-2"
"201195","Baldwin Wallace University","2020","Second major","'14'","Engineering","Bachelor's degree","1","1","0","0","0","0","0","0","0","1","1","0","0","0","0","0","0","0","0","0","0","0","0","0","0","0","0","0","0","0","-2"
"201441","Bowling Green State University-Main Campus","2020","First major","'14'","Engineering","Bachelor's degree","90","81","9","0","0","0","0","0","0","3","3","0","3","3","0","0","0","0","73","66","7","1","0","1","5","5","0","5","4","1","-2"
"201441","Bowling Green State University-Main Campus","2020","First major","'14'","Engineering","Master's degree","11","5","6","0","0","0","0","0","0","0","0","0","0","0","0","0","0","0","1","1","0","0","0","0","1","0","1","9","4","5","-2"
"201645","Case Western Reserve University","2020","First major","'14'","Engineering","Bachelor's degree","344","210","134","0","0","0","65","29","36","9","5","4","23","13","10","0","0","0","176","116","60","21","15","6","4","3","1","46","29","17","-2"
"201645","Case Western Reserve University","2020","First major","'14'","Engineering","Master's degree","155","104","51","0","0","0","11","7","4","1","1","0","4","2","2","0","0","0","55","39","16","3","2","1","5","4","1","76","49","27","-2"
"201645","Case Western Reserve University","2020","First major","'14'","Engineering","Doctor's degree - research/scholarship","52","41","11","0","0","0","7","6","1","0","0","0","1","0","1","0","0","0","14","10","4","0","0","0","1","1","0","29","24","5","-2"
"201645","Case Western Reserve University","2020","Second major","'14'","Engineering","Bachelor's degree","32","19","13","0","0","0","4","1","3","1","1","0","5","1","4","0","0","0","19","13","6","2","2","0","0","0","0","1","1","0","-2"
"201654","Cedarville University","2020","First major","'14'","Engineering","Bachelor's degree","73","61","12","0","0","0","0","0","0","0","0","0","0","0","0","0","0","0","69","58","11","2","1","1","0","0","0","2","2","0","-2"
"201690","Central State University","2020","First major","'14'","Engineering","Bachelor's degree","12","6","6","0","0","0","0","0","0","11","5","6","0","0","0","0","0","0","0","0","0","0","0","0","0","0","0","1","1","0","-2"
"201885","University of Cincinnati-Main Campus","2020","First major","'14'","Engineering","Bachelor's degree","773","613","160","1","1","0","26","18","8","21","19","2","18","12","6","0","0","0","556","444","112","17","12","5","27","23","4","107","84","23","-2"
"201885","University of Cincinnati-Main Campus","2020","First major","'14'","Engineering","Master's degree","249","192","57","0","0","0","10","5","5","4","4","0","2","2","0","0","0","0","83","68","15","1","1","0","2","2","0","147","110","37","-2"
"201885","University of Cincinnati-Main Campus","2020","First major","'14'","Engineering","Doctor's degree - research/scholarship","46","37","9","0","0","0","0","0","0","2","1","1","0","0","0","0","0","0","16","15","1","0","0","0","1","1","0","27","20","7","-2"
"201928","Cincinnati State Technical and Community College","2020","First major","'14'","Engineering","Associate's degree","11","9","2","0","0","0","0","0","0","0","0","0","0","0","0","0","0","0","11","9","2","0","0","0","0","0","0","0","0","0","-2"
"201973","Clark State Community College","2020","First major","'14'","Engineering","Associate's degree","0","0","0","0","0","0","0","0","0","0","0","0","0","0","0","0","0","0","0","0","0","0","0","0","0","0","0","0","0","0","-2"
"202134","Cleveland State University","2020","First major","'14'","Engineering","Bachelor's degree","264","215","49","0","0","0","8","7","1","10","9","1","14","12","2","0","0","0","173","138","35","8","6","2","6","6","0","45","37","8","-2"
"202134","Cleveland State University","2020","First major","'14'","Engineering","Master's degree","94","75","19","0","0","0","3","3","0","2","2","0","2","2","0","0","0","0","50","37","13","2","2","0","0","0","0","35","29","6","-2"
"202134","Cleveland State University","2020","First major","'14'","Engineering","Doctor's degree - research/scholarship","12","10","2","0","0","0","0","0","0","0","0","0","0","0","0","0","0","0","4","3","1","0","0","0","0","0","0","8","7","1","-2"
"202134","Cleveland State University","2020","Second major","'14'","Engineering","Bachelor's degree","1","1","0","0","0","0","0","0","0","0","0","0","0","0","0","0","0","0","0","0","0","0","0","0","0","0","0","1","1","0","-2"
"202480","University of Dayton","2020","First major","'14'","Engineering","Bachelor's degree","371","281","90","0","0","0","3","2","1","7","4","3","7","5","2","0","0","0","287","217","70","8","8","0","2","1","1","57","44","13","-2"
"202480","University of Dayton","2020","First major","'14'","Engineering","Master's degree","174","142","32","0","0","0","2","1","1","5","4","1","5","2","3","0","0","0","76","62","14","2","2","0","2","2","0","82","69","13","-2"
"202480","University of Dayton","2020","First major","'14'","Engineering","Doctor's degree - research/scholarship","30","25","5","0","0","0","0","0","0","0","0","0","0","0","0","0","0","0","11","8","3","0","0","0","1","1","0","18","16","2","-2"
"203368","John Carroll University","2020","First major","'14'","Engineering","Bachelor's degree","2","2","0","0","0","0","0","0","0","0","0","0","0","0","0","0","0","0","2","2","0","0","0","0","0","0","0","0","0","0","-2"
"203517","Kent State University at Kent","2020","First major","'14'","Engineering","Bachelor's degree","78","74","4","0","0","0","1","1","0","4","4","0","1","1","0","0","0","0","36","33","3","1","0","1","1","1","0","34","34","0","-2"
"203748","Lorain County Community College","2020","First major","'14'","Engineering","Associate's degree","9","8","1","0","0","0","0","0","0","1","1","0","0","0","0","0","0","0","8","7","1","0","0","0","0","0","0","0","0","0","-2"
"203845","Marietta College","2020","First major","'14'","Engineering","Bachelor's degree","47","39","8","0","0","0","0","0","0","0","0","0","0","0","0","0","0","0","21","17","4","0","0","0","2","1","1","24","21","3","-2"
"203881","Marion Technical College","2020","First major","'14'","Engineering","Associate's degree","1","1","0","0","0","0","0","0","0","0","0","0","0","0","0","0","0","0","1","1","0","0","0","0","0","0","0","0","0","0","-2"
"204024","Miami University-Oxford","2020","First major","'14'","Engineering","Bachelor's degree","271","200","71","0","0","0","9","7","2","8","6","2","12","8","4","1","1","0","175","129","46","8","4","4","0","0","0","58","45","13","-2"
"204024","Miami University-Oxford","2020","First major","'14'","Engineering","Master's degree","26","20","6","0","0","0","1","1","0","1","1","0","2","1","1","0","0","0","13","10","3","0","0","0","0","0","0","9","7","2","-2"
"204024","Miami University-Oxford","2020","Second major","'14'","Engineering","Bachelor's degree","5","4","1","0","0","0","1","1","0","0","0","0","0","0","0","0","0","0","1","1","0","0","0","0","0","0","0","3","2","1","-2"
"204185","University of Mount Union","2020","First major","'14'","Engineering","Bachelor's degree","27","22","5","0","0","0","2","2","0","0","0","0","0","0","0","0","0","0","25","20","5","0","0","0","0","0","0","0","0","0","-2"
"204185","University of Mount Union","2020","Second major","'14'","Engineering","Bachelor's degree","5","4","1","0","0","0","0","0","0","0","0","0","0","0","0","0","0","0","4","3","1","0","0","0","0","0","0","1","1","0","-2"
"204194","Mount Vernon Nazarene University","2020","First major","'14'","Engineering","Bachelor's degree","15","14","1","0","0","0","0","0","0","0","0","0","1","1","0","0","0","0","12","12","0","1","0","1","0","0","0","1","1","0","-2"
"204255","Zane State College","2020","First major","'14'","Engineering","Associate's degree","10","7","3","0","0","0","0","0","0","0","0","0","0","0","0","0","0","0","10","7","3","0","0","0","0","0","0","0","0","0","-2"
"204264","Muskingum University","2020","First major","'14'","Engineering","Bachelor's degree","6","6","0","0","0","0","0","0","0","0","0","0","0","0","0","0","0","0","6","6","0","0","0","0","0","0","0","0","0","0","-2"
"204440","Northwest State Community College","2020","First major","'14'","Engineering","Associate's degree","1","1","0","0","0","0","0","0","0","0","0","0","0","0","0","0","0","0","1","1","0","0","0","0","0","0","0","0","0","0","-2"
"204468","Notre Dame College","2020","First major","'14'","Engineering","Bachelor's degree","0","0","0","0","0","0","0","0","0","0","0","0","0","0","0","0","0","0","0","0","0","0","0","0","0","0","0","0","0","0","-2"
"204468","Notre Dame College","2020","Second major","'14'","Engineering","Bachelor's degree","2","2","0","0","0","0","0","0","0","0","0","0","0","0","0","0","0","0","2","2","0","0","0","0","0","0","0","0","0","0","-2"
"204501","Oberlin College","2020","First major","'14'","Engineering","Bachelor's degree","3","1","2","0","0","0","1","1","0","0","0","0","0","0","0","0","0","0","2","0","2","0","0","0","0","0","0","0","0","0","-2"
"204501","Oberlin College","2020","Second major","'14'","Engineering","Bachelor's degree","1","0","1","0","0","0","1","0","1","0","0","0","0","0","0","0","0","0","0","0","0","0","0","0","0","0","0","0","0","0","-2"
"204617","Ohio Dominican University","2020","First major","'14'","Engineering","Bachelor's degree","1","1","0","0","0","0","0","0","0","0","0","0","0","0","0","0","0","0","1","1","0","0","0","0","0","0","0","0","0","0","-2"
"204635","Ohio Northern University","2020","First major","'14'","Engineering","Bachelor's degree","79","67","12","0","0","0","0","0","0","1","1","0","2","2","0","0","0","0","64","54","10","0","0","0","10","8","2","2","2","0","-2"
"204662","Ohio State University Agricultural Technical Institute","2020","First major","'14'","Engineering","Associate's degree","10","10","0","0","0","0","0","0","0","0","0","0","0","0","0","0","0","0","9","9","0","0","0","0","1","1","0","0","0","0","-2"
"204796","Ohio State University-Main Campus","2020","First major","'14'","Engineering","Bachelor's degree","1822","1418","404","0","0","0","175","112","63","33","21","12","63","46","17","2","1","1","1233","981","252","57","43","14","46","41","5","213","173","40","-2"
"204796","Ohio State University-Main Campus","2020","First major","'14'","Engineering","Master's degree","409","312","97","0","0","0","18","11","7","4","3","1","17","15","2","0","0","0","133","103","30","5","3","2","8","6","2","224","171","53","-2"
"204796","Ohio State University-Main Campus","2020","First major","'14'","Engineering","Doctor's degree - research/scholarship","176","143","33","0","0","0","10","8","2","1","0","1","2","1","1","0","0","0","42","33","9","0","0","0","0","0","0","121","101","20","-2"
"204802","Ohio University-Eastern Campus","2020","First major","'14'","Engineering","Bachelor's degree","0","0","0","0","0","0","0","0","0","0","0","0","0","0","0","0","0","0","0","0","0","0","0","0","0","0","0","0","0","0","-2"
"204820","Ohio University-Chillicothe Campus","2020","First major","'14'","Engineering","Bachelor's degree","0","0","0","0","0","0","0","0","0","0","0","0","0","0","0","0","0","0","0","0","0","0","0","0","0","0","0","0","0","0","-2"
"204839","Ohio University-Southern Campus","2020","First major","'14'","Engineering","Bachelor's degree","0","0","0","0","0","0","0","0","0","0","0","0","0","0","0","0","0","0","0","0","0","0","0","0","0","0","0","0","0","0","-2"
"204848","Ohio University-Lancaster Campus","2020","First major","'14'","Engineering","Bachelor's degree","0","0","0","0","0","0","0","0","0","0","0","0","0","0","0","0","0","0","0","0","0","0","0","0","0","0","0","0","0","0","-2"
"204857","Ohio University-Main Campus","2020","First major","'14'","Engineering","Bachelor's degree","275","217","58","0","0","0","7","6","1","14","11","3","9","7","2","0","0","0","229","180","49","5","3","2","1","1","0","10","9","1","-2"
"204857","Ohio University-Main Campus","2020","First major","'14'","Engineering","Master's degree","102","85","17","0","0","0","6","6","0","2","2","0","8","7","1","0","0","0","55","46","9","3","3","0","4","4","0","24","17","7","-2"
"204857","Ohio University-Main Campus","2020","First major","'14'","Engineering","Doctor's degree - research/scholarship","15","10","5","0","0","0","0","0","0","0","0","0","0","0","0","0","0","0","1","0","1","0","0","0","0","0","0","14","10","4","-2"
"204866","Ohio University-Zanesville Campus","2020","First major","'14'","Engineering","Bachelor's degree","0","0","0","0","0","0","0","0","0","0","0","0","0","0","0","0","0","0","0","0","0","0","0","0","0","0","0","0","0","0","-2"
"204936","Otterbein University","2020","First major","'14'","Engineering","Bachelor's degree","17","14","3","0","0","0","1","1","0","0","0","0","0","0","0","0","0","0","14","11","3","0","0","0","2","2","0","0","0","0","-2"
"204945","Owens Community College","2020","First major","'14'","Engineering","Associate's degree","12","12","0","0","0","0","0","0","0","1","1","0","0","0","0","0","0","0","10","10","0","0","0","0","1","1","0","0","0","0","-2"
"205443","Shawnee State University","2020","First major","'14'","Engineering","Bachelor's degree","5","5","0","0","0","0","0","0","0","0","0","0","0","0","0","0","0","0","4","4","0","0","0","0","0","0","0","1","1","0","-2"
"205470","Sinclair Community College","2020","First major","'14'","Engineering","Associate's degree","54","45","9","0","0","0","0","0","0","3","3","0","2","1","1","0","0","0","40","32","8","1","1","0","4","4","0","4","4","0","-2"
"205841","Stark State College","2020","First major","'14'","Engineering","Associate's degree","15","12","3","0","0","0","0","0","0","0","0","0","0","0","0","0","0","0","15","12","3","0","0","0","0","0","0","0","0","0","-2"
"205957","Franciscan University of Steubenville","2020","First major","'14'","Engineering","Associate's degree","0","0","0","0","0","0","0","0","0","0","0","0","0","0","0","0","0","0","0","0","0","0","0","0","0","0","0","0","0","0","-2"
"206084","University of Toledo","2020","First major","'14'","Engineering","Bachelor's degree","503","405","98","0","0","0","16","11","5","7","6","1","14","10","4","2","2","0","380","300","80","1","1","0","16","15","1","67","60","7","-2"
"206084","University of Toledo","2020","First major","'14'","Engineering","Master's degree","84","68","16","0","0","0","2","2","0","1","0","1","1","1","0","0","0","0","19","15","4","1","1","0","1","1","0","59","48","11","-2"
"206084","University of Toledo","2020","First major","'14'","Engineering","Doctor's degree - research/scholarship","16","14","2","0","0","0","0","0","0","0","0","0","0","0","0","0","0","0","2","2","0","1","1","0","0","0","0","13","11","2","-2"
"206446","Washington State Community College","2020","First major","'14'","Engineering","Associate's degree","1","1","0","0","0","0","0","0","0","0","0","0","0","0","0","0","0","0","1","1","0","0","0","0","0","0","0","0","0","0","-2"
"206491","Wilberforce University","2020","First major","'14'","Engineering","Bachelor's degree","0","0","0","0","0","0","0","0","0","0","0","0","0","0","0","0","0","0","0","0","0","0","0","0","0","0","0","0","0","0","-2"
"206604","Wright State University-Main Campus","2020","First major","'14'","Engineering","Bachelor's degree","281","219","62","0","0","0","8","5","3","12","8","4","12","8","4","0","0","0","219","173","46","5","4","1","1","0","1","24","21","3","-2"
"206604","Wright State University-Main Campus","2020","First major","'14'","Engineering","Master's degree","105","75","30","0","0","0","3","3","0","4","3","1","1","1","0","1","1","0","47","34","13","0","0","0","1","1","0","48","32","16","-2"
"206604","Wright State University-Main Campus","2020","First major","'14'","Engineering","Doctor's degree - research/scholarship","21","17","4","0","0","0","3","3","0","0","0","0","0","0","0","0","0","0","7","4","3","0","0","0","0","0","0","11","10","1","-2"
"206613","Wright State University-Lake Campus","2020","First major","'14'","Engineering","Bachelor's degree","21","19","2","0","0","0","0","0","0","0","0","0","0","0","0","0","0","0","21","19","2","0","0","0","0","0","0","0","0","0","-2"
"206622","Xavier University","2020","First major","'14'","Engineering","Bachelor's degree","3","3","0","0","0","0","0","0","0","0","0","0","0","0","0","0","0","0","3","3","0","0","0","0","0","0","0","0","0","0","-2"
"206695","Youngstown State University","2020","First major","'14'","Engineering","Bachelor's degree","181","152","29","0","0","0","1","1","0","5","4","1","5","5","0","0","0","0","133","109","24","2","1","1","3","2","1","32","30","2","-2"
"206695","Youngstown State University","2020","First major","'14'","Engineering","Master's degree","27","22","5","0","0","0","0","0","0","0","0","0","0","0","0","0","0","0","12","11","1","0","0","0","1","0","1","14","11","3","-2"
"206914","Cameron University","2020","First major","'14'","Engineering","Associate's degree","11","9","2","0","0","0","0","0","0","0","0","0","4","4","0","0","0","0","6","5","1","0","0","0","1","0","1","0","0","0","-2"
"206923","Carl Albert State College","2020","First major","'14'","Engineering","Associate's degree","2","2","0","0","0","0","0","0","0","0","0","0","0","0","0","0","0","0","2","2","0","0","0","0","0","0","0","0","0","0","-2"
"206941","University of Central Oklahoma","2020","First major","'14'","Engineering","Bachelor's degree","74","63","11","0","0","0","9","6","3","5","4","1","3","3","0","0","0","0","32","26","6","2","2","0","2","2","0","21","20","1","-2"
"206941","University of Central Oklahoma","2020","First major","'14'","Engineering","Master's degree","9","7","2","1","0","1","0","0","0","0","0","0","0","0","0","0","0","0","4","3","1","0","0","0","0","0","0","4","4","0","-2"
"207263","Northeastern State University","2020","First major","'14'","Engineering","Bachelor's degree","1","1","0","0","0","0","0","0","0","0","0","0","0","0","0","0","0","0","1","1","0","0","0","0","0","0","0","0","0","0","-2"
"207290","Northeastern Oklahoma A&M College","2020","First major","'14'","Engineering","Associate's degree","9","4","5","0","0","0","0","0","0","0","0","0","1","0","1","0","0","0","6","3","3","1","0","1","0","0","0","1","1","0","-2"
"207324","Oklahoma Christian University","2020","First major","'14'","Engineering","Bachelor's degree","43","36","7","0","0","0","1","1","0","3","2","1","0","0","0","0","0","0","35","30","5","4","3","1","0","0","0","0","0","0","-2"
"207324","Oklahoma Christian University","2020","First major","'14'","Engineering","Master's degree","65","52","13","1","1","0","27","22","5","6","5","1","3","3","0","0","0","0","23","17","6","4","3","1","1","1","0","0","0","0","-2"
"207388","Oklahoma State University-Main Campus","2020","First major","'14'","Engineering","Bachelor's degree","626","512","114","19","18","1","20","17","3","7","6","1","47","37","10","2","2","0","438","354","84","60","48","12","1","1","0","32","29","3","-2"
"207388","Oklahoma State University-Main Campus","2020","First major","'14'","Engineering","Master's degree","105","88","17","2","2","0","4","3","1","2","1","1","2","1","1","0","0","0","55","52","3","5","4","1","1","0","1","34","25","9","-2"
"207388","Oklahoma State University-Main Campus","2020","First major","'14'","Engineering","Doctor's degree - research/scholarship","30","20","10","0","0","0","2","1","1","0","0","0","1","0","1","0","0","0","3","2","1","1","1","0","0","0","0","23","16","7","-2"
"207449","Oklahoma City Community College","2020","First major","'14'","Engineering","Associate's degree","47","41","6","2","2","0","5","5","0","0","0","0","2","2","0","0","0","0","25","23","2","1","1","0","0","0","0","12","8","4","-2"
"207458","Oklahoma City University","2020","First major","'14'","Engineering","Bachelor's degree","1","1","0","0","0","0","0","0","0","0","0","0","0","0","0","0","0","0","0","0","0","1","1","0","0","0","0","0","0","0","-2"
"207500","University of Oklahoma-Norman Campus","2020","First major","'14'","Engineering","Bachelor's degree","621","482","139","13","9","4","64","45","19","22","15","7","43","30","13","0","0","0","353","289","64","44","33","11","17","15","2","65","46","19","-2"
"207500","University of Oklahoma-Norman Campus","2020","First major","'14'","Engineering","Master's degree","148","103","45","1","1","0","3","0","3","3","3","0","5","2","3","0","0","0","72","52","20","7","4","3","3","2","1","54","39","15","-2"
"207500","University of Oklahoma-Norman Campus","2020","First major","'14'","Engineering","Doctor's degree - research/scholarship","44","34","10","0","0","0","0","0","0","3","1","2","0","0","0","0","0","0","6","5","1","0","0","0","1","1","0","34","27","7","-2"
"207582","Oral Roberts University","2020","First major","'14'","Engineering","Bachelor's degree","37","30","7","0","0","0","1","1","0","4","2","2","4","3","1","1","1","0","18","17","1","0","0","0","4","4","0","5","2","3","-2"
"207670","Rose State College","2020","First major","'14'","Engineering","Associate's degree","17","13","4","2","1","1","3","2","1","1","1","0","2","2","0","0","0","0","6","5","1","2","1","1","1","1","0","0","0","0","-2"
"207740","Seminole State College","2020","First major","'14'","Engineering","Associate's degree","4","4","0","1","1","0","0","0","0","0","0","0","0","0","0","0","0","0","3","3","0","0","0","0","0","0","0","0","0","0","-2"
"207847","Southeastern Oklahoma State University","2020","First major","'14'","Engineering","Master's degree","53","36","17","2","2","0","4","3","1","5","2","3","4","3","1","0","0","0","37","26","11","1","0","1","0","0","0","0","0","0","-2"
"207865","Southwestern Oklahoma State University","2020","First major","'14'","Engineering","Bachelor's degree","7","6","1","0","0","0","0","0","0","0","0","0","1","1","0","0","0","0","3","2","1","0","0","0","0","0","0","3","3","0","-2"
"207935","Tulsa Community College","2020","First major","'14'","Engineering","Associate's degree","85","70","15","8","7","1","5","4","1","4","3","1","8","7","1","0","0","0","48","40","8","4","4","0","5","3","2","3","2","1","-2"
"207971","University of Tulsa","2020","First major","'14'","Engineering","Bachelor's degree","178","133","45","1","1","0","15","8","7","6","5","1","12","10","2","0","0","0","87","63","24","0","0","0","1","0","1","56","46","10","-2"
"207971","University of Tulsa","2020","First major","'14'","Engineering","Master's degree","32","28","4","0","0","0","0","0","0","0","0","0","0","0","0","0","0","0","10","10","0","0","0","0","1","0","1","21","18","3","-2"
"207971","University of Tulsa","2020","First major","'14'","Engineering","Doctor's degree - research/scholarship","18","15","3","0","0","0","1","1","0","0","0","0","1","0","1","0","0","0","1","1","0","0","0","0","1","0","1","14","13","1","-2"
"208390","Chemeketa Community College","2020","First major","'14'","Engineering","Associate's degree","8","5","3","0","0","0","0","0","0","0","0","0","3","1","2","0","0","0","1","1","0","0","0","0","4","3","1","0","0","0","-2"
"208406","Clackamas Community College","2020","First major","'14'","Engineering","Associate's degree","13","11","2","0","0","0","0","0","0","0","0","0","3","2","1","0","0","0","7","6","1","2","2","0","1","1","0","0","0","0","-2"
"208822","George Fox University","2020","First major","'14'","Engineering","Bachelor's degree","57","44","13","0","0","0","4","2","2","0","0","0","3","2","1","1","1","0","41","33","8","6","4","2","1","1","0","1","1","0","-2"
"209065","Linfield University-McMinnville Campus","2020","First major","'14'","Engineering","Bachelor's degree","1","1","0","0","0","0","0","0","0","0","0","0","0","0","0","0","0","0","1","1","0","0","0","0","0","0","0","0","0","0","-2"
"209074","Linn-Benton Community College","2020","First major","'14'","Engineering","Associate's degree","13","11","2","0","0","0","1","1","0","0","0","0","3","2","1","0","0","0","7","6","1","0","0","0","1","1","0","1","1","0","-2"
"209250","Mt Hood Community College","2020","First major","'14'","Engineering","Associate's degree","20","16","4","0","0","0","3","3","0","0","0","0","1","1","0","0","0","0","15","11","4","0","0","0","1","1","0","0","0","0","-2"
"209490","Oregon Health & Science University","2020","First major","'14'","Engineering","Master's degree","5","4","1","0","0","0","2","2","0","0","0","0","0","0","0","0","0","0","2","2","0","0","0","0","0","0","0","1","0","1","-2"
"209490","Oregon Health & Science University","2020","First major","'14'","Engineering","Doctor's degree - research/scholarship","7","4","3","0","0","0","1","0","1","0","0","0","0","0","0","0","0","0","5","3","2","0","0","0","0","0","0","1","1","0","-2"
"209506","Oregon Institute of Technology","2020","First major","'14'","Engineering","Bachelor's degree","139","115","24","2","1","1","10","4","6","2","2","0","17","15","2","0","0","0","87","76","11","5","4","1","4","1","3","12","12","0","-2"
"209506","Oregon Institute of Technology","2020","First major","'14'","Engineering","Master's degree","11","9","2","0","0","0","0","0","0","1","1","0","1","1","0","0","0","0","6","5","1","0","0","0","1","0","1","2","2","0","-2"
"209506","Oregon Institute of Technology","2020","Second major","'14'","Engineering","Bachelor's degree","2","2","0","0","0","0","0","0","0","0","0","0","0","0","0","0","0","0","2","2","0","0","0","0","0","0","0","0","0","0","-2"
"209542","Oregon State University","2020","First major","'14'","Engineering","Bachelor's degree","1029","812","217","5","5","0","80","57","23","10","6","4","81","64","17","4","2","2","622","494","128","82","68","14","18","15","3","127","101","26","209542"
"209542","Oregon State University","2020","First major","'14'","Engineering","Master's degree","207","170","37","1","0","1","4","4","0","1","1","0","5","5","0","0","0","0","73","61","12","7","5","2","4","3","1","112","91","21","209542"
"209542","Oregon State University","2020","First major","'14'","Engineering","Doctor's degree - research/scholarship","68","53","15","0","0","0","0","0","0","0","0","0","2","1","1","0","0","0","29","20","9","1","1","0","5","2","3","31","29","2","209542"
"209542","Oregon State University","2020","Second major","'14'","Engineering","Bachelor's degree","45","38","7","0","0","0","5","4","1","1","1","0","3","2","1","0","0","0","30","25","5","3","3","0","1","1","0","2","2","0","209542"
"209542","Oregon State University","2020","Second major","'14'","Engineering","Master's degree","3","2","1","0","0","0","0","0","0","0","0","0","0","0","0","0","0","0","1","0","1","1","1","0","1","1","0","0","0","0","209542"
"209542","Oregon State University","2020","Second major","'14'","Engineering","Doctor's degree - research/scholarship","3","2","1","0","0","0","0","0","0","0","0","0","0","0","0","0","0","0","2","1","1","0","0","0","1","1","0","0","0","0","209542"
"209746","Portland Community College","2020","First major","'14'","Engineering","Associate's degree","19","16","3","0","0","0","1","1","0","2","1","1","3","2","1","0","0","0","11","10","1","1","1","0","1","1","0","0","0","0","-2"
"209807","Portland State University","2020","First major","'14'","Engineering","Bachelor's degree","268","210","58","4","3","1","31","23","8","10","9","1","27","18","9","4","4","0","130","105","25","16","11","5","12","9","3","34","28","6","-2"
"209807","Portland State University","2020","First major","'14'","Engineering","Master's degree","168","122","46","0","0","0","8","3","5","1","1","0","12","11","1","0","0","0","60","49","11","8","6","2","3","3","0","76","49","27","-2"
"209807","Portland State University","2020","First major","'14'","Engineering","Doctor's degree - research/scholarship","10","9","1","0","0","0","0","0","0","1","1","0","0","0","0","0","0","0","2","2","0","1","1","0","1","1","0","5","4","1","-2"
"209825","University of Portland","2020","First major","'14'","Engineering","Bachelor's degree","109","62","47","0","0","0","17","7","10","1","1","0","13","7","6","2","2","0","62","36","26","6","4","2","5","4","1","3","1","2","-2"
"209825","University of Portland","2020","First major","'14'","Engineering","Master's degree","14","8","6","0","0","0","2","1","1","0","0","0","1","1","0","0","0","0","7","4","3","1","0","1","2","1","1","1","1","0","-2"
"209940","Rogue Community College","2020","First major","'14'","Engineering","Associate's degree","8","8","0","0","0","0","0","0","0","0","0","0","0","0","0","0","0","0","8","8","0","0","0","0","0","0","0","0","0","0","-2"
"210155","Southwestern Oregon Community College","2020","First major","'14'","Engineering","Associate's degree","0","0","0","0","0","0","0","0","0","0","0","0","0","0","0","0","0","0","0","0","0","0","0","0","0","0","0","0","0","0","-2"
"210234","Treasure Valley Community College","2020","First major","'14'","Engineering","Associate's degree","0","0","0","0","0","0","0","0","0","0","0","0","0","0","0","0","0","0","0","0","0","0","0","0","0","0","0","0","0","0","-2"
"210605","Community College of Allegheny County","2020","First major","'14'","Engineering","Associate's degree","10","10","0","0","0","0","0","0","0","1","1","0","0","0","0","0","0","0","8","8","0","1","1","0","0","0","0","0","0","0","-2"
"210669","Allegheny College","2020","First major","'14'","Engineering","Bachelor's degree","2","2","0","0","0","0","0","0","0","1","1","0","1","1","0","0","0","0","0","0","0","0","0","0","0","0","0","0","0","0","-2"
"211079","Community College of Beaver County","2020","First major","'14'","Engineering","Associate's degree","8","6","2","0","0","0","0","0","0","0","0","0","0","0","0","0","0","0","8","6","2","0","0","0","0","0","0","0","0","0","-2"
"211158","Bloomsburg University of Pennsylvania","2020","First major","'14'","Engineering","Bachelor's degree","7","6","1","0","0","0","0","0","0","2","2","0","0","0","0","0","0","0","5","4","1","0","0","0","0","0","0","0","0","0","-2"
"211291","Bucknell University","2020","First major","'14'","Engineering","Bachelor's degree","167","111","56","0","0","0","5","3","2","4","1","3","9","6","3","0","0","0","125","86","39","4","2","2","1","0","1","19","13","6","-2"
"211291","Bucknell University","2020","First major","'14'","Engineering","Master's degree","5","3","2","0","0","0","0","0","0","0","0","0","0","0","0","0","0","0","1","1","0","0","0","0","0","0","0","4","2","2","-2"
"211307","Bucks County Community College","2020","First major","'14'","Engineering","Associate's degree","21","19","2","0","0","0","2","2","0","1","1","0","1","1","0","0","0","0","16","14","2","0","0","0","1","1","0","0","0","0","-2"
"211343","Butler County Community College","2020","First major","'14'","Engineering","Associate's degree","7","5","2","0","0","0","0","0","0","0","0","0","1","1","0","0","0","0","6","4","2","0","0","0","0","0","0","0","0","0","-2"
"211361","California University of Pennsylvania","2020","First major","'14'","Engineering","Bachelor's degree","21","18","3","0","0","0","1","0","1","0","0","0","0","0","0","0","0","0","17","15","2","0","0","0","0","0","0","3","3","0","-2"
"211440","Carnegie Mellon University","2020","First major","'14'","Engineering","Bachelor's degree","336","196","140","0","0","0","92","47","45","14","11","3","48","35","13","0","0","0","96","60","36","20","8","12","18","7","11","48","28","20","-2"
"211440","Carnegie Mellon University","2020","First major","'14'","Engineering","Master's degree","1038","716","322","0","0","0","90","67","23","23","17","6","35","24","11","0","0","0","99","68","31","11","5","6","43","29","14","737","506","231","-2"
"211440","Carnegie Mellon University","2020","First major","'14'","Engineering","Doctor's degree - research/scholarship","134","106","28","0","0","0","14","11","3","2","2","0","0","0","0","0","0","0","24","16","8","1","0","1","6","4","2","87","73","14","-2"
"211440","Carnegie Mellon University","2020","Second major","'14'","Engineering","Bachelor's degree","85","33","52","0","0","0","21","6","15","2","1","1","11","8","3","0","0","0","35","13","22","4","0","4","4","1","3","8","4","4","-2"
"211927","Delaware County Community College","2020","First major","'14'","Engineering","Associate's degree","34","18","16","0","0","0","1","0","1","5","2","3","0","0","0","0","0","0","27","15","12","0","0","0","1","1","0","0","0","0","-2"
"212054","Drexel University","2020","First major","'14'","Engineering","Bachelor's degree","656","501","155","0","0","0","143","102","41","21","14","7","24","21","3","1","1","0","353","276","77","17","10","7","9","7","2","88","70","18","-2"
"212054","Drexel University","2020","First major","'14'","Engineering","Master's degree","254","180","74","0","0","0","55","34","21","9","7","2","6","2","4","0","0","0","121","93","28","5","4","1","6","5","1","52","35","17","-2"
"212054","Drexel University","2020","First major","'14'","Engineering","Doctor's degree - research/scholarship","56","41","15","0","0","0","6","5","1","2","1","1","1","0","1","0","0","0","19","12","7","2","2","0","3","3","0","23","18","5","-2"
"212054","Drexel University","2020","Second major","'14'","Engineering","Bachelor's degree","14","12","2","0","0","0","4","3","1","0","0","0","0","0","0","0","0","0","5","5","0","0","0","0","0","0","0","5","4","1","-2"
"212054","Drexel University","2020","Second major","'14'","Engineering","Master's degree","1","0","1","0","0","0","0","0","0","0","0","0","0","0","0","0","0","0","1","0","1","0","0","0","0","0","0","0","0","0","-2"
"212106","Duquesne University","2020","First major","'14'","Engineering","Bachelor's degree","22","8","14","0","0","0","0","0","0","0","0","0","1","1","0","0","0","0","18","7","11","2","0","2","0","0","0","1","0","1","-2"
"212106","Duquesne University","2020","First major","'14'","Engineering","Master's degree","8","3","5","0","0","0","0","0","0","0","0","0","0","0","0","0","0","0","8","3","5","0","0","0","0","0","0","0","0","0","-2"
"212197","Elizabethtown College","2020","First major","'14'","Engineering","Bachelor's degree","30","21","9","1","0","1","1","0","1","1","1","0","2","0","2","0","0","0","23","18","5","1","1","0","0","0","0","1","1","0","-2"
"212601","Gannon University","2020","First major","'14'","Engineering","Bachelor's degree","59","44","15","1","0","1","0","0","0","2","1","1","1","1","0","0","0","0","36","26","10","2","2","0","2","0","2","15","14","1","-2"
"212601","Gannon University","2020","First major","'14'","Engineering","Master's degree","27","24","3","0","0","0","0","0","0","0","0","0","0","0","0","0","0","0","2","1","1","0","0","0","0","0","0","25","23","2","-2"
"212656","Geneva College","2020","First major","'14'","Engineering","Associate's degree","0","0","0","0","0","0","0","0","0","0","0","0","0","0","0","0","0","0","0","0","0","0","0","0","0","0","0","0","0","0","-2"
"212656","Geneva College","2020","First major","'14'","Engineering","Bachelor's degree","72","61","11","0","0","0","0","0","0","1","1","0","1","1","0","0","0","0","64","54","10","3","3","0","2","1","1","1","1","0","-2"
"212805","Grove City College","2020","First major","'14'","Engineering","Bachelor's degree","79","68","11","0","0","0","1","1","0","0","0","0","1","1","0","0","0","0","75","64","11","2","2","0","0","0","0","0","0","0","-2"
"212878","Harrisburg Area Community College","2020","First major","'14'","Engineering","Associate's degree","27","25","2","0","0","0","0","0","0","0","0","0","3","2","1","0","0","0","20","19","1","1","1","0","1","1","0","2","2","0","-2"
"213020","Indiana University of Pennsylvania-Main Campus","2020","First major","'14'","Engineering","Bachelor's degree","0","0","0","0","0","0","0","0","0","0","0","0","0","0","0","0","0","0","0","0","0","0","0","0","0","0","0","0","0","0","-2"
"213251","Juniata College","2020","First major","'14'","Engineering","Bachelor's degree","5","3","2","0","0","0","1","0","1","0","0","0","0","0","0","0","0","0","4","3","1","0","0","0","0","0","0","0","0","0","-2"
"213321","King's College","2020","First major","'14'","Engineering","Bachelor's degree","5","3","2","0","0","0","0","0","0","0","0","0","1","1","0","0","0","0","4","2","2","0","0","0","0","0","0","0","0","0","-2"
"213385","Lafayette College","2020","First major","'14'","Engineering","Bachelor's degree","155","89","66","0","0","0","6","2","4","5","4","1","9","7","2","0","0","0","105","59","46","6","4","2","7","4","3","17","9","8","-2"
"213525","Lehigh Carbon Community College","2020","First major","'14'","Engineering","Associate's degree","7","6","1","0","0","0","0","0","0","0","0","0","0","0","0","0","0","0","4","3","1","0","0","0","2","2","0","1","1","0","-2"
"213543","Lehigh University","2020","First major","'14'","Engineering","Bachelor's degree","395","278","117","1","0","1","28","20","8","14","12","2","36","22","14","1","0","1","237","173","64","14","5","9","18","13","5","46","33","13","-2"
"213543","Lehigh University","2020","First major","'14'","Engineering","Master's degree","152","114","38","0","0","0","4","1","3","1","1","0","3","2","1","1","1","0","53","36","17","2","2","0","2","2","0","86","69","17","-2"
"213543","Lehigh University","2020","First major","'14'","Engineering","Doctor's degree - research/scholarship","56","40","16","0","0","0","2","2","0","0","0","0","0","0","0","0","0","0","9","6","3","0","0","0","2","2","0","43","30","13","-2"
"213543","Lehigh University","2020","Second major","'14'","Engineering","Master's degree","1","1","0","0","0","0","0","0","0","0","0","0","0","0","0","0","0","0","1","1","0","0","0","0","0","0","0","0","0","0","-2"
"213598","Lincoln University","2020","First major","'14'","Engineering","Bachelor's degree","2","1","1","0","0","0","0","0","0","1","1","0","0","0","0","0","0","0","0","0","0","1","0","1","0","0","0","0","0","0","-2"
"213659","Luzerne County Community College","2020","First major","'14'","Engineering","Associate's degree","6","5","1","0","0","0","0","0","0","0","0","0","0","0","0","0","0","0","4","3","1","0","0","0","2","2","0","0","0","0","-2"
"213996","Messiah University","2020","First major","'14'","Engineering","Bachelor's degree","61","49","12","0","0","0","0","0","0","1","0","1","1","1","0","0","0","0","54","44","10","2","1","1","0","0","0","3","3","0","-2"
"214041","Millersville University of Pennsylvania","2020","First major","'14'","Engineering","Associate's degree","42","38","4","0","0","0","1","1","0","1","1","0","2","2","0","0","0","0","37","33","4","0","0","0","1","1","0","0","0","0","-2"
"214041","Millersville University of Pennsylvania","2020","First major","'14'","Engineering","Bachelor's degree","0","0","0","0","0","0","0","0","0","0","0","0","0","0","0","0","0","0","0","0","0","0","0","0","0","0","0","0","0","0","-2"
"214111","Montgomery County Community College","2020","First major","'14'","Engineering","Associate's degree","30","27","3","0","0","0","2","2","0","2","2","0","1","0","1","0","0","0","22","21","1","1","1","0","2","1","1","0","0","0","-2"
"214272","Neumann University","2020","First major","'14'","Engineering","Bachelor's degree","0","0","0","0","0","0","0","0","0","0","0","0","0","0","0","0","0","0","0","0","0","0","0","0","0","0","0","0","0","0","-2"
"214379","Northampton County Area Community College","2020","First major","'14'","Engineering","Associate's degree","16","14","2","0","0","0","1","1","0","0","0","0","3","3","0","0","0","0","11","9","2","1","1","0","0","0","0","0","0","0","-2"
"215062","University of Pennsylvania","2020","First major","'14'","Engineering","Bachelor's degree","252","151","101","0","0","0","53","28","25","14","9","5","20","16","4","0","0","0","105","62","43","15","10","5","4","3","1","41","23","18","-2"
"215062","University of Pennsylvania","2020","First major","'14'","Engineering","Master's degree","294","191","103","1","0","1","19","12","7","1","1","0","7","2","5","0","0","0","56","38","18","4","2","2","1","1","0","205","135","70","-2"
"215062","University of Pennsylvania","2020","First major","'14'","Engineering","Doctor's degree - research/scholarship","63","46","17","0","0","0","4","0","4","1","1","0","0","0","0","0","0","0","26","20","6","1","0","1","0","0","0","31","25","6","-2"
"215062","University of Pennsylvania","2020","Second major","'14'","Engineering","Master's degree","1","1","0","0","0","0","0","0","0","0","0","0","0","0","0","0","0","0","0","0","0","0","0","0","0","0","0","1","1","0","-2"
"215239","Community College of Philadelphia","2020","First major","'14'","Engineering","Associate's degree","5","4","1","0","0","0","0","0","0","2","2","0","0","0","0","0","0","0","2","2","0","0","0","0","0","0","0","1","0","1","-2"
"215266","University of Pittsburgh-Bradford","2020","First major","'14'","Engineering","Associate's degree","3","3","0","0","0","0","0","0","0","0","0","0","0","0","0","0","0","0","3","3","0","0","0","0","0","0","0","0","0","0","-2"
"215266","University of Pittsburgh-Bradford","2020","First major","'14'","Engineering","Bachelor's degree","2","2","0","0","0","0","0","0","0","0","0","0","0","0","0","0","0","0","2","2","0","0","0","0","0","0","0","0","0","0","-2"
"215284","University of Pittsburgh-Johnstown","2020","First major","'14'","Engineering","Bachelor's degree","120","102","18","1","1","0","2","1","1","4","4","0","0","0","0","0","0","0","104","89","15","2","2","0","5","3","2","2","2","0","-2"
"215293","University of Pittsburgh-Pittsburgh Campus","2020","First major","'14'","Engineering","Bachelor's degree","683","462","221","1","1","0","71","35","36","20","14","6","15","9","6","0","0","0","472","338","134","24","16","8","5","2","3","75","47","28","-2"
"215293","University of Pittsburgh-Pittsburgh Campus","2020","First major","'14'","Engineering","Master's degree","187","140","47","0","0","0","7","4","3","1","0","1","7","6","1","0","0","0","68","49","19","3","2","1","5","4","1","96","75","21","-2"
"215293","University of Pittsburgh-Pittsburgh Campus","2020","First major","'14'","Engineering","Doctor's degree - research/scholarship","77","53","24","0","0","0","4","3","1","3","3","0","1","1","0","0","0","0","15","12","3","0","0","0","3","1","2","51","33","18","-2"
"215442","Point Park University","2020","First major","'14'","Engineering","Bachelor's degree","14","13","1","0","0","0","2","2","0","2","2","0","1","1","0","0","0","0","8","7","1","1","1","0","0","0","0","0","0","0","-2"
"215585","Reading Area Community College","2020","First major","'14'","Engineering","Associate's degree","0","0","0","0","0","0","0","0","0","0","0","0","0","0","0","0","0","0","0","0","0","0","0","0","0","0","0","0","0","0","-2"
"215655","Robert Morris University","2020","First major","'14'","Engineering","Bachelor's degree","108","79","29","0","0","0","2","1","1","5","3","2","2","1","1","0","0","0","67","46","21","2","2","0","4","3","1","26","23","3","-2"
"215743","Saint Francis University","2020","First major","'14'","Engineering","Associate's degree","4","4","0","0","0","0","0","0","0","0","0","0","0","0","0","0","0","0","4","4","0","0","0","0","0","0","0","0","0","0","-2"
"215743","Saint Francis University","2020","First major","'14'","Engineering","Bachelor's degree","8","5","3","0","0","0","0","0","0","0","0","0","1","1","0","0","0","0","6","4","2","0","0","0","0","0","0","1","0","1","-2"
"215798","Saint Vincent College","2020","First major","'14'","Engineering","Bachelor's degree","14","6","8","0","0","0","1","0","1","0","0","0","0","0","0","0","0","0","10","5","5","1","1","0","2","0","2","0","0","0","-2"
"215929","University of Scranton","2020","First major","'14'","Engineering","Associate's degree","0","0","0","0","0","0","0","0","0","0","0","0","0","0","0","0","0","0","0","0","0","0","0","0","0","0","0","0","0","0","-2"
"215929","University of Scranton","2020","First major","'14'","Engineering","Bachelor's degree","17","15","2","0","0","0","0","0","0","1","1","0","2","2","0","0","0","0","13","11","2","0","0","0","1","1","0","0","0","0","-2"
"215929","University of Scranton","2020","First major","'14'","Engineering","Master's degree","6","6","0","0","0","0","0","0","0","0","0","0","1","1","0","0","0","0","4","4","0","1","1","0","0","0","0","0","0","0","-2"
"216010","Shippensburg University of Pennsylvania","2020","First major","'14'","Engineering","Bachelor's degree","21","18","3","0","0","0","0","0","0","3","2","1","0","0","0","0","0","0","16","15","1","2","1","1","0","0","0","0","0","0","-2"
"216010","Shippensburg University of Pennsylvania","2020","Second major","'14'","Engineering","Bachelor's degree","1","1","0","0","0","0","0","0","0","0","0","0","0","0","0","0","0","0","1","1","0","0","0","0","0","0","0","0","0","0","-2"
"216038","Slippery Rock University of Pennsylvania","2020","First major","'14'","Engineering","Bachelor's degree","6","6","0","0","0","0","0","0","0","0","0","0","1","1","0","0","0","0","5","5","0","0","0","0","0","0","0","0","0","0","-2"
"216287","Swarthmore College","2020","First major","'14'","Engineering","Bachelor's degree","24","14","10","0","0","0","3","2","1","2","2","0","2","2","0","0","0","0","14","6","8","1","1","0","0","0","0","2","1","1","-2"
"216296","Thaddeus Stevens College of Technology","2020","First major","'14'","Engineering","Associate's degree","36","33","3","0","0","0","1","1","0","1","1","0","5","3","2","0","0","0","28","27","1","1","1","0","0","0","0","0","0","0","-2"
"216339","Temple University","2020","First major","'14'","Engineering","Bachelor's degree","371","282","89","0","0","0","56","35","21","20","14","6","16","15","1","0","0","0","198","157","41","7","7","0","13","10","3","61","44","17","-2"
"216339","Temple University","2020","First major","'14'","Engineering","Master's degree","38","24","14","0","0","0","3","2","1","3","2","1","0","0","0","0","0","0","16","12","4","1","1","0","0","0","0","15","7","8","-2"
"216339","Temple University","2020","First major","'14'","Engineering","Doctor's degree - research/scholarship","8","7","1","0","0","0","0","0","0","0","0","0","0","0","0","0","0","0","1","1","0","0","0","0","0","0","0","7","6","1","-2"
"216357","Thiel College","2020","First major","'14'","Engineering","Bachelor's degree","0","0","0","0","0","0","0","0","0","0","0","0","0","0","0","0","0","0","0","0","0","0","0","0","0","0","0","0","0","0","-2"
"216366","Thomas Jefferson University","2020","First major","'14'","Engineering","Bachelor's degree","22","14","8","0","0","0","0","0","0","1","0","1","1","1","0","0","0","0","12","7","5","2","1","1","0","0","0","6","5","1","-2"
"216366","Thomas Jefferson University","2020","First major","'14'","Engineering","Master's degree","14","4","10","0","0","0","2","0","2","2","2","0","4","1","3","0","0","0","4","0","4","0","0","0","0","0","0","2","1","1","-2"
"216366","Thomas Jefferson University","2020","First major","'14'","Engineering","Doctor's degree - research/scholarship","0","0","0","0","0","0","0","0","0","0","0","0","0","0","0","0","0","0","0","0","0","0","0","0","0","0","0","0","0","0","-2"
"216524","Ursinus College","2020","First major","'14'","Engineering","Bachelor's degree","0","0","0","0","0","0","0","0","0","0","0","0","0","0","0","0","0","0","0","0","0","0","0","0","0","0","0","0","0","0","-2"
"216597","Villanova University","2020","First major","'14'","Engineering","Bachelor's degree","241","162","79","0","0","0","11","6","5","11","7","4","17","12","5","0","0","0","189","128","61","6","4","2","3","2","1","4","3","1","-2"
"216597","Villanova University","2020","First major","'14'","Engineering","Master's degree","124","84","40","0","0","0","6","6","0","3","2","1","8","7","1","0","0","0","81","55","26","3","2","1","8","5","3","15","7","8","-2"
"216597","Villanova University","2020","First major","'14'","Engineering","Doctor's degree - research/scholarship","16","13","3","0","0","0","0","0","0","0","0","0","0","0","0","0","0","0","3","3","0","0","0","0","1","0","1","12","10","2","-2"
"216764","West Chester University of Pennsylvania","2020","First major","'14'","Engineering","Bachelor's degree","0","0","0","0","0","0","0","0","0","0","0","0","0","0","0","0","0","0","0","0","0","0","0","0","0","0","0","0","0","0","-2"
"216807","Westminster College","2020","First major","'14'","Engineering","Bachelor's degree","1","1","0","0","0","0","0","0","0","0","0","0","0","0","0","0","0","0","1","1","0","0","0","0","0","0","0","0","0","0","-2"
"216825","Westmoreland County Community College","2020","First major","'14'","Engineering","Associate's degree","0","0","0","0","0","0","0","0","0","0","0","0","0","0","0","0","0","0","0","0","0","0","0","0","0","0","0","0","0","0","-2"
"216852","Widener University","2020","First major","'14'","Engineering","Associate's degree","0","0","0","0","0","0","0","0","0","0","0","0","0","0","0","0","0","0","0","0","0","0","0","0","0","0","0","0","0","0","-2"
"216852","Widener University","2020","First major","'14'","Engineering","Bachelor's degree","112","85","27","0","0","0","4","2","2","6","5","1","5","4","1","0","0","0","91","68","23","3","3","0","1","1","0","2","2","0","-2"
"216852","Widener University","2020","First major","'14'","Engineering","Master's degree","16","14","2","0","0","0","0","0","0","1","1","0","0","0","0","0","0","0","14","12","2","0","0","0","0","0","0","1","1","0","-2"
"216931","Wilkes University","2020","First major","'14'","Engineering","Bachelor's degree","90","76","14","0","0","0","3","3","0","1","1","0","1","1","0","0","0","0","58","49","9","1","1","0","2","1","1","24","20","4","-2"
"216931","Wilkes University","2020","First major","'14'","Engineering","Master's degree","9","8","1","0","0","0","0","0","0","0","0","0","2","2","0","0","0","0","4","4","0","0","0","0","2","2","0","1","0","1","-2"
"217059","York College of Pennsylvania","2020","First major","'14'","Engineering","Bachelor's degree","58","55","3","0","0","0","2","1","1","0","0","0","3","3","0","0","0","0","48","46","2","2","2","0","2","2","0","1","1","0","-2"
"217156","Brown University","2020","First major","'14'","Engineering","Bachelor's degree","74","43","31","0","0","0","9","7","2","2","2","0","7","3","4","0","0","0","30","15","15","9","6","3","4","0","4","13","10","3","-2"
"217156","Brown University","2020","First major","'14'","Engineering","Master's degree","79","54","25","0","0","0","7","3","4","0","0","0","5","3","2","0","0","0","14","10","4","2","2","0","3","1","2","48","35","13","-2"
"217156","Brown University","2020","First major","'14'","Engineering","Doctor's degree - research/scholarship","23","15","8","0","0","0","0","0","0","0","0","0","2","2","0","0","0","0","8","3","5","0","0","0","2","1","1","11","9","2","-2"
"217156","Brown University","2020","Second major","'14'","Engineering","Bachelor's degree","6","4","2","0","0","0","1","1","0","0","0","0","1","1","0","0","0","0","4","2","2","0","0","0","0","0","0","0","0","0","-2"
"217235","Johnson & Wales University-Providence","2020","First major","'14'","Engineering","Bachelor's degree","50","45","5","0","0","0","3","3","0","3","1","2","7","5","2","0","0","0","20","19","1","1","1","0","0","0","0","16","16","0","-2"
"217402","Providence College","2020","First major","'14'","Engineering","Bachelor's degree","5","2","3","0","0","0","1","0","1","0","0","0","1","0","1","0","0","0","3","2","1","0","0","0","0","0","0","0","0","0","-2"
"217475","Community College of Rhode Island","2020","First major","'14'","Engineering","Associate's degree","10","8","2","1","1","0","0","0","0","0","0","0","2","2","0","0","0","0","6","4","2","0","0","0","1","1","0","0","0","0","-2"
"217484","University of Rhode Island","2020","First major","'14'","Engineering","Bachelor's degree","360","273","87","0","0","0","21","16","5","13","8","5","31","22","9","0","0","0","249","196","53","12","5","7","22","20","2","12","6","6","-2"
"217484","University of Rhode Island","2020","First major","'14'","Engineering","Master's degree","65","55","10","0","0","0","8","7","1","2","2","0","0","0","0","0","0","0","48","41","7","0","0","0","3","3","0","4","2","2","-2"
"217484","University of Rhode Island","2020","First major","'14'","Engineering","Doctor's degree - research/scholarship","13","8","5","0","0","0","5","3","2","0","0","0","0","0","0","0","0","0","5","3","2","1","0","1","1","1","0","1","1","0","-2"
"217518","Roger Williams University","2020","First major","'14'","Engineering","Bachelor's degree","55","42","13","0","0","0","1","1","0","0","0","0","3","1","2","0","0","0","45","36","9","0","0","0","3","1","2","3","3","0","-2"
"217633","Anderson University","2020","First major","'14'","Engineering","Bachelor's degree","0","0","0","0","0","0","0","0","0","0","0","0","0","0","0","0","0","0","0","0","0","0","0","0","0","0","0","0","0","0","-2"
"217688","Charleston Southern University","2020","First major","'14'","Engineering","Bachelor's degree","0","0","0","0","0","0","0","0","0","0","0","0","0","0","0","0","0","0","0","0","0","0","0","0","0","0","0","0","0","0","-2"
"217721","Benedict College","2020","First major","'14'","Engineering","Bachelor's degree","7","4","3","0","0","0","0","0","0","6","3","3","1","1","0","0","0","0","0","0","0","0","0","0","0","0","0","0","0","0","-2"
"217749","Bob Jones University","2020","First major","'14'","Engineering","Bachelor's degree","19","16","3","0","0","0","1","0","1","0","0","0","0","0","0","0","0","0","13","11","2","1","1","0","1","1","0","3","3","0","-2"
"217819","College of Charleston","2020","First major","'14'","Engineering","Bachelor's degree","0","0","0","0","0","0","0","0","0","0","0","0","0","0","0","0","0","0","0","0","0","0","0","0","0","0","0","0","0","0","-2"
"217864","Citadel Military College of South Carolina","2020","First major","'14'","Engineering","Bachelor's degree","150","139","11","1","1","0","3","3","0","5","5","0","13","12","1","0","0","0","123","114","9","3","2","1","2","2","0","0","0","0","-2"
"217864","Citadel Military College of South Carolina","2020","First major","'14'","Engineering","Master's degree","7","7","0","0","0","0","0","0","0","0","0","0","1","1","0","0","0","0","6","6","0","0","0","0","0","0","0","0","0","0","-2"
"217873","Claflin University","2020","First major","'14'","Engineering","Bachelor's degree","5","5","0","0","0","0","0","0","0","5","5","0","0","0","0","0","0","0","0","0","0","0","0","0","0","0","0","0","0","0","-2"
"217882","Clemson University","2020","First major","'14'","Engineering","Bachelor's degree","935","676","259","3","2","1","34","24","10","47","31","16","41","34","7","0","0","0","759","543","216","34","28","6","0","0","0","17","14","3","-2"
"217882","Clemson University","2020","First major","'14'","Engineering","Master's degree","370","300","70","0","0","0","10","7","3","6","6","0","7","5","2","0","0","0","129","96","33","4","4","0","5","3","2","209","179","30","-2"
"217882","Clemson University","2020","First major","'14'","Engineering","Doctor's degree - research/scholarship","74","52","22","0","0","0","0","0","0","0","0","0","0","0","0","0","0","0","22","16","6","1","0","1","1","0","1","50","36","14","-2"
"218061","Francis Marion University","2020","First major","'14'","Engineering","Bachelor's degree","12","11","1","0","0","0","0","0","0","1","1","0","0","0","0","0","0","0","7","7","0","3","2","1","0","0","0","1","1","0","-2"
"218070","Furman University","2020","First major","'14'","Engineering","Bachelor's degree","1","1","0","0","0","0","0","0","0","0","0","0","0","0","0","0","0","0","1","1","0","0","0","0","0","0","0","0","0","0","-2"
"218113","Greenville Technical College","2020","First major","'14'","Engineering","Bachelor's degree","0","0","0","0","0","0","0","0","0","0","0","0","0","0","0","0","0","0","0","0","0","0","0","0","0","0","0","0","0","0","-2"
"218353","Midlands Technical College","2020","First major","'14'","Engineering","Associate's degree","0","0","0","0","0","0","0","0","0","0","0","0","0","0","0","0","0","0","0","0","0","0","0","0","0","0","0","0","0","0","-2"
"218645","University of South Carolina Aiken","2020","First major","'14'","Engineering","Bachelor's degree","15","7","8","0","0","0","0","0","0","3","1","2","1","0","1","0","0","0","11","6","5","0","0","0","0","0","0","0","0","0","-2"
"218663","University of South Carolina-Columbia","2020","First major","'14'","Engineering","Bachelor's degree","431","349","82","2","0","2","14","11","3","27","19","8","15","13","2","1","1","0","318","260","58","14","10","4","3","3","0","37","32","5","-2"
"218663","University of South Carolina-Columbia","2020","First major","'14'","Engineering","Master's degree","56","45","11","0","0","0","4","3","1","1","1","0","3","2","1","0","0","0","29","22","7","1","1","0","0","0","0","18","16","2","-2"
"218663","University of South Carolina-Columbia","2020","First major","'14'","Engineering","Doctor's degree - research/scholarship","49","41","8","0","0","0","0","0","0","1","0","1","1","1","0","0","0","0","6","4","2","0","0","0","0","0","0","41","36","5","-2"
"218724","Coastal Carolina University","2020","First major","'14'","Engineering","Bachelor's degree","6","4","2","1","1","0","0","0","0","0","0","0","0","0","0","0","0","0","5","3","2","0","0","0","0","0","0","0","0","0","-2"
"218733","South Carolina State University","2020","First major","'14'","Engineering","Bachelor's degree","5","4","1","0","0","0","1","0","1","4","4","0","0","0","0","0","0","0","0","0","0","0","0","0","0","0","0","0","0","0","-2"
"218733","South Carolina State University","2020","First major","'14'","Engineering","Master's degree","0","0","0","0","0","0","0","0","0","0","0","0","0","0","0","0","0","0","0","0","0","0","0","0","0","0","0","0","0","0","-2"
"218742","University of South Carolina-Upstate","2020","First major","'14'","Engineering","Bachelor's degree","4","4","0","0","0","0","0","0","0","2","2","0","1","1","0","0","0","0","1","1","0","0","0","0","0","0","0","0","0","0","-2"
"219000","Augustana University","2020","First major","'14'","Engineering","Bachelor's degree","1","1","0","0","0","0","0","0","0","0","0","0","0","0","0","0","0","0","0","0","0","0","0","0","0","0","0","1","1","0","-2"
"219000","Augustana University","2020","Second major","'14'","Engineering","Bachelor's degree","1","0","1","0","0","0","0","0","0","0","0","0","0","0","0","0","0","0","0","0","0","0","0","0","0","0","0","1","0","1","-2"
"219277","Oglala Lakota College","2020","First major","'14'","Engineering","Associate's degree","1","0","1","1","0","1","0","0","0","0","0","0","0","0","0","0","0","0","0","0","0","0","0","0","0","0","0","0","0","0","-2"
"219347","South Dakota School of Mines and Technology","2020","First major","'14'","Engineering","Bachelor's degree","322","265","57","6","5","1","6","6","0","7","6","1","18","13","5","0","0","0","270","222","48","7","6","1","2","2","0","6","5","1","-2"
"219347","South Dakota School of Mines and Technology","2020","First major","'14'","Engineering","Master's degree","59","44","15","2","1","1","1","1","0","3","2","1","1","1","0","1","1","0","37","27","10","1","0","1","0","0","0","13","11","2","-2"
"219347","South Dakota School of Mines and Technology","2020","First major","'14'","Engineering","Doctor's degree - research/scholarship","11","6","5","0","0","0","4","3","1","0","0","0","0","0","0","0","0","0","5","3","2","1","0","1","0","0","0","1","0","1","-2"
"219356","South Dakota State University","2020","First major","'14'","Engineering","Bachelor's degree","163","140","23","0","0","0","0","0","0","1","1","0","1","1","0","0","0","0","128","108","20","1","1","0","1","1","0","31","28","3","-2"
"219356","South Dakota State University","2020","First major","'14'","Engineering","Master's degree","35","32","3","0","0","0","0","0","0","0","0","0","0","0","0","0","0","0","15","14","1","1","1","0","0","0","0","19","17","2","-2"
"219356","South Dakota State University","2020","First major","'14'","Engineering","Doctor's degree - research/scholarship","7","4","3","0","0","0","0","0","0","0","0","0","0","0","0","0","0","0","1","0","1","0","0","0","0","0","0","6","4","2","-2"
"219471","University of South Dakota","2020","First major","'14'","Engineering","Master's degree","3","1","2","0","0","0","0","0","0","0","0","0","0","0","0","0","0","0","3","1","2","0","0","0","0","0","0","0","0","0","-2"
"219471","University of South Dakota","2020","First major","'14'","Engineering","Doctor's degree - research/scholarship","2","2","0","0","0","0","1","1","0","0","0","0","0","0","0","0","0","0","1","1","0","0","0","0","0","0","0","0","0","0","-2"
"219602","Austin Peay State University","2020","First major","'14'","Engineering","Bachelor's degree","0","0","0","0","0","0","0","0","0","0","0","0","0","0","0","0","0","0","0","0","0","0","0","0","0","0","0","0","0","0","-2"
"219709","Belmont University","2020","First major","'14'","Engineering","Bachelor's degree","1","1","0","0","0","0","0","0","0","0","0","0","0","0","0","0","0","0","1","1","0","0","0","0","0","0","0","0","0","0","-2"
"219790","Bryan College-Dayton","2020","First major","'14'","Engineering","Bachelor's degree","0","0","0","0","0","0","0","0","0","0","0","0","0","0","0","0","0","0","0","0","0","0","0","0","0","0","0","0","0","0","-2"
"219806","Carson-Newman University","2020","First major","'14'","Engineering","Bachelor's degree","0","0","0","0","0","0","0","0","0","0","0","0","0","0","0","0","0","0","0","0","0","0","0","0","0","0","0","0","0","0","-2"
"219824","Chattanooga State Community College","2020","First major","'14'","Engineering","Associate's degree","44","35","9","0","0","0","3","2","1","0","0","0","2","2","0","0","0","0","37","30","7","2","1","1","0","0","0","0","0","0","-2"
"219833","Christian Brothers University","2020","First major","'14'","Engineering","Bachelor's degree","45","40","5","0","0","0","2","2","0","6","5","1","5","4","1","0","0","0","17","15","2","2","2","0","6","6","0","7","6","1","-2"
"219833","Christian Brothers University","2020","Second major","'14'","Engineering","Bachelor's degree","2","2","0","0","0","0","0","0","0","1","1","0","0","0","0","0","0","0","0","0","0","1","1","0","0","0","0","0","0","0","-2"
"219976","Lipscomb University","2020","First major","'14'","Engineering","Bachelor's degree","46","38","8","0","0","0","1","1","0","2","2","0","0","0","0","0","0","0","40","32","8","1","1","0","0","0","0","2","2","0","-2"
"219976","Lipscomb University","2020","First major","'14'","Engineering","Master's degree","7","6","1","0","0","0","1","1","0","0","0","0","1","1","0","0","0","0","5","4","1","0","0","0","0","0","0","0","0","0","-2"
"220075","East Tennessee State University","2020","First major","'14'","Engineering","Bachelor's degree","2","2","0","0","0","0","0","0","0","0","0","0","0","0","0","0","0","0","2","2","0","0","0","0","0","0","0","0","0","0","-2"
"220215","Freed-Hardeman University","2020","First major","'14'","Engineering","Bachelor's degree","2","2","0","0","0","0","0","0","0","0","0","0","0","0","0","0","0","0","2","2","0","0","0","0","0","0","0","0","0","0","-2"
"220516","King University","2020","First major","'14'","Engineering","Bachelor's degree","0","0","0","0","0","0","0","0","0","0","0","0","0","0","0","0","0","0","0","0","0","0","0","0","0","0","0","0","0","0","-2"
"220710","Maryville College","2020","First major","'14'","Engineering","Bachelor's degree","5","4","1","0","0","0","0","0","0","0","0","0","0","0","0","0","0","0","5","4","1","0","0","0","0","0","0","0","0","0","-2"
"220862","University of Memphis","2020","First major","'14'","Engineering","Bachelor's degree","156","119","37","2","1","1","12","10","2","17","14","3","10","5","5","0","0","0","102","77","25","2","1","1","1","1","0","10","10","0","-2"
"220862","University of Memphis","2020","First major","'14'","Engineering","Master's degree","23","17","6","0","0","0","3","1","2","0","0","0","1","1","0","0","0","0","9","8","1","0","0","0","0","0","0","10","7","3","-2"
"220862","University of Memphis","2020","First major","'14'","Engineering","Doctor's degree - research/scholarship","21","17","4","0","0","0","2","2","0","0","0","0","0","0","0","0","0","0","9","9","0","1","1","0","0","0","0","9","5","4","-2"
"220978","Middle Tennessee State University","2020","First major","'14'","Engineering","Bachelor's degree","59","52","7","0","0","0","3","3","0","0","0","0","5","4","1","0","0","0","43","37","6","0","0","0","0","0","0","8","8","0","-2"
"220978","Middle Tennessee State University","2020","Second major","'14'","Engineering","Bachelor's degree","1","1","0","0","0","0","0","0","0","1","1","0","0","0","0","0","0","0","0","0","0","0","0","0","0","0","0","0","0","0","-2"
"221661","Southern Adventist University","2020","First major","'14'","Engineering","Associate's degree","1","1","0","0","0","0","0","0","0","0","0","0","0","0","0","0","0","0","1","1","0","0","0","0","0","0","0","0","0","0","-2"
"221661","Southern Adventist University","2020","First major","'14'","Engineering","Bachelor's degree","0","0","0","0","0","0","0","0","0","0","0","0","0","0","0","0","0","0","0","0","0","0","0","0","0","0","0","0","0","0","-2"
"221740","The University of Tennessee-Chattanooga","2020","First major","'14'","Engineering","Bachelor's degree","184","159","25","1","1","0","6","5","1","3","3","0","11","9","2","0","0","0","126","107","19","7","6","1","0","0","0","30","28","2","-2"
"221740","The University of Tennessee-Chattanooga","2020","First major","'14'","Engineering","Master's degree","21","19","2","0","0","0","2","2","0","1","1","0","1","1","0","0","0","0","8","7","1","0","0","0","0","0","0","9","8","1","-2"
"221740","The University of Tennessee-Chattanooga","2020","First major","'14'","Engineering","Doctor's degree - research/scholarship","1","1","0","0","0","0","0","0","0","1","1","0","0","0","0","0","0","0","0","0","0","0","0","0","0","0","0","0","0","0","-2"
"221740","The University of Tennessee-Chattanooga","2020","Second major","'14'","Engineering","Bachelor's degree","1","1","0","0","0","0","0","0","0","0","0","0","0","0","0","0","0","0","0","0","0","1","1","0","0","0","0","0","0","0","-2"
"221740","The University of Tennessee-Chattanooga","2020","Second major","'14'","Engineering","Master's degree","1","1","0","0","0","0","0","0","0","0","0","0","0","0","0","0","0","0","0","0","0","0","0","0","0","0","0","1","1","0","-2"
"221759","The University of Tennessee-Knoxville","2020","First major","'14'","Engineering","Bachelor's degree","617","485","132","1","1","0","37","29","8","22","13","9","19","15","4","0","0","0","474","380","94","19","16","3","25","14","11","20","17","3","-2"
"221759","The University of Tennessee-Knoxville","2020","First major","'14'","Engineering","Master's degree","215","164","51","1","1","0","11","8","3","9","4","5","7","3","4","0","0","0","152","121","31","3","3","0","0","0","0","32","24","8","-2"
"221759","The University of Tennessee-Knoxville","2020","First major","'14'","Engineering","Doctor's degree - research/scholarship","122","90","32","0","0","0","1","1","0","3","1","2","4","3","1","0","0","0","38","31","7","1","1","0","7","3","4","68","50","18","-2"
"221768","The University of Tennessee-Martin","2020","First major","'14'","Engineering","Bachelor's degree","37","35","2","0","0","0","1","1","0","0","0","0","2","2","0","0","0","0","30","28","2","3","3","0","0","0","0","1","1","0","-2"
"221838","Tennessee State University","2020","First major","'14'","Engineering","Bachelor's degree","48","42","6","0","0","0","1","1","0","14","12","2","3","3","0","0","0","0","11","8","3","0","0","0","1","1","0","18","17","1","-2"
"221838","Tennessee State University","2020","First major","'14'","Engineering","Master's degree","7","6","1","0","0","0","0","0","0","1","1","0","0","0","0","0","0","0","2","1","1","0","0","0","0","0","0","4","4","0","-2"
"221838","Tennessee State University","2020","First major","'14'","Engineering","Doctor's degree - research/scholarship","3","2","1","0","0","0","0","0","0","1","0","1","0","0","0","0","0","0","1","1","0","0","0","0","0","0","0","1","1","0","-2"
"221847","Tennessee Technological University","2020","First major","'14'","Engineering","Bachelor's degree","353","300","53","0","0","0","12","12","0","16","15","1","7","5","2","0","0","0","275","231","44","10","8","2","4","4","0","29","25","4","-2"
"221847","Tennessee Technological University","2020","First major","'14'","Engineering","Master's degree","45","35","10","0","0","0","0","0","0","0","0","0","1","1","0","0","0","0","30","21","9","0","0","0","0","0","0","14","13","1","-2"
"221847","Tennessee Technological University","2020","First major","'14'","Engineering","Doctor's degree - research/scholarship","21","16","5","0","0","0","1","0","1","0","0","0","0","0","0","0","0","0","7","5","2","0","0","0","0","0","0","13","11","2","-2"
"221892","Trevecca Nazarene University","2020","First major","'14'","Engineering","Bachelor's degree","1","1","0","0","0","0","0","0","0","0","0","0","0","0","0","0","0","0","1","1","0","0","0","0","0","0","0","0","0","0","-2"
"221971","Union University","2020","First major","'14'","Engineering","Bachelor's degree","7","6","1","0","0","0","0","0","0","0","0","0","0","0","0","0","0","0","7","6","1","0","0","0","0","0","0","0","0","0","-2"
"221999","Vanderbilt University","2020","First major","'14'","Engineering","Bachelor's degree","255","161","94","1","1","0","34","23","11","22","11","11","27","15","12","0","0","0","138","85","53","16","12","4","8","6","2","9","8","1","-2"
"221999","Vanderbilt University","2020","First major","'14'","Engineering","Master's degree","43","33","10","0","0","0","0","0","0","1","1","0","0","0","0","0","0","0","22","18","4","1","0","1","1","0","1","18","14","4","-2"
"221999","Vanderbilt University","2020","First major","'14'","Engineering","Doctor's degree - research/scholarship","44","30","14","0","0","0","2","1","1","2","2","0","0","0","0","0","0","0","23","15","8","1","1","0","0","0","0","16","11","5","-2"
"221999","Vanderbilt University","2020","Second major","'14'","Engineering","Bachelor's degree","5","5","0","0","0","0","1","1","0","0","0","0","0","0","0","0","0","0","3","3","0","0","0","0","1","1","0","0","0","0","-2"
"222178","Abilene Christian University","2020","First major","'14'","Engineering","Bachelor's degree","17","13","4","0","0","0","1","0","1","1","1","0","3","3","0","0","0","0","8","7","1","1","1","0","0","0","0","3","1","2","-2"
"222576","Amarillo College","2020","First major","'14'","Engineering","Associate's degree","14","13","1","0","0","0","1","0","1","0","0","0","4","4","0","0","0","0","8","8","0","0","0","0","1","1","0","0","0","0","-2"
"222822","Angelina College","2020","First major","'14'","Engineering","Associate's degree","0","0","0","0","0","0","0","0","0","0","0","0","0","0","0","0","0","0","0","0","0","0","0","0","0","0","0","0","0","0","-2"
"222831","Angelo State University","2020","First major","'14'","Engineering","Bachelor's degree","21","17","4","0","0","0","0","0","0","0","0","0","5","4","1","0","0","0","13","12","1","2","1","1","0","0","0","1","0","1","-2"
"222992","Austin Community College District","2020","First major","'14'","Engineering","Associate's degree","83","70","13","1","1","0","9","6","3","5","4","1","20","15","5","0","0","0","37","35","2","3","2","1","0","0","0","8","7","1","-2"
"223232","Baylor University","2020","First major","'14'","Engineering","Bachelor's degree","130","105","25","0","0","0","8","7","1","6","4","2","14","13","1","0","0","0","84","67","17","11","8","3","0","0","0","7","6","1","-2"
"223232","Baylor University","2020","First major","'14'","Engineering","Master's degree","16","10","6","1","1","0","1","0","1","1","1","0","1","0","1","0","0","0","8","5","3","0","0","0","0","0","0","4","3","1","-2"
"223232","Baylor University","2020","First major","'14'","Engineering","Doctor's degree - research/scholarship","8","8","0","0","0","0","1","1","0","0","0","0","1","1","0","0","0","0","3","3","0","0","0","0","0","0","0","3","3","0","-2"
"223320","Coastal Bend College","2020","First major","'14'","Engineering","Associate's degree","0","0","0","0","0","0","0","0","0","0","0","0","0","0","0","0","0","0","0","0","0","0","0","0","0","0","0","0","0","0","-2"
"223427","Blinn College","2020","First major","'14'","Engineering","Associate's degree","11","9","2","0","0","0","1","1","0","0","0","0","4","3","1","0","0","0","5","4","1","1","1","0","0","0","0","0","0","0","-2"
"223816","Central Texas College","2020","First major","'14'","Engineering","Associate's degree","10","6","4","0","0","0","1","1","0","3","2","1","3","0","3","0","0","0","3","3","0","0","0","0","0","0","0","0","0","0","-2"
"224147","Texas A & M University-Corpus Christi","2020","First major","'14'","Engineering","Bachelor's degree","94","81","13","0","0","0","1","1","0","1","1","0","36","32","4","0","0","0","44","38","6","3","2","1","2","1","1","7","6","1","-2"
"224147","Texas A & M University-Corpus Christi","2020","First major","'14'","Engineering","Master's degree","4","3","1","0","0","0","0","0","0","0","0","0","0","0","0","0","0","0","3","3","0","0","0","0","0","0","0","1","0","1","-2"
"224147","Texas A & M University-Corpus Christi","2020","Second major","'14'","Engineering","Bachelor's degree","1","0","1","0","0","0","0","0","0","0","0","0","1","0","1","0","0","0","0","0","0","0","0","0","0","0","0","0","0","0","-2"
"224350","Del Mar College","2020","First major","'14'","Engineering","Associate's degree","8","8","0","0","0","0","0","0","0","0","0","0","5","5","0","0","0","0","3","3","0","0","0","0","0","0","0","0","0","0","-2"
"224545","Texas A&M University-Texarkana","2020","First major","'14'","Engineering","Bachelor's degree","14","13","1","0","0","0","0","0","0","0","0","0","3","3","0","0","0","0","7","6","1","1","1","0","2","2","0","1","1","0","-2"
"224554","Texas A & M University-Commerce","2020","First major","'14'","Engineering","Bachelor's degree","35","31","4","0","0","0","2","2","0","2","2","0","10","10","0","0","0","0","18","15","3","2","1","1","1","1","0","0","0","0","-2"
"224554","Texas A & M University-Commerce","2020","Second major","'14'","Engineering","Bachelor's degree","1","1","0","0","0","0","0","0","0","0","0","0","0","0","0","0","0","0","1","1","0","0","0","0","0","0","0","0","0","0","-2"
"224642","El Paso Community College","2020","First major","'14'","Engineering","Associate's degree","80","62","18","0","0","0","1","1","0","1","1","0","65","47","18","0","0","0","10","10","0","0","0","0","0","0","0","3","3","0","-2"
"224891","Frank Phillips College","2020","First major","'14'","Engineering","Associate's degree","0","0","0","0","0","0","0","0","0","0","0","0","0","0","0","0","0","0","0","0","0","0","0","0","0","0","0","0","0","0","-2"
"225070","Grayson College","2020","First major","'14'","Engineering","Associate's degree","2","2","0","0","0","0","0","0","0","0","0","0","0","0","0","0","0","0","2","2","0","0","0","0","0","0","0","0","0","0","-2"
"225399","Houston Baptist University","2020","First major","'14'","Engineering","Bachelor's degree","0","0","0","0","0","0","0","0","0","0","0","0","0","0","0","0","0","0","0","0","0","0","0","0","0","0","0","0","0","0","-2"
"225414","University of Houston-Clear Lake","2020","First major","'14'","Engineering","Bachelor's degree","41","33","8","0","0","0","4","2","2","4","3","1","22","19","3","0","0","0","9","8","1","1","1","0","0","0","0","1","0","1","-2"
"225414","University of Houston-Clear Lake","2020","First major","'14'","Engineering","Master's degree","45","27","18","0","0","0","0","0","0","2","0","2","2","2","0","0","0","0","9","9","0","1","1","0","1","1","0","30","14","16","-2"
"225423","Houston Community College","2020","First major","'14'","Engineering","Associate's degree","134","99","35","1","1","0","22","15","7","10","6","4","28","22","6","0","0","0","39","30","9","0","0","0","1","1","0","33","24","9","-2"
"225511","University of Houston","2020","First major","'14'","Engineering","Bachelor's degree","626","461","165","1","1","0","165","119","46","28","20","8","181","141","40","1","1","0","144","104","40","15","11","4","32","22","10","59","42","17","-2"
"225511","University of Houston","2020","First major","'14'","Engineering","Master's degree","260","198","62","1","1","0","21","12","9","4","3","1","22","17","5","0","0","0","31","25","6","2","1","1","5","4","1","174","135","39","-2"
"225511","University of Houston","2020","First major","'14'","Engineering","Doctor's degree - research/scholarship","95","71","24","0","0","0","7","5","2","0","0","0","1","1","0","0","0","0","17","9","8","1","1","0","2","1","1","67","54","13","-2"
"225520","Howard College","2020","First major","'14'","Engineering","Associate's degree","4","2","2","0","0","0","0","0","0","0","0","0","2","1","1","0","0","0","1","1","0","1","0","1","0","0","0","0","0","0","-2"
"225548","Howard Payne University","2020","First major","'14'","Engineering","Bachelor's degree","3","3","0","0","0","0","0","0","0","1","1","0","0","0","0","0","0","0","2","2","0","0","0","0","0","0","0","0","0","0","-2"
"225627","University of the Incarnate Word","2020","First major","'14'","Engineering","Bachelor's degree","16","13","3","0","0","0","1","0","1","1","1","0","6","6","0","0","0","0","2","1","1","0","0","0","5","4","1","1","1","0","-2"
"226091","Lamar University","2020","First major","'14'","Engineering","Bachelor's degree","210","170","40","0","0","0","19","15","4","14","11","3","56","45","11","0","0","0","96","77","19","8","8","0","2","1","1","15","13","2","-2"
"226091","Lamar University","2020","First major","'14'","Engineering","Master's degree","79","72","7","1","1","0","5","5","0","1","1","0","3","2","1","0","0","0","5","5","0","0","0","0","0","0","0","64","58","6","-2"
"226091","Lamar University","2020","First major","'14'","Engineering","Doctor's degree - research/scholarship","17","12","5","0","0","0","0","0","0","0","0","0","0","0","0","0","0","0","0","0","0","0","0","0","0","0","0","17","12","5","-2"
"226152","Texas A & M International University","2020","First major","'14'","Engineering","Bachelor's degree","37","33","4","0","0","0","0","0","0","0","0","0","35","31","4","0","0","0","2","2","0","0","0","0","0","0","0","0","0","0","-2"
"226204","Lee College","2020","First major","'14'","Engineering","Associate's degree","7","3","4","0","0","0","0","0","0","0","0","0","3","2","1","0","0","0","3","1","2","1","0","1","0","0","0","0","0","0","-2"
"226231","LeTourneau University","2020","First major","'14'","Engineering","Bachelor's degree","87","73","14","1","1","0","3","2","1","1","1","0","5","4","1","0","0","0","66","57","9","5","4","1","4","3","1","2","1","1","-2"
"226231","LeTourneau University","2020","First major","'14'","Engineering","Master's degree","1","1","0","0","0","0","0","0","0","0","0","0","0","0","0","0","0","0","0","0","0","1","1","0","0","0","0","0","0","0","-2"
"226231","LeTourneau University","2020","Second major","'14'","Engineering","Bachelor's degree","1","1","0","0","0","0","0","0","0","1","1","0","0","0","0","0","0","0","0","0","0","0","0","0","0","0","0","0","0","0","-2"
"226471","University of Mary Hardin-Baylor","2020","First major","'14'","Engineering","Bachelor's degree","11","11","0","0","0","0","0","0","0","1","1","0","2","2","0","0","0","0","8","8","0","0","0","0","0","0","0","0","0","0","-2"
"226578","McLennan Community College","2020","First major","'14'","Engineering","Associate's degree","20","17","3","0","0","0","2","2","0","0","0","0","4","4","0","0","0","0","13","10","3","1","1","0","0","0","0","0","0","0","-2"
"226806","Midland College","2020","First major","'14'","Engineering","Associate's degree","0","0","0","0","0","0","0","0","0","0","0","0","0","0","0","0","0","0","0","0","0","0","0","0","0","0","0","0","0","0","-2"
"226833","Midwestern State University","2020","First major","'14'","Engineering","Bachelor's degree","50","42","8","1","1","0","1","1","0","5","3","2","3","2","1","0","0","0","22","20","2","1","1","0","0","0","0","17","14","3","-2"
"227146","Navarro College","2020","First major","'14'","Engineering","Associate's degree","0","0","0","0","0","0","0","0","0","0","0","0","0","0","0","0","0","0","0","0","0","0","0","0","0","0","0","0","0","0","-2"
"227182","Lone Star College System","2020","First major","'14'","Engineering","Associate's degree","47","44","3","0","0","0","8","8","0","4","4","0","12","12","0","0","0","0","17","16","1","1","0","1","0","0","0","5","4","1","-2"
"227216","University of North Texas","2020","First major","'14'","Engineering","Bachelor's degree","319","259","60","1","1","0","20","14","6","25","18","7","67","52","15","0","0","0","135","112","23","14","13","1","3","3","0","54","46","8","-2"
"227216","University of North Texas","2020","First major","'14'","Engineering","Master's degree","50","33","17","0","0","0","4","3","1","3","2","1","4","4","0","0","0","0","10","8","2","4","3","1","0","0","0","25","13","12","-2"
"227216","University of North Texas","2020","First major","'14'","Engineering","Doctor's degree - research/scholarship","20","17","3","0","0","0","1","1","0","0","0","0","0","0","0","0","0","0","1","1","0","1","1","0","0","0","0","17","14","3","-2"
"227216","University of North Texas","2020","Second major","'14'","Engineering","Bachelor's degree","1","1","0","0","0","0","0","0","0","0","0","0","1","1","0","0","0","0","0","0","0","0","0","0","0","0","0","0","0","0","-2"
"227304","Odessa College","2020","First major","'14'","Engineering","Associate's degree","21","15","6","0","0","0","0","0","0","1","1","0","16","12","4","0","0","0","2","0","2","0","0","0","0","0","0","2","2","0","-2"
"227368","The University of Texas Rio Grande Valley","2020","First major","'14'","Engineering","Bachelor's degree","278","222","56","0","0","0","2","2","0","0","0","0","248","199","49","0","0","0","3","3","0","2","1","1","6","5","1","17","12","5","-2"
"227368","The University of Texas Rio Grande Valley","2020","First major","'14'","Engineering","Master's degree","27","22","5","0","0","0","2","2","0","1","1","0","22","17","5","0","0","0","2","2","0","0","0","0","0","0","0","0","0","0","-2"
"227401","Paris Junior College","2020","First major","'14'","Engineering","Associate's degree","6","5","1","0","0","0","0","0","0","1","1","0","0","0","0","0","0","0","5","4","1","0","0","0","0","0","0","0","0","0","-2"
"227526","Prairie View A & M University","2020","First major","'14'","Engineering","Bachelor's degree","179","125","54","0","0","0","17","13","4","114","76","38","13","13","0","0","0","0","12","7","5","3","2","1","0","0","0","20","14","6","-2"
"227526","Prairie View A & M University","2020","First major","'14'","Engineering","Master's degree","33","22","11","0","0","0","1","0","1","15","7","8","2","2","0","0","0","0","4","3","1","0","0","0","0","0","0","11","10","1","-2"
"227526","Prairie View A & M University","2020","First major","'14'","Engineering","Doctor's degree - research/scholarship","7","7","0","0","0","0","0","0","0","2","2","0","0","0","0","0","0","0","1","1","0","0","0","0","0","0","0","4","4","0","-2"
"227757","Rice University","2020","First major","'14'","Engineering","Bachelor's degree","167","106","61","0","0","0","34","19","15","11","8","3","40","28","12","0","0","0","50","31","19","5","3","2","4","2","2","23","15","8","-2"
"227757","Rice University","2020","First major","'14'","Engineering","Master's degree","93","66","27","0","0","0","9","8","1","1","1","0","3","3","0","0","0","0","21","17","4","3","2","1","2","2","0","54","33","21","-2"
"227757","Rice University","2020","First major","'14'","Engineering","Doctor's degree - research/scholarship","54","39","15","0","0","0","5","3","2","2","0","2","1","0","1","0","0","0","13","7","6","0","0","0","4","4","0","29","25","4","-2"
"227854","St Philip's College","2020","First major","'14'","Engineering","Associate's degree","1","1","0","0","0","0","0","0","0","0","0","0","0","0","0","0","0","0","1","1","0","0","0","0","0","0","0","0","0","0","-2"
"227863","University of St Thomas","2020","First major","'14'","Engineering","Bachelor's degree","2","1","1","0","0","0","0","0","0","0","0","0","1","1","0","0","0","0","1","0","1","0","0","0","0","0","0","0","0","0","-2"
"227863","University of St Thomas","2020","Second major","'14'","Engineering","Bachelor's degree","2","1","1","0","0","0","1","0","1","0","0","0","1","1","0","0","0","0","0","0","0","0","0","0","0","0","0","0","0","0","-2"
"227924","San Antonio College","2020","First major","'14'","Engineering","Associate's degree","16","16","0","0","0","0","3","3","0","0","0","0","8","8","0","0","0","0","5","5","0","0","0","0","0","0","0","0","0","0","-2"
"227979","San Jacinto Community College","2020","First major","'14'","Engineering","Associate's degree","49","41","8","0","0","0","2","2","0","1","1","0","32","26","6","0","0","0","7","7","0","2","0","2","1","1","0","4","4","0","-2"
"228042","Schreiner University","2020","First major","'14'","Engineering","Bachelor's degree","1","0","1","0","0","0","0","0","0","0","0","0","0","0","0","0","0","0","1","0","1","0","0","0","0","0","0","0","0","0","-2"
"228149","St. Mary's University","2020","First major","'14'","Engineering","Bachelor's degree","54","41","13","0","0","0","0","0","0","0","0","0","26","18","8","0","0","0","6","5","1","0","0","0","2","0","2","20","18","2","-2"
"228149","St. Mary's University","2020","First major","'14'","Engineering","Master's degree","24","15","9","0","0","0","1","1","0","0","0","0","9","3","6","0","0","0","5","2","3","0","0","0","0","0","0","9","9","0","-2"
"228158","South Plains College","2020","First major","'14'","Engineering","Associate's degree","9","5","4","0","0","0","0","0","0","0","0","0","6","3","3","0","0","0","2","2","0","0","0","0","0","0","0","1","0","1","-2"
"228246","Southern Methodist University","2020","First major","'14'","Engineering","Bachelor's degree","173","108","65","0","0","0","15","8","7","7","5","2","22","13","9","0","0","0","106","62","44","7","7","0","0","0","0","16","13","3","-2"
"228246","Southern Methodist University","2020","First major","'14'","Engineering","Master's degree","173","122","51","1","1","0","12","8","4","10","7","3","26","17","9","0","0","0","65","43","22","3","1","2","0","0","0","56","45","11","-2"
"228246","Southern Methodist University","2020","First major","'14'","Engineering","Doctor's degree - research/scholarship","25","19","6","0","0","0","0","0","0","1","1","0","0","0","0","0","0","0","6","3","3","0","0","0","0","0","0","18","15","3","-2"
"228316","Southwest Texas Junior College","2020","First major","'14'","Engineering","Associate's degree","6","6","0","0","0","0","0","0","0","0","0","0","4","4","0","0","0","0","2","2","0","0","0","0","0","0","0","0","0","0","-2"
"228431","Stephen F Austin State University","2020","First major","'14'","Engineering","Bachelor's degree","18","16","2","0","0","0","0","0","0","1","1","0","5","4","1","0","0","0","11","10","1","1","1","0","0","0","0","0","0","0","-2"
"228459","Texas State University","2020","First major","'14'","Engineering","Bachelor's degree","160","130","30","0","0","0","6","5","1","12","6","6","69","57","12","0","0","0","62","51","11","8","8","0","0","0","0","3","3","0","-2"
"228459","Texas State University","2020","First major","'14'","Engineering","Master's degree","27","16","11","0","0","0","2","2","0","0","0","0","1","1","0","0","0","0","2","2","0","0","0","0","0","0","0","22","11","11","-2"
"228459","Texas State University","2020","First major","'14'","Engineering","Doctor's degree - research/scholarship","7","4","3","0","0","0","0","0","0","1","0","1","0","0","0","0","0","0","1","1","0","0","0","0","0","0","0","5","3","2","-2"
"228529","Tarleton State University","2020","First major","'14'","Engineering","Bachelor's degree","42","34","8","2","2","0","0","0","0","1","1","0","12","8","4","0","0","0","24","20","4","1","1","0","1","1","0","1","1","0","-2"
"228529","Tarleton State University","2020","Second major","'14'","Engineering","Bachelor's degree","1","1","0","0","0","0","0","0","0","0","0","0","0","0","0","0","0","0","1","1","0","0","0","0","0","0","0","0","0","0","-2"
"228547","Tarrant County College District","2020","First major","'14'","Engineering","Associate's degree","30","24","6","0","0","0","4","4","0","3","1","2","10","10","0","0","0","0","8","6","2","2","1","1","1","0","1","2","2","0","-2"
"228608","Temple College","2020","First major","'14'","Engineering","Associate's degree","0","0","0","0","0","0","0","0","0","0","0","0","0","0","0","0","0","0","0","0","0","0","0","0","0","0","0","0","0","0","-2"
"228635","University of Texas Southwestern Medical Center","2020","First major","'14'","Engineering","Master's degree","1","0","1","0","0","0","0","0","0","0","0","0","0","0","0","0","0","0","0","0","0","0","0","0","0","0","0","1","0","1","-2"
"228635","University of Texas Southwestern Medical Center","2020","First major","'14'","Engineering","Doctor's degree - research/scholarship","3","1","2","0","0","0","1","1","0","0","0","0","0","0","0","0","0","0","0","0","0","0","0","0","0","0","0","2","0","2","-2"
"228644","The University of Texas Health Science Center at San Antonio","2020","First major","'14'","Engineering","Master's degree","0","0","0","0","0","0","0","0","0","0","0","0","0","0","0","0","0","0","0","0","0","0","0","0","0","0","0","0","0","0","-2"
"228644","The University of Texas Health Science Center at San Antonio","2020","First major","'14'","Engineering","Doctor's degree - research/scholarship","3","3","0","0","0","0","0","0","0","0","0","0","0","0","0","0","0","0","0","0","0","0","0","0","1","1","0","2","2","0","-2"
"228699","Texarkana College","2020","First major","'14'","Engineering","Associate's degree","3","3","0","0","0","0","0","0","0","0","0","0","0","0","0","0","0","0","1","1","0","1","1","0","0","0","0","1","1","0","-2"
"228705","Texas A & M University-Kingsville","2020","First major","'14'","Engineering","Bachelor's degree","309","246","63","1","0","1","2","2","0","7","5","2","164","127","37","0","0","0","45","34","11","4","2","2","0","0","0","86","76","10","-2"
"228705","Texas A & M University-Kingsville","2020","First major","'14'","Engineering","Master's degree","114","92","22","0","0","0","2","1","1","2","2","0","7","4","3","0","0","0","6","5","1","0","0","0","2","2","0","95","78","17","-2"
"228705","Texas A & M University-Kingsville","2020","First major","'14'","Engineering","Doctor's degree - research/scholarship","13","10","3","0","0","0","0","0","0","0","0","0","1","0","1","0","0","0","1","1","0","0","0","0","0","0","0","11","9","2","-2"
"228723","Texas A & M University-College Station","2020","First major","'14'","Engineering","Bachelor's degree","2077","1529","548","4","4","0","241","180","61","47","33","14","443","326","117","3","1","2","1181","876","305","70","40","30","10","7","3","78","62","16","-2"
"228723","Texas A & M University-College Station","2020","First major","'14'","Engineering","Master's degree","760","609","151","0","0","0","34","26","8","10","7","3","37","28","9","0","0","0","172","133","39","8","7","1","7","4","3","492","404","88","-2"
"228723","Texas A & M University-College Station","2020","First major","'14'","Engineering","Doctor's degree - research/scholarship","260","200","60","0","0","0","12","12","0","2","2","0","8","7","1","0","0","0","43","32","11","1","0","1","13","9","4","181","138","43","-2"
"228723","Texas A & M University-College Station","2020","Second major","'14'","Engineering","Bachelor's degree","1","1","0","0","0","0","0","0","0","0","0","0","0","0","0","0","0","0","1","1","0","0","0","0","0","0","0","0","0","0","-2"
"228769","The University of Texas at Arlington","2020","First major","'14'","Engineering","Bachelor's degree","616","483","133","0","0","0","82","64","18","41","26","15","131","99","32","0","0","0","206","174","32","23","17","6","3","3","0","130","100","30","-2"
"228769","The University of Texas at Arlington","2020","First major","'14'","Engineering","Master's degree","555","461","94","0","0","0","24","17","7","12","9","3","28","23","5","0","0","0","60","51","9","3","3","0","2","2","0","426","356","70","-2"
"228769","The University of Texas at Arlington","2020","First major","'14'","Engineering","Doctor's degree - research/scholarship","85","69","16","0","0","0","3","1","2","2","1","1","0","0","0","0","0","0","7","6","1","1","0","1","1","1","0","71","60","11","-2"
"228778","The University of Texas at Austin","2020","First major","'14'","Engineering","Bachelor's degree","1378","978","400","2","2","0","444","317","127","30","19","11","210","144","66","2","1","1","531","375","156","51","37","14","27","22","5","81","61","20","-2"
"228778","The University of Texas at Austin","2020","First major","'14'","Engineering","Master's degree","361","274","87","0","0","0","41","28","13","2","1","1","23","19","4","0","0","0","109","81","28","12","7","5","7","3","4","167","135","32","-2"
"228778","The University of Texas at Austin","2020","First major","'14'","Engineering","Doctor's degree - research/scholarship","220","180","40","0","0","0","15","12","3","2","2","0","4","2","2","0","0","0","50","43","7","2","2","0","9","8","1","138","111","27","-2"
"228787","The University of Texas at Dallas","2020","First major","'14'","Engineering","Bachelor's degree","675","557","118","1","1","0","192","153","39","40","31","9","108","95","13","3","2","1","255","210","45","24","20","4","13","11","2","39","34","5","-2"
"228787","The University of Texas at Dallas","2020","First major","'14'","Engineering","Master's degree","297","206","91","0","0","0","29","21","8","10","9","1","15","11","4","0","0","0","56","42","14","1","1","0","3","3","0","183","119","64","-2"
"228787","The University of Texas at Dallas","2020","First major","'14'","Engineering","Doctor's degree - research/scholarship","74","59","15","0","0","0","5","4","1","1","1","0","5","3","2","0","0","0","10","10","0","0","0","0","3","2","1","50","39","11","-2"
"228796","The University of Texas at El Paso","2020","First major","'14'","Engineering","Bachelor's degree","513","397","116","0","0","0","2","1","1","4","2","2","357","264","93","0","0","0","18","12","6","0","0","0","3","2","1","129","116","13","-2"
"228796","The University of Texas at El Paso","2020","First major","'14'","Engineering","Master's degree","149","99","50","0","0","0","4","1","3","2","1","1","99","69","30","0","0","0","12","9","3","0","0","0","1","0","1","31","19","12","-2"
"228796","The University of Texas at El Paso","2020","First major","'14'","Engineering","Doctor's degree - research/scholarship","36","26","10","0","0","0","0","0","0","0","0","0","17","10","7","0","0","0","1","0","1","0","0","0","2","2","0","16","14","2","-2"
"228802","The University of Texas at Tyler","2020","First major","'14'","Engineering","Bachelor's degree","222","180","42","2","2","0","23","18","5","14","11","3","63","54","9","0","0","0","89","73","16","4","3","1","7","6","1","20","13","7","-2"
"228802","The University of Texas at Tyler","2020","First major","'14'","Engineering","Master's degree","18","15","3","0","0","0","1","1","0","1","1","0","5","2","3","0","0","0","6","6","0","0","0","0","1","1","0","4","4","0","-2"
"228875","Texas Christian University","2020","First major","'14'","Engineering","Bachelor's degree","55","41","14","1","1","0","3","1","2","2","2","0","8","8","0","0","0","0","38","27","11","0","0","0","0","0","0","3","2","1","-2"
"228981","Texas Lutheran University","2020","First major","'14'","Engineering","Bachelor's degree","0","0","0","0","0","0","0","0","0","0","0","0","0","0","0","0","0","0","0","0","0","0","0","0","0","0","0","0","0","0","-2"
"229018","The University of Texas Permian Basin","2020","First major","'14'","Engineering","Bachelor's degree","94","72","22","0","0","0","1","1","0","7","4","3","18","12","6","0","0","0","58","47","11","0","0","0","10","8","2","0","0","0","-2"
"229027","The University of Texas at San Antonio","2020","First major","'14'","Engineering","Bachelor's degree","471","393","78","1","1","0","31","24","7","25","17","8","241","206","35","0","0","0","130","109","21","16","15","1","7","6","1","20","15","5","-2"
"229027","The University of Texas at San Antonio","2020","First major","'14'","Engineering","Master's degree","97","76","21","1","1","0","8","6","2","2","2","0","19","15","4","0","0","0","35","28","7","3","2","1","4","2","2","25","20","5","-2"
"229027","The University of Texas at San Antonio","2020","First major","'14'","Engineering","Doctor's degree - research/scholarship","18","15","3","0","0","0","0","0","0","0","0","0","1","0","1","0","0","0","1","1","0","0","0","0","1","0","1","15","14","1","-2"
"229027","The University of Texas at San Antonio","2020","Second major","'14'","Engineering","Bachelor's degree","8","8","0","0","0","0","0","0","0","0","0","0","5","5","0","0","0","0","3","3","0","0","0","0","0","0","0","0","0","0","-2"
"229063","Texas Southern University","2020","First major","'14'","Engineering","Bachelor's degree","56","45","11","0","0","0","1","1","0","13","9","4","8","2","6","0","0","0","2","2","0","1","0","1","0","0","0","31","31","0","-2"
"229115","Texas Tech University","2020","First major","'14'","Engineering","Bachelor's degree","868","692","176","1","1","0","45","35","10","69","60","9","194","151","43","2","1","1","424","341","83","17","12","5","2","1","1","114","90","24","-2"
"229115","Texas Tech University","2020","First major","'14'","Engineering","Master's degree","159","114","45","0","0","0","21","14","7","4","3","1","26","21","5","0","0","0","55","38","17","6","4","2","0","0","0","47","34","13","-2"
"229115","Texas Tech University","2020","First major","'14'","Engineering","Doctor's degree - research/scholarship","53","41","12","0","0","0","3","2","1","1","1","0","2","0","2","0","0","0","9","8","1","0","0","0","0","0","0","38","30","8","-2"
"229115","Texas Tech University","2020","Second major","'14'","Engineering","Bachelor's degree","4","2","2","0","0","0","2","1","1","0","0","0","0","0","0","0","0","0","2","1","1","0","0","0","0","0","0","0","0","0","-2"
"229267","Trinity University","2020","First major","'14'","Engineering","Bachelor's degree","29","20","9","0","0","0","3","2","1","2","2","0","7","6","1","0","0","0","14","8","6","0","0","0","0","0","0","3","2","1","-2"
"229300","The University of Texas Health Science Center at Houston","2020","First major","'14'","Engineering","Master's degree","2","1","1","0","0","0","0","0","0","0","0","0","0","0","0","0","0","0","2","1","1","0","0","0","0","0","0","0","0","0","-2"
"229300","The University of Texas Health Science Center at Houston","2020","First major","'14'","Engineering","Doctor's degree - research/scholarship","3","3","0","0","0","0","0","0","0","0","0","0","1","1","0","0","0","0","1","1","0","0","0","0","1","1","0","0","0","0","-2"
"229355","Tyler Junior College","2020","First major","'14'","Engineering","Associate's degree","19","17","2","0","0","0","1","1","0","1","1","0","6","6","0","0","0","0","9","7","2","2","2","0","0","0","0","0","0","0","-2"
"229814","West Texas A & M University","2020","First major","'14'","Engineering","Bachelor's degree","63","51","12","0","0","0","5","4","1","1","1","0","22","19","3","0","0","0","30","22","8","1","1","0","1","1","0","3","3","0","-2"
"229814","West Texas A & M University","2020","First major","'14'","Engineering","Master's degree","6","5","1","0","0","0","0","0","0","0","0","0","3","3","0","0","0","0","3","2","1","0","0","0","0","0","0","0","0","0","-2"
"229832","Western Texas College","2020","First major","'14'","Engineering","Associate's degree","1","0","1","0","0","0","0","0","0","0","0","0","1","0","1","0","0","0","0","0","0","0","0","0","0","0","0","0","0","0","-2"
"229841","Wharton County Junior College","2020","First major","'14'","Engineering","Associate's degree","6","5","1","0","0","0","0","0","0","0","0","0","5","4","1","0","0","0","1","1","0","0","0","0","0","0","0","0","0","0","-2"
"230038","Brigham Young University-Provo","2020","First major","'14'","Engineering","Bachelor's degree","516","441","75","1","0","1","6","6","0","2","2","0","30","22","8","1","0","1","432","373","59","21","19","2","2","2","0","21","17","4","-2"
"230038","Brigham Young University-Provo","2020","First major","'14'","Engineering","Master's degree","84","75","9","0","0","0","3","1","2","0","0","0","2","1","1","0","0","0","73","68","5","1","1","0","1","1","0","4","3","1","-2"
"230038","Brigham Young University-Provo","2020","First major","'14'","Engineering","Doctor's degree - research/scholarship","29","24","5","0","0","0","0","0","0","0","0","0","0","0","0","0","0","0","23","21","2","0","0","0","0","0","0","6","3","3","-2"
"230171","Dixie State University","2020","First major","'14'","Engineering","Associate's degree","3","3","0","0","0","0","0","0","0","0","0","0","0","0","0","0","0","0","3","3","0","0","0","0","0","0","0","0","0","0","-2"
"230171","Dixie State University","2020","First major","'14'","Engineering","Bachelor's degree","0","0","0","0","0","0","0","0","0","0","0","0","0","0","0","0","0","0","0","0","0","0","0","0","0","0","0","0","0","0","-2"
"230597","Snow College","2020","First major","'14'","Engineering","Associate's degree","43","36","7","0","0","0","1","0","1","0","0","0","4","3","1","0","0","0","31","27","4","0","0","0","0","0","0","7","6","1","-2"
"230597","Snow College","2020","First major","'14'","Engineering","Bachelor's degree","8","8","0","0","0","0","0","0","0","0","0","0","0","0","0","0","0","0","7","7","0","0","0","0","0","0","0","1","1","0","-2"
"230603","Southern Utah University","2020","First major","'14'","Engineering","Associate's degree","1","1","0","0","0","0","0","0","0","0","0","0","0","0","0","0","0","0","1","1","0","0","0","0","0","0","0","0","0","0","-2"
"230603","Southern Utah University","2020","First major","'14'","Engineering","Bachelor's degree","14","12","2","0","0","0","1","0","1","0","0","0","1","1","0","1","1","0","10","9","1","0","0","0","0","0","0","1","1","0","-2"
"230728","Utah State University","2020","First major","'14'","Engineering","Associate's degree","0","0","0","0","0","0","0","0","0","0","0","0","0","0","0","0","0","0","0","0","0","0","0","0","0","0","0","0","0","0","-2"
"230728","Utah State University","2020","First major","'14'","Engineering","Bachelor's degree","301","255","46","0","0","0","1","1","0","1","1","0","13","11","2","2","2","0","276","234","42","5","3","2","3","3","0","0","0","0","-2"
"230728","Utah State University","2020","First major","'14'","Engineering","Master's degree","89","76","13","0","0","0","4","4","0","0","0","0","2","1","1","0","0","0","67","57","10","1","1","0","0","0","0","15","13","2","-2"
"230728","Utah State University","2020","First major","'14'","Engineering","Doctor's degree - research/scholarship","21","15","6","0","0","0","10","8","2","0","0","0","0","0","0","0","0","0","9","5","4","0","0","0","1","1","0","1","1","0","-2"
"230737","Utah Valley University","2020","First major","'14'","Engineering","Associate's degree","50","46","4","0","0","0","1","1","0","0","0","0","5","4","1","0","0","0","44","41","3","0","0","0","0","0","0","0","0","0","-2"
"230737","Utah Valley University","2020","First major","'14'","Engineering","Bachelor's degree","75","67","8","0","0","0","2","2","0","1","0","1","10","8","2","1","1","0","59","54","5","0","0","0","2","2","0","0","0","0","-2"
"230746","Salt Lake Community College","2020","First major","'14'","Engineering","Associate's degree","56","47","9","0","0","0","1","1","0","1","1","0","8","7","1","0","0","0","42","35","7","3","3","0","0","0","0","1","0","1","-2"
"230764","University of Utah","2020","First major","'14'","Engineering","Bachelor's degree","514","418","96","0","0","0","28","20","8","4","1","3","49","38","11","1","1","0","365","307","58","32","22","10","5","4","1","30","25","5","-2"
"230764","University of Utah","2020","First major","'14'","Engineering","Master's degree","224","184","40","0","0","0","14","10","4","1","1","0","12","12","0","1","1","0","137","113","24","7","7","0","9","8","1","43","32","11","-2"
"230764","University of Utah","2020","First major","'14'","Engineering","Doctor's degree - research/scholarship","67","55","12","0","0","0","3","2","1","0","0","0","1","1","0","0","0","0","21","14","7","0","0","0","2","2","0","40","36","4","-2"
"230782","Weber State University","2020","First major","'14'","Engineering","Associate's degree","28","26","2","0","0","0","1","1","0","1","1","0","2","2","0","0","0","0","21","20","1","1","1","0","1","1","0","1","0","1","-2"
"230782","Weber State University","2020","First major","'14'","Engineering","Bachelor's degree","30","29","1","0","0","0","0","0","0","0","0","0","4","4","0","0","0","0","23","22","1","1","1","0","1","1","0","1","1","0","-2"
"230782","Weber State University","2020","First major","'14'","Engineering","Master's degree","3","3","0","0","0","0","0","0","0","0","0","0","0","0","0","0","0","0","2","2","0","0","0","0","1","1","0","0","0","0","-2"
"230995","Norwich University","2020","First major","'14'","Engineering","Bachelor's degree","65","59","6","0","0","0","3","3","0","0","0","0","6","4","2","0","0","0","53","49","4","1","1","0","0","0","0","2","2","0","-2"
"230995","Norwich University","2020","First major","'14'","Engineering","Master's degree","29","27","2","0","0","0","1","1","0","6","6","0","3","3","0","0","0","0","17","15","2","2","2","0","0","0","0","0","0","0","-2"
"230995","Norwich University","2020","Second major","'14'","Engineering","Bachelor's degree","1","1","0","0","0","0","0","0","0","0","0","0","0","0","0","0","0","0","1","1","0","0","0","0","0","0","0","0","0","0","-2"
"231059","Saint Michael's College","2020","First major","'14'","Engineering","Bachelor's degree","4","2","2","0","0","0","0","0","0","0","0","0","0","0","0","0","0","0","3","1","2","0","0","0","0","0","0","1","1","0","-2"
"231165","Vermont Technical College","2020","First major","'14'","Engineering","Associate's degree","3","1","2","0","0","0","0","0","0","0","0","0","0","0","0","0","0","0","3","1","2","0","0","0","0","0","0","0","0","0","-2"
"231165","Vermont Technical College","2020","First major","'14'","Engineering","Bachelor's degree","11","11","0","0","0","0","0","0","0","0","0","0","0","0","0","0","0","0","11","11","0","0","0","0","0","0","0","0","0","0","-2"
"231165","Vermont Technical College","2020","First major","'14'","Engineering","Master's degree","1","1","0","0","0","0","0","0","0","0","0","0","0","0","0","0","0","0","1","1","0","0","0","0","0","0","0","0","0","0","-2"
"231174","University of Vermont","2020","First major","'14'","Engineering","Bachelor's degree","201","147","54","0","0","0","3","1","2","4","4","0","4","4","0","0","0","0","170","123","47","4","2","2","2","1","1","14","12","2","-2"
"231174","University of Vermont","2020","First major","'14'","Engineering","Master's degree","27","19","8","1","1","0","0","0","0","0","0","0","0","0","0","0","0","0","18","11","7","0","0","0","0","0","0","8","7","1","-2"
"231174","University of Vermont","2020","First major","'14'","Engineering","Doctor's degree - research/scholarship","4","3","1","0","0","0","0","0","0","0","0","0","0","0","0","0","0","0","2","2","0","0","0","0","0","0","0","2","1","1","-2"
"231697","Central Virginia Community College","2020","First major","'14'","Engineering","Associate's degree","9","9","0","0","0","0","0","0","0","2","2","0","0","0","0","0","0","0","6","6","0","0","0","0","1","1","0","0","0","0","-2"
"231712","Christopher Newport University","2020","First major","'14'","Engineering","Bachelor's degree","27","23","4","0","0","0","0","0","0","4","4","0","0","0","0","0","0","0","23","19","4","0","0","0","0","0","0","0","0","0","-2"
"231882","Danville Community College","2020","First major","'14'","Engineering","Associate's degree","2","2","0","0","0","0","0","0","0","0","0","0","0","0","0","0","0","0","1","1","0","0","0","0","0","0","0","1","1","0","-2"
"232043","Eastern Mennonite University","2020","First major","'14'","Engineering","Bachelor's degree","5","5","0","0","0","0","0","0","0","0","0","0","1","1","0","0","0","0","4","4","0","0","0","0","0","0","0","0","0","0","-2"
"232186","George Mason University","2020","First major","'14'","Engineering","Bachelor's degree","337","255","82","0","0","0","81","57","24","29","18","11","51","37","14","0","0","0","127","104","23","14","13","1","6","3","3","29","23","6","-2"
"232186","George Mason University","2020","First major","'14'","Engineering","Master's degree","158","109","49","0","0","0","20","13","7","12","7","5","11","7","4","0","0","0","61","47","14","2","2","0","1","1","0","51","32","19","-2"
"232186","George Mason University","2020","First major","'14'","Engineering","Doctor's degree - research/scholarship","15","9","6","0","0","0","3","2","1","1","0","1","1","1","0","0","0","0","3","3","0","0","0","0","0","0","0","7","3","4","-2"
"232186","George Mason University","2020","Second major","'14'","Engineering","Bachelor's degree","3","3","0","0","0","0","1","1","0","0","0","0","0","0","0","0","0","0","1","1","0","1","1","0","0","0","0","0","0","0","-2"
"232195","Germanna Community College","2020","First major","'14'","Engineering","Associate's degree","32","29","3","0","0","0","0","0","0","2","2","0","3","3","0","0","0","0","24","21","3","1","1","0","1","1","0","1","1","0","-2"
"232256","Hampden-Sydney College","2020","First major","'14'","Engineering","Bachelor's degree","5","5","0","0","0","0","0","0","0","0","0","0","0","0","0","0","0","0","5","5","0","0","0","0","0","0","0","0","0","0","-2"
"232256","Hampden-Sydney College","2020","Second major","'14'","Engineering","Bachelor's degree","3","3","0","0","0","0","0","0","0","0","0","0","0","0","0","0","0","0","3","3","0","0","0","0","0","0","0","0","0","0","-2"
"232265","Hampton University","2020","First major","'14'","Engineering","Bachelor's degree","24","15","9","0","0","0","0","0","0","22","13","9","1","1","0","0","0","0","0","0","0","0","0","0","0","0","0","1","1","0","-2"
"232414","J Sargeant Reynolds Community College","2020","First major","'14'","Engineering","Associate's degree","40","37","3","0","0","0","6","5","1","6","5","1","6","5","1","0","0","0","20","20","0","0","0","0","1","1","0","1","1","0","-2"
"232423","James Madison University","2020","First major","'14'","Engineering","Bachelor's degree","78","55","23","0","0","0","2","1","1","4","3","1","4","3","1","0","0","0","60","41","19","5","4","1","2","2","0","1","1","0","-2"
"232450","John Tyler Community College","2020","First major","'14'","Engineering","Associate's degree","28","26","2","0","0","0","3","3","0","2","2","0","2","2","0","1","1","0","19","17","2","0","0","0","1","1","0","0","0","0","-2"
"232557","Liberty University","2020","First major","'14'","Engineering","Bachelor's degree","80","72","8","0","0","0","1","1","0","5","4","1","1","1","0","0","0","0","49","46","3","0","0","0","14","10","4","10","10","0","-2"
"232937","Norfolk State University","2020","First major","'14'","Engineering","Bachelor's degree","11","8","3","0","0","0","1","1","0","9","7","2","0","0","0","0","0","0","0","0","0","1","0","1","0","0","0","0","0","0","-2"
"232937","Norfolk State University","2020","First major","'14'","Engineering","Master's degree","7","7","0","0","0","0","0","0","0","0","0","0","1","1","0","0","0","0","0","0","0","0","0","0","0","0","0","6","6","0","-2"
"232946","Northern Virginia Community College","2020","First major","'14'","Engineering","Associate's degree","183","148","35","1","1","0","43","29","14","22","19","3","36","32","4","1","1","0","51","47","4","9","8","1","4","3","1","16","8","8","-2"
"232982","Old Dominion University","2020","First major","'14'","Engineering","Bachelor's degree","306","242","64","1","1","0","25","18","7","30","19","11","37","26","11","2","2","0","178","144","34","11","10","1","7","7","0","15","15","0","-2"
"232982","Old Dominion University","2020","First major","'14'","Engineering","Master's degree","221","176","45","1","1","0","9","8","1","15","11","4","14","12","2","0","0","0","148","122","26","2","1","1","5","4","1","27","17","10","-2"
"232982","Old Dominion University","2020","First major","'14'","Engineering","Doctor's degree - research/scholarship","33","28","5","0","0","0","1","1","0","2","1","1","3","2","1","0","0","0","8","6","2","2","1","1","1","1","0","16","16","0","-2"
"232982","Old Dominion University","2020","First major","'14'","Engineering","Doctor's degree - professional practice","1","1","0","0","0","0","0","0","0","0","0","0","0","0","0","0","0","0","1","1","0","0","0","0","0","0","0","0","0","0","-2"
"233116","Piedmont Virginia Community College","2020","First major","'14'","Engineering","Associate's degree","10","6","4","0","0","0","1","0","1","0","0","0","0","0","0","0","0","0","7","6","1","2","0","2","0","0","0","0","0","0","-2"
"233295","Randolph-Macon College","2020","First major","'14'","Engineering","Bachelor's degree","11","10","1","0","0","0","0","0","0","1","1","0","0","0","0","0","0","0","10","9","1","0","0","0","0","0","0","0","0","0","-2"
"233301","Randolph College","2020","First major","'14'","Engineering","Bachelor's degree","2","1","1","0","0","0","0","0","0","0","0","0","0","0","0","0","0","0","2","1","1","0","0","0","0","0","0","0","0","0","-2"
"233718","Sweet Briar College","2020","First major","'14'","Engineering","Bachelor's degree","10","0","10","0","0","0","0","0","0","0","0","0","1","0","1","0","0","0","8","0","8","0","0","0","1","0","1","0","0","0","-2"
"233754","Thomas Nelson Community College","2020","First major","'14'","Engineering","Associate's degree","23","20","3","0","0","0","0","0","0","3","1","2","3","3","0","0","0","0","15","14","1","1","1","0","0","0","0","1","1","0","-2"
"233772","Tidewater Community College","2020","First major","'14'","Engineering","Associate's degree","99","75","24","1","1","0","9","7","2","11","6","5","8","6","2","0","0","0","60","49","11","6","4","2","1","1","0","3","1","2","-2"
"233897","The University of Virginia's College at Wise","2020","First major","'14'","Engineering","Bachelor's degree","6","6","0","0","0","0","1","1","0","0","0","0","0","0","0","0","0","0","4","4","0","0","0","0","1","1","0","0","0","0","-2"
"233897","The University of Virginia's College at Wise","2020","Second major","'14'","Engineering","Bachelor's degree","1","1","0","0","0","0","0","0","0","0","0","0","0","0","0","0","0","0","1","1","0","0","0","0","0","0","0","0","0","0","-2"
"233921","Virginia Polytechnic Institute and State University","2020","First major","'14'","Engineering","Bachelor's degree","1519","1158","361","1","1","0","155","106","49","36","26","10","80","63","17","0","0","0","967","746","221","58","43","15","33","22","11","189","151","38","-2"
"233921","Virginia Polytechnic Institute and State University","2020","First major","'14'","Engineering","Master's degree","394","271","123","1","1","0","25","20","5","9","4","5","14","6","8","0","0","0","144","99","45","9","5","4","2","2","0","190","134","56","-2"
"233921","Virginia Polytechnic Institute and State University","2020","First major","'14'","Engineering","Doctor's degree - research/scholarship","220","158","62","0","0","0","11","8","3","6","3","3","10","7","3","0","0","0","64","44","20","5","4","1","2","0","2","122","92","30","-2"
"233921","Virginia Polytechnic Institute and State University","2020","Second major","'14'","Engineering","Bachelor's degree","5","5","0","0","0","0","1","1","0","0","0","0","0","0","0","0","0","0","2","2","0","0","0","0","0","0","0","2","2","0","-2"
"233949","Virginia Western Community College","2020","First major","'14'","Engineering","Associate's degree","33","29","4","0","0","0","0","0","0","2","1","1","3","1","2","0","0","0","26","25","1","0","0","0","1","1","0","1","1","0","-2"
"234030","Virginia Commonwealth University","2020","First major","'14'","Engineering","Bachelor's degree","257","188","69","0","0","0","48","30","18","28","17","11","24","16","8","0","0","0","111","89","22","16","13","3","0","0","0","30","23","7","-2"
"234030","Virginia Commonwealth University","2020","First major","'14'","Engineering","Master's degree","56","46","10","0","0","0","2","1","1","5","5","0","3","3","0","0","0","0","38","31","7","2","1","1","0","0","0","6","5","1","-2"
"234030","Virginia Commonwealth University","2020","First major","'14'","Engineering","Doctor's degree - research/scholarship","31","21","10","0","0","0","2","0","2","0","0","0","0","0","0","0","0","0","14","8","6","2","1","1","0","0","0","13","12","1","-2"
"234030","Virginia Commonwealth University","2020","Second major","'14'","Engineering","Bachelor's degree","3","0","3","0","0","0","1","0","1","0","0","0","0","0","0","0","0","0","2","0","2","0","0","0","0","0","0","0","0","0","-2"
"234076","University of Virginia-Main Campus","2020","First major","'14'","Engineering","Bachelor's degree","490","307","183","0","0","0","86","52","34","17","11","6","30","16","14","0","0","0","281","183","98","28","14","14","33","20","13","15","11","4","-2"
"234076","University of Virginia-Main Campus","2020","First major","'14'","Engineering","Master's degree","146","107","39","0","0","0","10","7","3","5","2","3","9","7","2","0","0","0","63","48","15","1","1","0","3","2","1","55","40","15","-2"
"234076","University of Virginia-Main Campus","2020","First major","'14'","Engineering","Doctor's degree - research/scholarship","61","41","20","0","0","0","5","3","2","2","2","0","4","0","4","0","0","0","22","17","5","0","0","0","2","2","0","26","17","9","-2"
"234076","University of Virginia-Main Campus","2020","Second major","'14'","Engineering","Bachelor's degree","21","17","4","0","0","0","6","3","3","0","0","0","0","0","0","0","0","0","11","10","1","3","3","0","0","0","0","1","1","0","-2"
"234085","Virginia Military Institute","2020","First major","'14'","Engineering","Bachelor's degree","85","79","6","0","0","0","5","3","2","4","3","1","2","2","0","0","0","0","73","70","3","0","0","0","0","0","0","1","1","0","-2"
"234155","Virginia State University","2020","First major","'14'","Engineering","Bachelor's degree","25","22","3","0","0","0","0","0","0","18","15","3","0","0","0","0","0","0","0","0","0","0","0","0","0","0","0","7","7","0","-2"
"234207","Washington and Lee University","2020","First major","'14'","Engineering","Bachelor's degree","19","16","3","0","0","0","0","0","0","1","1","0","1","0","1","0","0","0","17","15","2","0","0","0","0","0","0","0","0","0","-2"
"234669","Bellevue College","2020","First major","'14'","Engineering","Associate's degree","32","25","7","0","0","0","7","7","0","0","0","0","1","1","0","0","0","0","12","8","4","3","1","2","2","1","1","7","7","0","-2"
"234711","Big Bend Community College","2020","First major","'14'","Engineering","Associate's degree","3","3","0","0","0","0","0","0","0","0","0","0","1","1","0","0","0","0","1","1","0","0","0","0","1","1","0","0","0","0","-2"
"234827","Central Washington University","2020","First major","'14'","Engineering","Bachelor's degree","0","0","0","0","0","0","0","0","0","0","0","0","0","0","0","0","0","0","0","0","0","0","0","0","0","0","0","0","0","0","-2"
"234845","Centralia College","2020","First major","'14'","Engineering","Associate's degree","2","2","0","0","0","0","0","0","0","0","0","0","0","0","0","0","0","0","2","2","0","0","0","0","0","0","0","0","0","0","-2"
"234933","Clark College","2020","First major","'14'","Engineering","Associate's degree","19","15","4","0","0","0","2","1","1","0","0","0","0","0","0","0","0","0","14","13","1","0","0","0","1","0","1","2","1","1","-2"
"235097","Eastern Washington University","2020","First major","'14'","Engineering","Bachelor's degree","116","109","7","1","1","0","9","7","2","0","0","0","6","6","0","0","0","0","67","62","5","3","3","0","2","2","0","28","28","0","-2"
"235103","Edmonds College","2020","First major","'14'","Engineering","Associate's degree","9","7","2","0","0","0","6","5","1","0","0","0","0","0","0","0","0","0","1","0","1","1","1","0","0","0","0","1","1","0","-2"
"235149","Everett Community College","2020","First major","'14'","Engineering","Associate's degree","17","14","3","0","0","0","0","0","0","0","0","0","3","1","2","0","0","0","11","10","1","1","1","0","1","1","0","1","1","0","-2"
"235316","Gonzaga University","2020","First major","'14'","Engineering","Bachelor's degree","150","122","28","1","1","0","5","4","1","0","0","0","5","3","2","0","0","0","127","105","22","6","5","1","3","3","0","3","1","2","-2"
"235316","Gonzaga University","2020","First major","'14'","Engineering","Master's degree","15","15","0","0","0","0","0","0","0","0","0","0","2","2","0","0","0","0","4","4","0","0","0","0","6","6","0","3","3","0","-2"
"235343","Green River College","2020","First major","'14'","Engineering","Associate's degree","39","30","9","0","0","0","3","2","1","0","0","0","2","1","1","0","0","0","11","7","4","1","1","0","6","6","0","16","13","3","-2"
"235699","Lake Washington Institute of Technology","2020","First major","'14'","Engineering","Associate's degree","5","5","0","0","0","0","1","1","0","0","0","0","0","0","0","0","0","0","2","2","0","0","0","0","2","2","0","0","0","0","-2"
"235750","Lower Columbia College","2020","First major","'14'","Engineering","Associate's degree","3","2","1","0","0","0","0","0","0","0","0","0","0","0","0","0","0","0","3","2","1","0","0","0","0","0","0","0","0","0","-2"
"236188","Olympic College","2020","First major","'14'","Engineering","Associate's degree","29","24","5","0","0","0","3","3","0","1","1","0","3","2","1","0","0","0","16","14","2","6","4","2","0","0","0","0","0","0","-2"
"236452","Saint Martin's University","2020","First major","'14'","Engineering","Bachelor's degree","62","53","9","1","1","0","3","2","1","0","0","0","7","3","4","0","0","0","31","28","3","5","5","0","2","2","0","13","12","1","-2"
"236452","Saint Martin's University","2020","First major","'14'","Engineering","Master's degree","8","6","2","0","0","0","2","1","1","0","0","0","1","1","0","0","0","0","4","3","1","0","0","0","0","0","0","1","1","0","-2"
"236504","South Seattle College","2020","First major","'14'","Engineering","Associate's degree","0","0","0","0","0","0","0","0","0","0","0","0","0","0","0","0","0","0","0","0","0","0","0","0","0","0","0","0","0","0","-2"
"236577","Seattle Pacific University","2020","First major","'14'","Engineering","Bachelor's degree","55","40","15","0","0","0","4","4","0","2","0","2","0","0","0","0","0","0","33","23","10","8","6","2","2","1","1","6","6","0","-2"
"236595","Seattle University","2020","First major","'14'","Engineering","Bachelor's degree","87","58","29","0","0","0","20","16","4","4","4","0","6","4","2","0","0","0","31","18","13","9","4","5","8","7","1","9","5","4","-2"
"236595","Seattle University","2020","First major","'14'","Engineering","Master's degree","12","9","3","0","0","0","1","1","0","1","1","0","1","0","1","0","0","0","2","1","1","0","0","0","3","3","0","4","3","1","-2"
"236610","Shoreline Community College","2020","First major","'14'","Engineering","Associate's degree","8","5","3","0","0","0","4","2","2","1","1","0","0","0","0","0","0","0","2","2","0","0","0","0","0","0","0","1","0","1","-2"
"236708","Spokane Falls Community College","2020","First major","'14'","Engineering","Associate's degree","8","7","1","1","1","0","0","0","0","0","0","0","0","0","0","0","0","0","7","6","1","0","0","0","0","0","0","0","0","0","-2"
"236753","Tacoma Community College","2020","First major","'14'","Engineering","Associate's degree","39","32","7","0","0","0","4","2","2","2","2","0","2","1","1","0","0","0","25","22","3","1","1","0","1","1","0","4","3","1","-2"
"236887","Walla Walla Community College","2020","First major","'14'","Engineering","Associate's degree","0","0","0","0","0","0","0","0","0","0","0","0","0","0","0","0","0","0","0","0","0","0","0","0","0","0","0","0","0","0","-2"
"236896","Walla Walla University","2020","First major","'14'","Engineering","Bachelor's degree","64","49","15","0","0","0","6","5","1","5","2","3","19","16","3","1","1","0","29","23","6","4","2","2","0","0","0","0","0","0","-2"
"236939","Washington State University","2020","First major","'14'","Engineering","Bachelor's degree","651","542","109","4","3","1","60","48","12","10","9","1","64","51","13","0","0","0","415","346","69","39","30","9","23","21","2","36","34","2","-2"
"236939","Washington State University","2020","First major","'14'","Engineering","Master's degree","101","79","22","0","0","0","6","2","4","2","2","0","5","5","0","0","0","0","30","22","8","2","2","0","1","0","1","55","46","9","-2"
"236939","Washington State University","2020","First major","'14'","Engineering","Doctor's degree - research/scholarship","92","68","24","0","0","0","1","1","0","0","0","0","1","1","0","0","0","0","15","12","3","0","0","0","4","4","0","71","50","21","-2"
"236948","University of Washington-Seattle Campus","2020","First major","'14'","Engineering","Bachelor's degree","931","682","249","2","2","0","224","154","70","21","18","3","48","38","10","4","3","1","410","295","115","55","39","16","15","9","6","152","124","28","-2"
"236948","University of Washington-Seattle Campus","2020","First major","'14'","Engineering","Master's degree","576","418","158","1","1","0","60","43","17","8","7","1","36","25","11","1","1","0","248","182","66","20","16","4","12","9","3","190","134","56","-2"
"236948","University of Washington-Seattle Campus","2020","First major","'14'","Engineering","Doctor's degree - research/scholarship","121","83","38","0","0","0","13","10","3","2","1","1","4","4","0","0","0","0","48","33","15","2","1","1","6","4","2","46","30","16","-2"
"237011","Western Washington University","2020","First major","'14'","Engineering","Bachelor's degree","83","76","7","0","0","0","4","4","0","1","1","0","7","6","1","0","0","0","60","55","5","9","8","1","1","1","0","1","1","0","-2"
"237039","Whatcom Community College","2020","First major","'14'","Engineering","Associate's degree","11","9","2","0","0","0","1","1","0","0","0","0","0","0","0","0","0","0","8","7","1","1","0","1","1","1","0","0","0","0","-2"
"237057","Whitman College","2020","First major","'14'","Engineering","Bachelor's degree","6","6","0","0","0","0","0","0","0","0","0","0","1","1","0","0","0","0","3","3","0","1","1","0","0","0","0","1","1","0","-2"
"237525","Marshall University","2020","First major","'14'","Engineering","Bachelor's degree","69","60","9","0","0","0","0","0","0","1","1","0","0","0","0","0","0","0","61","53","8","0","0","0","0","0","0","7","6","1","-2"
"237525","Marshall University","2020","First major","'14'","Engineering","Master's degree","26","19","7","0","0","0","1","0","1","0","0","0","0","0","0","0","0","0","3","2","1","0","0","0","0","0","0","22","17","5","-2"
"237701","Potomac State College of West Virginia University","2020","First major","'14'","Engineering","Associate's degree","9","9","0","0","0","0","0","0","0","0","0","0","0","0","0","0","0","0","8","8","0","1","1","0","0","0","0","0","0","0","-2"
"237792","Shepherd University","2020","First major","'14'","Engineering","Bachelor's degree","8","6","2","0","0","0","0","0","0","0","0","0","0","0","0","0","0","0","7","6","1","1","0","1","0","0","0","0","0","0","-2"
"237899","West Virginia State University","2020","First major","'14'","Engineering","Bachelor's degree","0","0","0","0","0","0","0","0","0","0","0","0","0","0","0","0","0","0","0","0","0","0","0","0","0","0","0","0","0","0","-2"
"237950","West Virginia University Institute of Technology","2020","First major","'14'","Engineering","Bachelor's degree","45","39","6","0","0","0","0","0","0","2","2","0","2","1","1","0","0","0","26","23","3","1","1","0","0","0","0","14","12","2","-2"
"238032","West Virginia University","2020","First major","'14'","Engineering","Bachelor's degree","721","589","132","1","1","0","16","7","9","15","13","2","15","13","2","0","0","0","516","414","102","12","8","4","3","3","0","143","130","13","-2"
"238032","West Virginia University","2020","First major","'14'","Engineering","Master's degree","69","52","17","1","0","1","1","0","1","3","2","1","4","3","1","0","0","0","37","31","6","1","1","0","0","0","0","22","15","7","-2"
"238032","West Virginia University","2020","First major","'14'","Engineering","Doctor's degree - research/scholarship","38","32","6","0","0","0","2","2","0","0","0","0","0","0","0","0","0","0","12","12","0","0","0","0","0","0","0","24","18","6","-2"
"238078","Wheeling University","2020","First major","'14'","Engineering","Bachelor's degree","4","3","1","0","0","0","0","0","0","1","1","0","0","0","0","0","0","0","3","2","1","0","0","0","0","0","0","0","0","0","-2"
"238333","Beloit College","2020","First major","'14'","Engineering","Bachelor's degree","2","2","0","0","0","0","0","0","0","0","0","0","0","0","0","0","0","0","1","1","0","0","0","0","0","0","0","1","1","0","-2"
"238458","Carroll University","2020","First major","'14'","Engineering","Bachelor's degree","3","3","0","0","0","0","0","0","0","0","0","0","0","0","0","0","0","0","3","3","0","0","0","0","0","0","0","0","0","0","-2"
"238458","Carroll University","2020","First major","'14'","Engineering","Master's degree","3","1","2","0","0","0","1","0","1","0","0","0","0","0","0","0","0","0","1","0","1","1","1","0","0","0","0","0","0","0","-2"
"238759","Gateway Technical College","2020","First major","'14'","Engineering","Associate's degree","9","7","2","0","0","0","1","0","1","0","0","0","1","1","0","0","0","0","7","6","1","0","0","0","0","0","0","0","0","0","-2"
"239105","Marquette University","2020","First major","'14'","Engineering","Bachelor's degree","257","189","68","0","0","0","17","12","5","4","4","0","23","16","7","0","0","0","198","147","51","8","5","3","0","0","0","7","5","2","-2"
"239105","Marquette University","2020","First major","'14'","Engineering","Master's degree","36","27","9","0","0","0","1","1","0","0","0","0","0","0","0","0","0","0","24","17","7","1","1","0","0","0","0","10","8","2","-2"
"239105","Marquette University","2020","First major","'14'","Engineering","Doctor's degree - research/scholarship","13","10","3","0","0","0","1","1","0","0","0","0","2","1","1","0","0","0","6","5","1","0","0","0","1","1","0","3","2","1","-2"
"239169","Medical College of Wisconsin","2020","First major","'14'","Engineering","Master's degree","0","0","0","0","0","0","0","0","0","0","0","0","0","0","0","0","0","0","0","0","0","0","0","0","0","0","0","0","0","0","-2"
"239169","Medical College of Wisconsin","2020","First major","'14'","Engineering","Doctor's degree - research/scholarship","2","2","0","0","0","0","0","0","0","0","0","0","0","0","0","0","0","0","1","1","0","0","0","0","0","0","0","1","1","0","-2"
"239318","Milwaukee School of Engineering","2020","First major","'14'","Engineering","Bachelor's degree","456","355","101","0","0","0","14","11","3","6","4","2","24","18","6","0","0","0","301","234","67","12","10","2","44","38","6","55","40","15","-2"
"239318","Milwaukee School of Engineering","2020","First major","'14'","Engineering","Master's degree","38","28","10","0","0","0","2","1","1","0","0","0","0","0","0","0","0","0","25","17","8","0","0","0","5","5","0","6","5","1","-2"
"239488","Northeast Wisconsin Technical College","2020","First major","'14'","Engineering","Associate's degree","0","0","0","0","0","0","0","0","0","0","0","0","0","0","0","0","0","0","0","0","0","0","0","0","0","0","0","0","0","0","-2"
"239512","Northland College","2020","First major","'14'","Engineering","Bachelor's degree","0","0","0","0","0","0","0","0","0","0","0","0","0","0","0","0","0","0","0","0","0","0","0","0","0","0","0","0","0","0","-2"
"240107","Viterbo University","2020","First major","'14'","Engineering","Bachelor's degree","0","0","0","0","0","0","0","0","0","0","0","0","0","0","0","0","0","0","0","0","0","0","0","0","0","0","0","0","0","0","-2"
"240268","University of Wisconsin-Eau Claire","2020","First major","'14'","Engineering","Bachelor's degree","7","5","2","0","0","0","1","1","0","0","0","0","1","1","0","0","0","0","4","3","1","0","0","0","0","0","0","1","0","1","-2"
"240329","University of Wisconsin-La Crosse","2020","First major","'14'","Engineering","Master's degree","11","9","2","0","0","0","0","0","0","0","0","0","0","0","0","0","0","0","3","3","0","0","0","0","0","0","0","8","6","2","-2"
"240417","University of Wisconsin-Stout","2020","First major","'14'","Engineering","Bachelor's degree","110","97","13","0","0","0","5","5","0","1","1","0","2","1","1","0","0","0","99","87","12","3","3","0","0","0","0","0","0","0","-2"
"240417","University of Wisconsin-Stout","2020","First major","'14'","Engineering","Master's degree","19","17","2","0","0","0","1","1","0","0","0","0","0","0","0","0","0","0","17","16","1","0","0","0","0","0","0","1","0","1","-2"
"240444","University of Wisconsin-Madison","2020","First major","'14'","Engineering","Bachelor's degree","920","676","244","0","0","0","45","24","21","7","6","1","39","26","13","2","2","0","675","507","168","30","23","7","6","4","2","116","84","32","-2"
"240444","University of Wisconsin-Madison","2020","First major","'14'","Engineering","Master's degree","367","268","99","0","0","0","23","16","7","8","6","2","14","7","7","1","1","0","197","147","50","5","4","1","11","7","4","108","80","28","-2"
"240444","University of Wisconsin-Madison","2020","First major","'14'","Engineering","Doctor's degree - research/scholarship","120","81","39","0","0","0","3","2","1","1","0","1","5","3","2","0","0","0","36","27","9","1","0","1","2","1","1","72","48","24","-2"
"240444","University of Wisconsin-Madison","2020","Second major","'14'","Engineering","Bachelor's degree","93","77","16","0","0","0","6","5","1","0","0","0","2","1","1","0","0","0","56","49","7","1","1","0","0","0","0","28","21","7","-2"
"240453","University of Wisconsin-Milwaukee","2020","First major","'14'","Engineering","Bachelor's degree","294","248","46","0","0","0","10","9","1","7","5","2","30","27","3","0","0","0","193","161","32","15","10","5","0","0","0","39","36","3","-2"
"240453","University of Wisconsin-Milwaukee","2020","First major","'14'","Engineering","Master's degree","59","46","13","0","0","0","2","0","2","0","0","0","3","3","0","0","0","0","21","17","4","1","1","0","0","0","0","32","25","7","-2"
"240453","University of Wisconsin-Milwaukee","2020","First major","'14'","Engineering","Doctor's degree - research/scholarship","21","15","6","0","0","0","0","0","0","0","0","0","0","0","0","0","0","0","6","5","1","0","0","0","1","0","1","14","10","4","-2"
"240453","University of Wisconsin-Milwaukee","2020","Second major","'14'","Engineering","Bachelor's degree","1","0","1","0","0","0","0","0","0","0","0","0","0","0","0","0","0","0","1","0","1","0","0","0","0","0","0","0","0","0","-2"
"240462","University of Wisconsin-Platteville","2020","First major","'14'","Engineering","Bachelor's degree","495","438","57","0","0","0","10","10","0","3","3","0","27","23","4","0","0","0","426","377","49","9","7","2","4","3","1","16","15","1","-2"
"240462","University of Wisconsin-Platteville","2020","First major","'14'","Engineering","Master's degree","59","55","4","0","0","0","5","5","0","7","7","0","1","1","0","1","1","0","43","39","4","0","0","0","2","2","0","0","0","0","-2"
"240462","University of Wisconsin-Platteville","2020","Second major","'14'","Engineering","Bachelor's degree","5","5","0","0","0","0","0","0","0","0","0","0","1","1","0","0","0","0","4","4","0","0","0","0","0","0","0","0","0","0","-2"
"240471","University of Wisconsin-River Falls","2020","First major","'14'","Engineering","Bachelor's degree","7","4","3","0","0","0","0","0","0","0","0","0","1","0","1","0","0","0","6","4","2","0","0","0","0","0","0","0","0","0","-2"
"240480","University of Wisconsin-Stevens Point","2020","First major","'14'","Engineering","Bachelor's degree","14","12","2","0","0","0","2","2","0","0","0","0","1","0","1","0","0","0","11","10","1","0","0","0","0","0","0","0","0","0","-2"
"240480","University of Wisconsin-Stevens Point","2020","Second major","'14'","Engineering","Bachelor's degree","10","8","2","0","0","0","2","2","0","0","0","0","1","0","1","0","0","0","7","6","1","0","0","0","0","0","0","0","0","0","-2"
"240505","Casper College","2020","First major","'14'","Engineering","Associate's degree","11","11","0","1","1","0","0","0","0","0","0","0","0","0","0","0","0","0","8","8","0","1","1","0","1","1","0","0","0","0","-2"
"240514","Central Wyoming College","2020","First major","'14'","Engineering","Associate's degree","2","2","0","0","0","0","0","0","0","0","0","0","0","0","0","0","0","0","2","2","0","0","0","0","0","0","0","0","0","0","-2"
"240620","Laramie County Community College","2020","First major","'14'","Engineering","Associate's degree","5","5","0","0","0","0","0","0","0","0","0","0","1","1","0","0","0","0","4","4","0","0","0","0","0","0","0","0","0","0","-2"
"240657","Northwest College","2020","First major","'14'","Engineering","Associate's degree","6","6","0","0","0","0","0","0","0","0","0","0","1","1","0","0","0","0","4","4","0","0","0","0","0","0","0","1","1","0","-2"
"240666","Northern Wyoming Community College District","2020","First major","'14'","Engineering","Associate's degree","4","3","1","0","0","0","0","0","0","0","0","0","1","0","1","0","0","0","3","3","0","0","0","0","0","0","0","0","0","0","-2"
"240693","Western Wyoming Community College","2020","First major","'14'","Engineering","Associate's degree","3","3","0","0","0","0","0","0","0","0","0","0","1","1","0","0","0","0","2","2","0","0","0","0","0","0","0","0","0","0","-2"
"240727","University of Wyoming","2020","First major","'14'","Engineering","Bachelor's degree","276","209","67","0","0","0","3","2","1","2","2","0","18","12","6","0","0","0","177","140","37","11","7","4","19","11","8","46","35","11","-2"
"240727","University of Wyoming","2020","First major","'14'","Engineering","Master's degree","34","30","4","0","0","0","0","0","0","0","0","0","0","0","0","0","0","0","18","16","2","0","0","0","2","1","1","14","13","1","-2"
"240727","University of Wyoming","2020","First major","'14'","Engineering","Doctor's degree - research/scholarship","23","20","3","0","0","0","0","0","0","0","0","0","0","0","0","0","0","0","4","2","2","0","0","0","2","2","0","17","16","1","-2"
"240727","University of Wyoming","2020","Second major","'14'","Engineering","Bachelor's degree","2","2","0","0","0","0","0","0","0","0","0","0","0","0","0","0","0","0","1","1","0","0","0","0","1","1","0","0","0","0","-2"
"240736","American Samoa Community College","2020","First major","'14'","Engineering","Associate's degree","12","8","4","0","0","0","0","0","0","0","0","0","0","0","0","12","8","4","0","0","0","0","0","0","0","0","0","0","0","0","-2"
"241377","Caribbean University-Bayamon","2020","First major","'14'","Engineering","Bachelor's degree","9","8","1","0","0","0","0","0","0","0","0","0","9","8","1","0","0","0","0","0","0","0","0","0","0","0","0","0","0","0","-2"
"242705","Inter American University of Puerto Rico-Bayamon","2020","First major","'14'","Engineering","Bachelor's degree","44","36","8","0","0","0","0","0","0","0","0","0","44","36","8","0","0","0","0","0","0","0","0","0","0","0","0","0","0","0","-2"
"243197","University of Puerto Rico-Mayaguez","2020","First major","'14'","Engineering","Bachelor's degree","462","336","126","0","0","0","0","0","0","0","0","0","444","322","122","0","0","0","0","0","0","0","0","0","18","14","4","0","0","0","-2"
"243197","University of Puerto Rico-Mayaguez","2020","First major","'14'","Engineering","Master's degree","56","42","14","0","0","0","0","0","0","0","0","0","35","25","10","0","0","0","0","0","0","0","0","0","3","3","0","18","14","4","-2"
"243197","University of Puerto Rico-Mayaguez","2020","First major","'14'","Engineering","Doctor's degree - research/scholarship","8","6","2","0","0","0","0","0","0","0","0","0","2","2","0","0","0","0","0","0","0","0","0","0","1","0","1","5","4","1","-2"
"243577","Universidad Politecnica de Puerto Rico","2020","First major","'14'","Engineering","Associate's degree","0","0","0","0","0","0","0","0","0","0","0","0","0","0","0","0","0","0","0","0","0","0","0","0","0","0","0","0","0","0","-2"
"243577","Universidad Politecnica de Puerto Rico","2020","First major","'14'","Engineering","Bachelor's degree","280","214","66","0","0","0","0","0","0","0","0","0","279","213","66","0","0","0","1","1","0","0","0","0","0","0","0","0","0","0","-2"
"243577","Universidad Politecnica de Puerto Rico","2020","First major","'14'","Engineering","Master's degree","40","29","11","0","0","0","0","0","0","0","0","0","40","29","11","0","0","0","0","0","0","0","0","0","0","0","0","0","0","0","-2"
"243577","Universidad Politecnica de Puerto Rico","2020","First major","'14'","Engineering","Doctor's degree - other","1","0","1","0","0","0","0","0","0","0","0","0","1","0","1","0","0","0","0","0","0","0","0","0","0","0","0","0","0","0","-2"
"243601","Universidad Ana G. Mendez-Gurabo Campus","2020","First major","'14'","Engineering","Bachelor's degree","92","78","14","0","0","0","0","0","0","0","0","0","92","78","14","0","0","0","0","0","0","0","0","0","0","0","0","0","0","0","-2"
"243601","Universidad Ana G. Mendez-Gurabo Campus","2020","First major","'14'","Engineering","Master's degree","6","4","2","0","0","0","0","0","0","0","0","0","6","4","2","0","0","0","0","0","0","0","0","0","0","0","0","0","0","0","-2"
"243744","Stanford University","2020","First major","'14'","Engineering","Bachelor's degree","284","138","146","0","0","0","47","21","26","23","12","11","57","40","17","0","0","0","100","44","56","28","10","18","2","1","1","27","10","17","-2"
"243744","Stanford University","2020","First major","'14'","Engineering","Master's degree","654","394","260","0","0","0","100","58","42","7","5","2","41","25","16","0","0","0","206","122","84","28","17","11","3","2","1","269","165","104","-2"
"243744","Stanford University","2020","First major","'14'","Engineering","Doctor's degree - research/scholarship","275","193","82","0","0","0","40","24","16","4","3","1","9","6","3","1","1","0","98","68","30","10","8","2","0","0","0","113","83","30","-2"
"243744","Stanford University","2020","Second major","'14'","Engineering","Bachelor's degree","2","2","0","0","0","0","0","0","0","0","0","0","0","0","0","0","0","0","2","2","0","0","0","0","0","0","0","0","0","0","-2"
"243780","Purdue University-Main Campus","2020","First major","'14'","Engineering","Bachelor's degree","2012","1493","519","2","2","0","209","156","53","39","24","15","87","68","19","1","1","0","1075","783","292","62","45","17","74","53","21","463","361","102","-2"
"243780","Purdue University-Main Campus","2020","First major","'14'","Engineering","Master's degree","773","564","209","0","0","0","50","40","10","6","4","2","20","11","9","0","0","0","286","214","72","10","8","2","4","4","0","397","283","114","-2"
"243780","Purdue University-Main Campus","2020","First major","'14'","Engineering","Doctor's degree - research/scholarship","354","272","82","0","0","0","12","10","2","4","2","2","9","4","5","0","0","0","65","51","14","1","0","1","7","5","2","256","200","56","-2"
"246354","Palo Alto College","2020","First major","'14'","Engineering","Associate's degree","3","3","0","0","0","0","0","0","0","0","0","0","3","3","0","0","0","0","0","0","0","0","0","0","0","0","0","0","0","0","-2"
"247834","Collin County Community College District","2020","First major","'14'","Engineering","Associate's degree","13","13","0","0","0","0","3","3","0","1","1","0","2","2","0","0","0","0","6","6","0","0","0","0","0","0","0","1","1","0","-2"
"262031","St Charles Community College","2020","First major","'14'","Engineering","Associate's degree","11","11","0","0","0","0","0","0","0","0","0","0","0","0","0","0","0","0","9","9","0","2","2","0","0","0","0","0","0","0","-2"
"363633","Luna Community College","2020","First major","'14'","Engineering","Associate's degree","0","0","0","0","0","0","0","0","0","0","0","0","0","0","0","0","0","0","0","0","0","0","0","0","0","0","0","0","0","0","-2"
"363907","Caribbean University-Ponce","2020","First major","'14'","Engineering","Bachelor's degree","6","4","2","0","0","0","0","0","0","0","0","0","6","4","2","0","0","0","0","0","0","0","0","0","0","0","0","0","0","0","-2"
"363934","University of Advancing Technology","2020","First major","'14'","Engineering","Master's degree","1","1","0","0","0","0","0","0","0","0","0","0","0","0","0","0","0","0","1","1","0","0","0","0","0","0","0","0","0","0","-2"
"366252","Pennsylvania College of Technology","2020","First major","'14'","Engineering","Associate's degree","29","26","3","0","0","0","0","0","0","3","2","1","0","0","0","0","0","0","25","23","2","1","1","0","0","0","0","0","0","0","-2"
"366252","Pennsylvania College of Technology","2020","First major","'14'","Engineering","Bachelor's degree","17","14","3","0","0","0","0","0","0","0","0","0","1","1","0","0","0","0","15","12","3","0","0","0","1","1","0","0","0","0","-2"
"366395","Suffolk County Community College","2020","First major","'14'","Engineering","Associate's degree","36","33","3","0","0","0","4","3","1","0","0","0","8","6","2","0","0","0","22","22","0","0","0","0","2","2","0","0","0","0","-2"
"366401","Las Positas College","2020","First major","'14'","Engineering","Associate's degree","0","0","0","0","0","0","0","0","0","0","0","0","0","0","0","0","0","0","0","0","0","0","0","0","0","0","0","0","0","0","-2"
"377555","University of Washington-Bothell Campus","2020","First major","'14'","Engineering","Bachelor's degree","149","139","10","0","0","0","47","44","3","7","7","0","11","10","1","0","0","0","62","58","4","7","6","1","2","1","1","13","13","0","-2"
"377555","University of Washington-Bothell Campus","2020","First major","'14'","Engineering","Master's degree","18","15","3","0","0","0","5","3","2","2","2","0","0","0","0","0","0","0","7","7","0","0","0","0","1","1","0","3","2","1","-2"
"377564","University of Washington-Tacoma Campus","2020","First major","'14'","Engineering","Bachelor's degree","27","25","2","0","0","0","5","5","0","2","2","0","0","0","0","0","0","0","16","16","0","2","1","1","0","0","0","2","1","1","-2"
"384342","Heartland Community College","2020","First major","'14'","Engineering","Associate's degree","2","1","1","0","0","0","0","0","0","0","0","0","0","0","0","0","0","0","2","1","1","0","0","0","0","0","0","0","0","0","-2"
"399869","Southern California Institute of Technology","2020","First major","'14'","Engineering","Bachelor's degree","75","75","0","1","1","0","15","15","0","4","4","0","28","28","0","2","2","0","22","22","0","0","0","0","3","3","0","0","0","0","-2"
"405872","Carroll Community College","2020","First major","'14'","Engineering","Associate's degree","5","4","1","0","0","0","0","0","0","0","0","0","0","0","0","0","0","0","4","4","0","0","0","0","1","0","1","0","0","0","-2"
"409315","South Texas College","2020","First major","'14'","Engineering","Associate's degree","83","63","20","0","0","0","2","2","0","0","0","0","78","59","19","0","0","0","1","1","0","1","0","1","1","1","0","0","0","0","-2"
"420398","Northwest Vista College","2020","First major","'14'","Engineering","Associate's degree","14","10","4","0","0","0","0","0","0","0","0","0","7","6","1","0","0","0","6","3","3","1","1","0","0","0","0","0","0","0","-2"
"426314","Embry-Riddle Aeronautical University-Worldwide","2020","First major","'14'","Engineering","Associate's degree","31","24","7","0","0","0","2","1","1","1","1","0","8","4","4","0","0","0","18","17","1","1","1","0","1","0","1","0","0","0","-2"
"426314","Embry-Riddle Aeronautical University-Worldwide","2020","First major","'14'","Engineering","Bachelor's degree","13","10","3","0","0","0","0","0","0","0","0","0","2","0","2","0","0","0","11","10","1","0","0","0","0","0","0","0","0","0","-2"
"426314","Embry-Riddle Aeronautical University-Worldwide","2020","First major","'14'","Engineering","Master's degree","113","87","26","1","1","0","3","3","0","12","9","3","17","11","6","1","1","0","62","48","14","5","4","1","10","9","1","2","1","1","-2"
"433660","Florida Gulf Coast University","2020","First major","'14'","Engineering","Bachelor's degree","181","136","45","0","0","0","6","2","4","5","4","1","36","26","10","0","0","0","111","89","22","10","4","6","4","4","0","9","7","2","-2"
"433660","Florida Gulf Coast University","2020","First major","'14'","Engineering","Master's degree","10","9","1","0","0","0","1","1","0","1","1","0","1","1","0","0","0","0","7","6","1","0","0","0","0","0","0","0","0","0","-2"
"434672","Community College of Baltimore County","2020","First major","'14'","Engineering","Associate's degree","23","21","2","0","0","0","3","3","0","3","3","0","1","1","0","0","0","0","11","11","0","0","0","0","0","0","0","5","3","2","-2"
"437103","Baton Rouge Community College","2020","First major","'14'","Engineering","Associate's degree","8","7","1","0","0","0","0","0","0","1","1","0","1","1","0","0","0","0","5","5","0","0","0","0","0","0","0","1","0","1","-2"
"438498","Stratford University","2020","First major","'14'","Engineering","Master's degree","15","10","5","0","0","0","0","0","0","2","2","0","1","0","1","0","0","0","2","2","0","0","0","0","0","0","0","10","6","4","-2"
"439190","Cascadia College","2020","First major","'14'","Engineering","Associate's degree","7","5","2","0","0","0","1","0","1","0","0","0","1","1","0","0","0","0","4","4","0","0","0","0","0","0","0","1","0","1","-2"
"440031","Keck Graduate Institute","2020","First major","'14'","Engineering","Master's degree","41","21","20","0","0","0","21","11","10","0","0","0","6","3","3","1","1","0","5","3","2","2","0","2","1","1","0","5","2","3","-2"
"441982","Franklin W Olin College of Engineering","2020","First major","'14'","Engineering","Bachelor's degree","90","49","41","0","0","0","8","3","5","1","1","0","7","4","3","0","0","0","55","29","26","7","5","2","6","2","4","6","5","1","-2"
"443128","International Technological University","2020","First major","'14'","Engineering","Master's degree","90","50","40","0","0","0","0","0","0","0","0","0","0","0","0","0","0","0","0","0","0","0","0","0","0","0","0","90","50","40","-2"
"443128","International Technological University","2020","First major","'14'","Engineering","Doctor's degree - research/scholarship","1","1","0","0","0","0","0","0","0","0","0","0","0","0","0","0","0","0","0","0","0","0","0","0","0","0","0","1","1","0","-2"
"443410","DigiPen Institute of Technology","2020","First major","'14'","Engineering","Bachelor's degree","11","10","1","0","0","0","0","0","0","0","0","0","1","1","0","0","0","0","2","2","0","2","2","0","5","4","1","1","1","0","-2"
"444219","Folsom Lake College","2020","First major","'14'","Engineering","Associate's degree","1","1","0","0","0","0","0","0","0","0","0","0","0","0","0","0","0","0","0","0","0","1","1","0","0","0","0","0","0","0","-2"
"445188","University of California-Merced","2020","First major","'14'","Engineering","Bachelor's degree","334","280","54","0","0","0","101","85","16","7","4","3","141","118","23","2","1","1","51","45","6","12","11","1","2","2","0","18","14","4","-2"
"445188","University of California-Merced","2020","First major","'14'","Engineering","Master's degree","17","16","1","0","0","0","2","2","0","0","0","0","3","3","0","0","0","0","1","1","0","0","0","0","0","0","0","11","10","1","-2"
"445188","University of California-Merced","2020","First major","'14'","Engineering","Doctor's degree - research/scholarship","14","10","4","0","0","0","1","1","0","1","1","0","1","1","0","0","0","0","2","1","1","1","0","1","0","0","0","8","6","2","-2"
"445188","University of California-Merced","2020","Second major","'14'","Engineering","Bachelor's degree","1","1","0","0","0","0","0","0","0","0","0","0","1","1","0","0","0","0","0","0","0","0","0","0","0","0","0","0","0","0","-2"
"446552","Southern Technical College","2020","First major","'14'","Engineering","Associate's degree","21","20","1","2","2","0","0","0","0","10","10","0","6","5","1","0","0","0","2","2","0","1","1","0","0","0","0","0","0","0","-2"
"448594","West Hills College-Lemoore","2020","First major","'14'","Engineering","Associate's degree","5","5","0","0","0","0","1","1","0","0","0","0","1","1","0","0","0","0","3","3","0","0","0","0","0","0","0","0","0","0","-2"
"448673","Rasmussen University-Illinois","2020","First major","'14'","Engineering","Associate's degree","5","5","0","0","0","0","0","0","0","0","0","0","0","0","0","0","0","0","5","5","0","0","0","0","0","0","0","0","0","0","-2"
"449339","American Public University System","2020","First major","'14'","Engineering","Bachelor's degree","5","5","0","0","0","0","0","0","0","2","2","0","0","0","0","0","0","0","2","2","0","0","0","0","1","1","0","0","0","0","-2"
"450571","Rasmussen University-Wisconsin","2020","First major","'14'","Engineering","Associate's degree","0","0","0","0","0","0","0","0","0","0","0","0","0","0","0","0","0","0","0","0","0","0","0","0","0","0","0","0","0","0","-2"
"455114","College of Western Idaho","2020","First major","'14'","Engineering","Associate's degree","12","11","1","0","0","0","0","0","0","0","0","0","3","2","1","0","0","0","9","9","0","0","0","0","0","0","0","0","0","0","-2"
"456481","Polytechnic University of Puerto Rico-Miami","2020","First major","'14'","Engineering","Master's degree","17","9","8","0","0","0","0","0","0","0","0","0","17","9","8","0","0","0","0","0","0","0","0","0","0","0","0","0","0","0","-2"
"456490","Polytechnic University of Puerto Rico-Orlando","2020","First major","'14'","Engineering","Bachelor's degree","18","15","3","0","0","0","0","0","0","0","0","0","17","14","3","0","0","0","1","1","0","0","0","0","0","0","0","0","0","0","-2"
"460376","Fairfax University of America","2020","First major","'14'","Engineering","Master's degree","2","1","1","0","0","0","0","0","0","0","0","0","0","0","0","0","0","0","0","0","0","0","0","0","0","0","0","2","1","1","-2"
"460464","Norco College","2020","First major","'14'","Engineering","Associate's degree","35","22","13","0","0","0","7","3","4","1","0","1","15","10","5","0","0","0","12","9","3","0","0","0","0","0","0","0","0","0","-2"
"464226","Ottawa University-Surprise","2020","First major","'14'","Engineering","Bachelor's degree","0","0","0","0","0","0","0","0","0","0","0","0","0","0","0","0","0","0","0","0","0","0","0","0","0","0","0","0","0","0","-2"
"480657","Rasmussen University-Kansas","2020","First major","'14'","Engineering","Associate's degree","0","0","0","0","0","0","0","0","0","0","0","0","0","0","0","0","0","0","0","0","0","0","0","0","0","0","0","0","0","0","-2"
"482422","DeVry University-Arizona","2020","First major","'14'","Engineering","Bachelor's degree","0","0","0","0","0","0","0","0","0","0","0","0","0","0","0","0","0","0","0","0","0","0","0","0","0","0","0","0","0","0","-2"
"482431","DeVry University-California","2020","First major","'14'","Engineering","Bachelor's degree","0","0","0","0","0","0","0","0","0","0","0","0","0","0","0","0","0","0","0","0","0","0","0","0","0","0","0","0","0","0","-2"
"482459","DeVry University-Florida","2020","First major","'14'","Engineering","Bachelor's degree","0","0","0","0","0","0","0","0","0","0","0","0","0","0","0","0","0","0","0","0","0","0","0","0","0","0","0","0","0","0","-2"
"482468","DeVry University-Georgia","2020","First major","'14'","Engineering","Bachelor's degree","0","0","0","0","0","0","0","0","0","0","0","0","0","0","0","0","0","0","0","0","0","0","0","0","0","0","0","0","0","0","-2"
"482477","DeVry University-Illinois","2020","First major","'14'","Engineering","Bachelor's degree","4","3","1","0","0","0","0","0","0","0","0","0","1","1","0","0","0","0","1","1","0","2","1","1","0","0","0","0","0","0","-2"
"482477","DeVry University-Illinois","2020","First major","'14'","Engineering","Master's degree","0","0","0","0","0","0","0","0","0","0","0","0","0","0","0","0","0","0","0","0","0","0","0","0","0","0","0","0","0","0","-2"
"482574","DeVry University-Ohio","2020","First major","'14'","Engineering","Bachelor's degree","0","0","0","0","0","0","0","0","0","0","0","0","0","0","0","0","0","0","0","0","0","0","0","0","0","0","0","0","0","0","-2"
"482608","DeVry University-Pennsylvania","2020","First major","'14'","Engineering","Bachelor's degree","0","0","0","0","0","0","0","0","0","0","0","0","0","0","0","0","0","0","0","0","0","0","0","0","0","0","0","0","0","0","-2"
"482635","DeVry University-Texas","2020","First major","'14'","Engineering","Bachelor's degree","0","0","0","0","0","0","0","0","0","0","0","0","0","0","0","0","0","0","0","0","0","0","0","0","0","0","0","0","0","0","-2"
"482653","DeVry University-Virginia","2020","First major","'14'","Engineering","Bachelor's degree","0","0","0","0","0","0","0","0","0","0","0","0","0","0","0","0","0","0","0","0","0","0","0","0","0","0","0","0","0","0","-2"
"482705","Northeastern University Lifelong Learning Network","2020","First major","'14'","Engineering","Master's degree","111","55","56","0","0","0","1","0","1","0","0","0","0","0","0","0","0","0","0","0","0","0","0","0","0","0","0","110","55","55","-2"
"482936","Florida Polytechnic University","2020","First major","'14'","Engineering","Bachelor's degree","120","110","10","0","0","0","4","3","1","5","5","0","25","21","4","1","1","0","73","68","5","4","4","0","2","2","0","6","6","0","-2"
"482936","Florida Polytechnic University","2020","First major","'14'","Engineering","Master's degree","6","6","0","0","0","0","0","0","0","0","0","0","2","2","0","0","0","0","1","1","0","1","1","0","0","0","0","2","2","0","-2"
"483124","Arizona State University Digital Immersion","2020","First major","'14'","Engineering","Bachelor's degree","175","145","30","0","0","0","10","8","2","3","3","0","28","22","6","1","0","1","125","105","20","6","5","1","2","2","0","0","0","0","-2"
"483124","Arizona State University Digital Immersion","2020","First major","'14'","Engineering","Master's degree","113","96","17","1","1","0","9","6","3","8","7","1","14","11","3","0","0","0","72","62","10","4","4","0","5","5","0","0","0","0","-2"
"484473","University of Florida-Online","2020","First major","'14'","Engineering","Bachelor's degree","0","0","0","0","0","0","0","0","0","0","0","0","0","0","0","0","0","0","0","0","0","0","0","0","0","0","0","0","0","0","-2"
"485768","Atlantis University","2020","First major","'14'","Engineering","Bachelor's degree","2","2","0","0","0","0","0","0","0","0","0","0","1","1","0","0","0","0","0","0","0","0","0","0","0","0","0","1","1","0","-2"
"485768","Atlantis University","2020","First major","'14'","Engineering","Master's degree","2","2","0","0","0","0","0","0","0","1","1","0","0","0","0","0","0","0","0","0","0","0","0","0","0","0","0","1","1","0","-2"
"486840","Kennesaw State University","2020","First major","'14'","Engineering","Bachelor's degree","625","533","92","0","0","0","54","44","10","116","90","26","61","55","6","0","0","0","332","291","41","23","19","4","9","9","0","30","25","5","-2"
"486840","Kennesaw State University","2020","First major","'14'","Engineering","Master's degree","68","50","18","0","0","0","12","9","3","17","12","5","2","0","2","0","0","0","26","22","4","4","2","2","0","0","0","7","5","2","-2"
"486901","Milligan University","2020","First major","'14'","Engineering","Bachelor's degree","13","11","2","0","0","0","0","0","0","0","0","0","0","0","0","0","0","0","12","10","2","0","0","0","0","0","0","1","1","0","-2"
"487010","The University of Tennessee Health Science Center","2020","First major","'14'","Engineering","Master's degree","2","2","0","0","0","0","0","0","0","0","0","0","0","0","0","0","0","0","2","2","0","0","0","0","0","0","0","0","0","0","-2"
"487010","The University of Tennessee Health Science Center","2020","First major","'14'","Engineering","Doctor's degree - research/scholarship","1","0","1","0","0","0","1","0","1","0","0","0","0","0","0","0","0","0","0","0","0","0","0","0","0","0","0","0","0","0","-2"
"487320","Texas State Technical College","2020","First major","'14'","Engineering","Associate's degree","8","5","3","0","0","0","0","0","0","0","0","0","6","4","2","0","0","0","1","1","0","0","0","0","1","0","1","0","0","0","-2"
"489201","Clovis Community College","2020","First major","'14'","Engineering","Associate's degree","11","10","1","0","0","0","1","1","0","0","0","0","7","6","1","0","0","0","3","3","0","0","0","0","0","0","0","0","0","0","-2"
"490373","Western Michigan University Homer Stryker M.D. School of Medicine","2020","First major","'14'","Engineering","Master's degree","1","1","0","0","0","0","0","0","0","0","0","0","0","0","0","0","0","0","1","1","0","0","0","0","0","0","0","0","0","0","-2"
"490805","Purdue University Northwest","2020","First major","'14'","Engineering","Bachelor's degree","141","117","24","1","1","0","6","5","1","8","6","2","20","17","3","0","0","0","86","71","15","3","3","0","3","3","0","14","11","3","-2"
"490805","Purdue University Northwest","2020","First major","'14'","Engineering","Master's degree","58","46","12","0","0","0","1","1","0","0","0","0","2","2","0","0","0","0","11","10","1","0","0","0","1","0","1","43","33","10","-2"
"492962","Indiana Institute of Technology-College of Professional Studies","2020","First major","'14'","Engineering","Associate's degree","11","8","3","0","0","0","0","0","0","0","0","0","0","0","0","0","0","0","9","6","3","0","0","0","1","1","0","1","1","0","-2"
"492962","Indiana Institute of Technology-College of Professional Studies","2020","First major","'14'","Engineering","Bachelor's degree","20","18","2","0","0","0","0","0","0","1","1","0","1","1","0","0","0","0","12","11","1","0","0","0","6","5","1","0","0","0","-2"
"495767","The Pennsylvania State University","2020","First major","'14'","Engineering","Associate's degree","0","0","0","0","0","0","0","0","0","0","0","0","0","0","0","0","0","0","0","0","0","0","0","0","0","0","0","0","0","0","-2"
"495767","The Pennsylvania State University","2020","First major","'14'","Engineering","Bachelor's degree","2478","1978","500","1","1","0","162","123","39","53","41","12","91","65","26","1","1","0","1648","1348","300","60","48","12","46","30","16","416","321","95","-2"
"495767","The Pennsylvania State University","2020","First major","'14'","Engineering","Master's degree","551","416","135","0","0","0","20","14","6","19","13","6","27","20","7","1","1","0","275","207","68","25","21","4","8","8","0","176","132","44","-2"
"495767","The Pennsylvania State University","2020","First major","'14'","Engineering","Doctor's degree - research/scholarship","175","139","36","0","0","0","3","2","1","1","0","1","5","1","4","0","0","0","40","36","4","0","0","0","5","3","2","121","97","24","-2"
